timestamp,_header,_orientation,_orientation_covariance,_angular_velocity,_angular_velocity_covariance,_linear_acceleration,_linear_acceleration_covariance,_check_fields
1731182645719757186,"std_msgs.msg.Header(stamp=builtin_interfaces.msg.Time(sec=1731182645, nanosec=719436019), frame_id='RL_myo')","geometry_msgs.msg.Quaternion(x=0.8335008227279563, y=0.3197649978230641, z=-0.3782370092593106, w=-0.24487443620273586)",[0. 0. 0. 0. 0. 0. 0. 0. 0.],"geometry_msgs.msg.Vector3(x=2.1875, y=1.875, z=2.0)",[0. 0. 0. 0. 0. 0. 0. 0. 0.],"geometry_msgs.msg.Vector3(x=0.43359375, y=0.65673828125, z=0.490234375)",[0. 0. 0. 0. 0. 0. 0. 0. 0.],False
1731182645755010864,"std_msgs.msg.Header(stamp=builtin_interfaces.msg.Time(sec=1731182645, nanosec=754553487), frame_id='RL_myo')","geometry_msgs.msg.Quaternion(x=0.8336938724717599, y=0.3198908840782263, z=-0.37805841174976795, w=-0.24432803071267695)",[0. 0. 0. 0. 0. 0. 0. 0. 0.],"geometry_msgs.msg.Vector3(x=1.75, y=1.9375, z=2.25)",[0. 0. 0. 0. 0. 0. 0. 0. 0.],"geometry_msgs.msg.Vector3(x=0.431640625, y=0.65966796875, z=0.478515625)",[0. 0. 0. 0. 0. 0. 0. 0. 0.],False
1731182645765026755,"std_msgs.msg.Header(stamp=builtin_interfaces.msg.Time(sec=1731182645, nanosec=764568550), frame_id='RL_myo')","geometry_msgs.msg.Quaternion(x=0.8339768037488863, y=0.3198823498571365, z=-0.37768211809119645, w=-0.24395530478515062)",[0. 0. 0. 0. 0. 0. 0. 0. 0.],"geometry_msgs.msg.Vector3(x=0.1875, y=2.375, z=1.5625)",[0. 0. 0. 0. 0. 0. 0. 0. 0.],"geometry_msgs.msg.Vector3(x=0.43115234375, y=0.6572265625, z=0.4814453125)",[0. 0. 0. 0. 0. 0. 0. 0. 0.],False
1731182645783734524,"std_msgs.msg.Header(stamp=builtin_interfaces.msg.Time(sec=1731182645, nanosec=783341595), frame_id='RL_myo')","geometry_msgs.msg.Quaternion(x=0.8342592870948408, y=0.3197139410157138, z=-0.37727221638375846, w=-0.24384444336727312)",[0. 0. 0. 0. 0. 0. 0. 0. 0.],"geometry_msgs.msg.Vector3(x=-1.0, y=2.25, z=0.5625)",[0. 0. 0. 0. 0. 0. 0. 0. 0.],"geometry_msgs.msg.Vector3(x=0.4365234375, y=0.65625, z=0.4794921875)",[0. 0. 0. 0. 0. 0. 0. 0. 0.],False
1731182645798770623,"std_msgs.msg.Header(stamp=builtin_interfaces.msg.Time(sec=1731182645, nanosec=798263636), frame_id='RL_myo')","geometry_msgs.msg.Quaternion(x=0.8345031569156656, y=0.31953072165400154, z=-0.37696690294844576, w=-0.24372228683179145)",[0. 0. 0. 0. 0. 0. 0. 0. 0.],"geometry_msgs.msg.Vector3(x=-0.5625, y=1.9375, z=-0.1875)",[0. 0. 0. 0. 0. 0. 0. 0. 0.],"geometry_msgs.msg.Vector3(x=0.44482421875, y=0.6533203125, z=0.4814453125)",[0. 0. 0. 0. 0. 0. 0. 0. 0.],False
1731182645832550114,"std_msgs.msg.Header(stamp=builtin_interfaces.msg.Time(sec=1731182645, nanosec=832006545), frame_id='RL_myo')","geometry_msgs.msg.Quaternion(x=0.8345783229625884, y=0.31965820795400246, z=-0.376729131084992, w=-0.24366537448011796)",[0. 0. 0. 0. 0. 0. 0. 0. 0.],"geometry_msgs.msg.Vector3(x=0.75, y=1.625, z=-0.8125)",[0. 0. 0. 0. 0. 0. 0. 0. 0.],"geometry_msgs.msg.Vector3(x=0.4443359375, y=0.65625, z=0.47802734375)",[0. 0. 0. 0. 0. 0. 0. 0. 0.],False
1731182645836527208,"std_msgs.msg.Header(stamp=builtin_interfaces.msg.Time(sec=1731182645, nanosec=835984703), frame_id='RL_myo')","geometry_msgs.msg.Quaternion(x=0.834455400653047, y=0.3201227747531621, z=-0.3765791268306978, w=-0.24370833929254074)",[0. 0. 0. 0. 0. 0. 0. 0. 0.],"geometry_msgs.msg.Vector3(x=1.8125, y=0.9375, z=-1.375)",[0. 0. 0. 0. 0. 0. 0. 0. 0.],"geometry_msgs.msg.Vector3(x=0.43603515625, y=0.6708984375, z=0.47412109375)",[0. 0. 0. 0. 0. 0. 0. 0. 0.],False
1731182645866312179,"std_msgs.msg.Header(stamp=builtin_interfaces.msg.Time(sec=1731182645, nanosec=865866849), frame_id='RL_myo')","geometry_msgs.msg.Quaternion(x=0.8342613695211333, y=0.32056926490525256, z=-0.37654070738775763, w=-0.24384505203664963)",[0. 0. 0. 0. 0. 0. 0. 0. 0.],"geometry_msgs.msg.Vector3(x=1.5, y=0.0625, z=-1.4375)",[0. 0. 0. 0. 0. 0. 0. 0. 0.],"geometry_msgs.msg.Vector3(x=0.43115234375, y=0.68017578125, z=0.4716796875)",[0. 0. 0. 0. 0. 0. 0. 0. 0.],False
1731182645890975741,"std_msgs.msg.Header(stamp=builtin_interfaces.msg.Time(sec=1731182645, nanosec=890410730), frame_id='RL_myo')","geometry_msgs.msg.Quaternion(x=0.8339914881872201, y=0.3209866244420807, z=-0.37659012603301734, w=-0.24414270731476)",[0. 0. 0. 0. 0. 0. 0. 0. 0.],"geometry_msgs.msg.Vector3(x=0.875, y=-1.375, z=-1.375)",[0. 0. 0. 0. 0. 0. 0. 0. 0.],"geometry_msgs.msg.Vector3(x=0.42578125, y=0.69091796875, z=0.4716796875)",[0. 0. 0. 0. 0. 0. 0. 0. 0.],False
1731182645896098500,"std_msgs.msg.Header(stamp=builtin_interfaces.msg.Time(sec=1731182645, nanosec=895736953), frame_id='RL_myo')","geometry_msgs.msg.Quaternion(x=0.833694270022255, y=0.32123383433099995, z=-0.37683786683632786, w=-0.2444502197407666)",[0. 0. 0. 0. 0. 0. 0. 0. 0.],"geometry_msgs.msg.Vector3(x=0.375, y=-2.25, z=-0.9375)",[0. 0. 0. 0. 0. 0. 0. 0. 0.],"geometry_msgs.msg.Vector3(x=0.43017578125, y=0.68994140625, z=0.46630859375)",[0. 0. 0. 0. 0. 0. 0. 0. 0.],False
1731182645918802726,"std_msgs.msg.Header(stamp=builtin_interfaces.msg.Time(sec=1731182645, nanosec=918361584), frame_id='RL_myo')","geometry_msgs.msg.Quaternion(x=0.8332759644182391, y=0.32160350545851907, z=-0.3772081350794549, w=-0.24481906631127726)",[0. 0. 0. 0. 0. 0. 0. 0. 0.],"geometry_msgs.msg.Vector3(x=0.1875, y=-2.5, z=-1.0625)",[0. 0. 0. 0. 0. 0. 0. 0. 0.],"geometry_msgs.msg.Vector3(x=0.42626953125, y=0.6962890625, z=0.45263671875)",[0. 0. 0. 0. 0. 0. 0. 0. 0.],False
1731182645941192544,"std_msgs.msg.Header(stamp=builtin_interfaces.msg.Time(sec=1731182645, nanosec=940817550), frame_id='RL_myo')","geometry_msgs.msg.Quaternion(x=0.8328599864060124, y=0.32203512556087366, z=-0.3775184328267634, w=-0.2451886086766546)",[0. 0. 0. 0. 0. 0. 0. 0. 0.],"geometry_msgs.msg.Vector3(x=0.1875, y=-2.25, z=-1.125)",[0. 0. 0. 0. 0. 0. 0. 0. 0.],"geometry_msgs.msg.Vector3(x=0.42529296875, y=0.69677734375, z=0.44921875)",[0. 0. 0. 0. 0. 0. 0. 0. 0.],False
1731182645957805586,"std_msgs.msg.Header(stamp=builtin_interfaces.msg.Time(sec=1731182645, nanosec=957406184), frame_id='RL_myo')","geometry_msgs.msg.Quaternion(x=0.8324719026871543, y=0.3223928873079807, z=-0.37787473785000164, w=-0.24548735190319926)",[0. 0. 0. 0. 0. 0. 0. 0. 0.],"geometry_msgs.msg.Vector3(x=0.5625, y=-2.0625, z=-0.875)",[0. 0. 0. 0. 0. 0. 0. 0. 0.],"geometry_msgs.msg.Vector3(x=0.4287109375, y=0.69482421875, z=0.45263671875)",[0. 0. 0. 0. 0. 0. 0. 0. 0.],False
1731182646003359356,"std_msgs.msg.Header(stamp=builtin_interfaces.msg.Time(sec=1731182646, nanosec=2852928), frame_id='RL_myo')","geometry_msgs.msg.Quaternion(x=0.8322132099324114, y=0.3226924269096193, z=-0.3781122724995445, w=-0.245605130676056)",[0. 0. 0. 0. 0. 0. 0. 0. 0.],"geometry_msgs.msg.Vector3(x=0.8125, y=-1.625, z=-0.0625)",[0. 0. 0. 0. 0. 0. 0. 0. 0.],"geometry_msgs.msg.Vector3(x=0.4287109375, y=0.69189453125, z=0.45751953125)",[0. 0. 0. 0. 0. 0. 0. 0. 0.],False
1731182646005611946,"std_msgs.msg.Header(stamp=builtin_interfaces.msg.Time(sec=1731182646, nanosec=5277832), frame_id='RL_myo')","geometry_msgs.msg.Quaternion(x=0.8320489645393646, y=0.3230049237340315, z=-0.3782429161715407, w=-0.24554966141005458)",[0. 0. 0. 0. 0. 0. 0. 0. 0.],"geometry_msgs.msg.Vector3(x=1.125, y=-0.75, z=0.8125)",[0. 0. 0. 0. 0. 0. 0. 0. 0.],"geometry_msgs.msg.Vector3(x=0.4267578125, y=0.689453125, z=0.46630859375)",[0. 0. 0. 0. 0. 0. 0. 0. 0.],False
1731182646016169158,"std_msgs.msg.Header(stamp=builtin_interfaces.msg.Time(sec=1731182646, nanosec=15792961), frame_id='RL_myo')","geometry_msgs.msg.Quaternion(x=0.8319080237244172, y=0.3233027734165985, z=-0.37853951306961375, w=-0.24517788197365986)",[0. 0. 0. 0. 0. 0. 0. 0. 0.],"geometry_msgs.msg.Vector3(x=2.625, y=-0.6875, z=1.75)",[0. 0. 0. 0. 0. 0. 0. 0. 0.],"geometry_msgs.msg.Vector3(x=0.4345703125, y=0.6767578125, z=0.46826171875)",[0. 0. 0. 0. 0. 0. 0. 0. 0.],False
1731182646046488952,"std_msgs.msg.Header(stamp=builtin_interfaces.msg.Time(sec=1731182646, nanosec=45937863), frame_id='RL_myo')","geometry_msgs.msg.Quaternion(x=0.8317564047724609, y=0.32355916208254315, z=-0.379042142337784, w=-0.24457678975000008)",[0. 0. 0. 0. 0. 0. 0. 0. 0.],"geometry_msgs.msg.Vector3(x=3.6875, y=-1.3125, z=2.75)",[0. 0. 0. 0. 0. 0. 0. 0. 0.],"geometry_msgs.msg.Vector3(x=0.43701171875, y=0.67236328125, z=0.47119140625)",[0. 0. 0. 0. 0. 0. 0. 0. 0.],False
1731182646065016116,"std_msgs.msg.Header(stamp=builtin_interfaces.msg.Time(sec=1731182646, nanosec=64612479), frame_id='RL_myo')","geometry_msgs.msg.Quaternion(x=0.8315970165312633, y=0.3239108526041405, z=-0.37945237811191657, w=-0.24401650437372407)",[0. 0. 0. 0. 0. 0. 0. 0. 0.],"geometry_msgs.msg.Vector3(x=3.4375, y=-0.875, z=3.0)",[0. 0. 0. 0. 0. 0. 0. 0. 0.],"geometry_msgs.msg.Vector3(x=0.43359375, y=0.6767578125, z=0.46142578125)",[0. 0. 0. 0. 0. 0. 0. 0. 0.],False
1731182646076203439,"std_msgs.msg.Header(stamp=builtin_interfaces.msg.Time(sec=1731182646, nanosec=75797336), frame_id='RL_myo')","geometry_msgs.msg.Quaternion(x=0.831545316846073, y=0.32409759486587253, z=-0.37963974389185073, w=-0.2436530317711042)",[0. 0. 0. 0. 0. 0. 0. 0. 0.],"geometry_msgs.msg.Vector3(x=1.875, y=-0.6875, z=2.3125)",[0. 0. 0. 0. 0. 0. 0. 0. 0.],"geometry_msgs.msg.Vector3(x=0.42724609375, y=0.67724609375, z=0.466796875)",[0. 0. 0. 0. 0. 0. 0. 0. 0.],False
1731182646106132686,"std_msgs.msg.Header(stamp=builtin_interfaces.msg.Time(sec=1731182646, nanosec=105810481), frame_id='RL_myo')","geometry_msgs.msg.Quaternion(x=0.8315590371876947, y=0.3241639787510163, z=-0.3797070442120265, w=-0.2434129066577016)",[0. 0. 0. 0. 0. 0. 0. 0. 0.],"geometry_msgs.msg.Vector3(x=0.9375, y=-0.5625, z=2.0)",[0. 0. 0. 0. 0. 0. 0. 0. 0.],"geometry_msgs.msg.Vector3(x=0.4248046875, y=0.67431640625, z=0.4736328125)",[0. 0. 0. 0. 0. 0. 0. 0. 0.],False
1731182646130081633,"std_msgs.msg.Header(stamp=builtin_interfaces.msg.Time(sec=1731182646, nanosec=129758110), frame_id='RL_myo')","geometry_msgs.msg.Quaternion(x=0.8316408876490697, y=0.32405001633239716, z=-0.37977758553779906, w=-0.2431748474417537)",[0. 0. 0. 0. 0. 0. 0. 0. 0.],"geometry_msgs.msg.Vector3(x=0.875, y=-0.5, z=2.0625)",[0. 0. 0. 0. 0. 0. 0. 0. 0.],"geometry_msgs.msg.Vector3(x=0.43017578125, y=0.66943359375, z=0.478515625)",[0. 0. 0. 0. 0. 0. 0. 0. 0.],False
1731182646144955043,"std_msgs.msg.Header(stamp=builtin_interfaces.msg.Time(sec=1731182646, nanosec=144749281), frame_id='RL_myo')","geometry_msgs.msg.Quaternion(x=0.8317988566001222, y=0.3239181488095721, z=-0.37970506948263577, w=-0.2429233526026186)",[0. 0. 0. 0. 0. 0. 0. 0. 0.],"geometry_msgs.msg.Vector3(x=0.125, y=0.0, z=1.6875)",[0. 0. 0. 0. 0. 0. 0. 0. 0.],"geometry_msgs.msg.Vector3(x=0.42626953125, y=0.66162109375, z=0.4765625)",[0. 0. 0. 0. 0. 0. 0. 0. 0.],False
1731182646175039058,"std_msgs.msg.Header(stamp=builtin_interfaces.msg.Time(sec=1731182646, nanosec=174714597), frame_id='RL_myo')","geometry_msgs.msg.Quaternion(x=0.8319940016763031, y=0.32373972451699157, z=-0.3794664154076426, w=-0.24286583028904776)",[0. 0. 0. 0. 0. 0. 0. 0. 0.],"geometry_msgs.msg.Vector3(x=-0.5625, y=0.4375, z=1.3125)",[0. 0. 0. 0. 0. 0. 0. 0. 0.],"geometry_msgs.msg.Vector3(x=0.4208984375, y=0.66015625, z=0.47265625)",[0. 0. 0. 0. 0. 0. 0. 0. 0.],False
1731182646181102472,"std_msgs.msg.Header(stamp=builtin_interfaces.msg.Time(sec=1731182646, nanosec=180826314), frame_id='RL_myo')","geometry_msgs.msg.Quaternion(x=0.8322054782793572, y=0.32350660370255196, z=-0.37923519411395384, w=-0.242813069722406)",[0. 0. 0. 0. 0. 0. 0. 0. 0.],"geometry_msgs.msg.Vector3(x=-1.25, y=0.5, z=1.0625)",[0. 0. 0. 0. 0. 0. 0. 0. 0.],"geometry_msgs.msg.Vector3(x=0.4248046875, y=0.66650390625, z=0.47265625)",[0. 0. 0. 0. 0. 0. 0. 0. 0.],False
1731182646196361754,"std_msgs.msg.Header(stamp=builtin_interfaces.msg.Time(sec=1731182646, nanosec=195927753), frame_id='RL_myo')","geometry_msgs.msg.Quaternion(x=0.8324584108121503, y=0.3231811192353058, z=-0.37896724633276935, w=-0.2427978266889606)",[0. 0. 0. 0. 0. 0. 0. 0. 0.],"geometry_msgs.msg.Vector3(x=-2.0, y=0.625, z=1.125)",[0. 0. 0. 0. 0. 0. 0. 0. 0.],"geometry_msgs.msg.Vector3(x=0.4296875, y=0.66748046875, z=0.47607421875)",[0. 0. 0. 0. 0. 0. 0. 0. 0.],False
1731182646218903457,"std_msgs.msg.Header(stamp=builtin_interfaces.msg.Time(sec=1731182646, nanosec=218450979), frame_id='RL_myo')","geometry_msgs.msg.Quaternion(x=0.8327280530521953, y=0.322824794590124, z=-0.378673667165273, w=-0.24280526240868086)",[0. 0. 0. 0. 0. 0. 0. 0. 0.],"geometry_msgs.msg.Vector3(x=-2.25, y=1.125, z=0.8125)",[0. 0. 0. 0. 0. 0. 0. 0. 0.],"geometry_msgs.msg.Vector3(x=0.4326171875, y=0.66357421875, z=0.47216796875)",[0. 0. 0. 0. 0. 0. 0. 0. 0.],False
1731182646250828446,"std_msgs.msg.Header(stamp=builtin_interfaces.msg.Time(sec=1731182646, nanosec=250384637), frame_id='RL_myo')","geometry_msgs.msg.Quaternion(x=0.8329551647944232, y=0.32263508471483265, z=-0.37829970773033156, w=-0.24286133221345424)",[0. 0. 0. 0. 0. 0. 0. 0. 0.],"geometry_msgs.msg.Vector3(x=-1.75, y=1.625, z=-0.25)",[0. 0. 0. 0. 0. 0. 0. 0. 0.],"geometry_msgs.msg.Vector3(x=0.43603515625, y=0.66552734375, z=0.47119140625)",[0. 0. 0. 0. 0. 0. 0. 0. 0.],False
1731182646256166596,"std_msgs.msg.Header(stamp=builtin_interfaces.msg.Time(sec=1731182646, nanosec=255799155), frame_id='RL_myo')","geometry_msgs.msg.Quaternion(x=0.833151053620654, y=0.32245692426944433, z=-0.3779392911369296, w=-0.24298713146255116)",[0. 0. 0. 0. 0. 0. 0. 0. 0.],"geometry_msgs.msg.Vector3(x=-1.75, y=1.25, z=-0.4375)",[0. 0. 0. 0. 0. 0. 0. 0. 0.],"geometry_msgs.msg.Vector3(x=0.43408203125, y=0.6708984375, z=0.47998046875)",[0. 0. 0. 0. 0. 0. 0. 0. 0.],False
1731182646280113821,"std_msgs.msg.Header(stamp=builtin_interfaces.msg.Time(sec=1731182646, nanosec=279770305), frame_id='RL_myo')","geometry_msgs.msg.Quaternion(x=0.8332937235561213, y=0.32222074177063903, z=-0.3777044800296864, w=-0.24317625217166622)",[0. 0. 0. 0. 0. 0. 0. 0. 0.],"geometry_msgs.msg.Vector3(x=-2.3125, y=0.375, z=-0.0625)",[0. 0. 0. 0. 0. 0. 0. 0. 0.],"geometry_msgs.msg.Vector3(x=0.431640625, y=0.67919921875, z=0.47314453125)",[0. 0. 0. 0. 0. 0. 0. 0. 0.],False
1731182646311272210,"std_msgs.msg.Header(stamp=builtin_interfaces.msg.Time(sec=1731182646, nanosec=310793084), frame_id='RL_myo')","geometry_msgs.msg.Quaternion(x=0.8333854717390052, y=0.32196487208314434, z=-0.37756866326186367, w=-0.24341154689432787)",[0. 0. 0. 0. 0. 0. 0. 0. 0.],"geometry_msgs.msg.Vector3(x=-2.6875, y=0.0, z=0.1875)",[0. 0. 0. 0. 0. 0. 0. 0. 0.],"geometry_msgs.msg.Vector3(x=0.43408203125, y=0.68212890625, z=0.47119140625)",[0. 0. 0. 0. 0. 0. 0. 0. 0.],False
1731182646323747004,"std_msgs.msg.Header(stamp=builtin_interfaces.msg.Time(sec=1731182646, nanosec=323285502), frame_id='RL_myo')","geometry_msgs.msg.Quaternion(x=0.8334894832518958, y=0.3217137570460415, z=-0.3774384127438286, w=-0.24358937665922056)",[0. 0. 0. 0. 0. 0. 0. 0. 0.],"geometry_msgs.msg.Vector3(x=-2.5, y=0.0, z=0.125)",[0. 0. 0. 0. 0. 0. 0. 0. 0.],"geometry_msgs.msg.Vector3(x=0.431640625, y=0.67919921875, z=0.466796875)",[0. 0. 0. 0. 0. 0. 0. 0. 0.],False
1731182646341547703,"std_msgs.msg.Header(stamp=builtin_interfaces.msg.Time(sec=1731182646, nanosec=341145326), frame_id='RL_myo')","geometry_msgs.msg.Quaternion(x=0.8334974195945309, y=0.3215947498420902, z=-0.377442006647084, w=-0.24371376658179278)",[0. 0. 0. 0. 0. 0. 0. 0. 0.],"geometry_msgs.msg.Vector3(x=-1.5, y=-0.3125, z=0.125)",[0. 0. 0. 0. 0. 0. 0. 0. 0.],"geometry_msgs.msg.Vector3(x=0.4365234375, y=0.6806640625, z=0.466796875)",[0. 0. 0. 0. 0. 0. 0. 0. 0.],False
1731182646362876676,"std_msgs.msg.Header(stamp=builtin_interfaces.msg.Time(sec=1731182646, nanosec=362441227), frame_id='RL_myo')","geometry_msgs.msg.Quaternion(x=0.833462422433904, y=0.32166583421652684, z=-0.3774537986328277, w=-0.24372138065020715)",[0. 0. 0. 0. 0. 0. 0. 0. 0.],"geometry_msgs.msg.Vector3(x=-0.125, y=-0.3125, z=0.125)",[0. 0. 0. 0. 0. 0. 0. 0. 0.],"geometry_msgs.msg.Vector3(x=0.43701171875, y=0.68017578125, z=0.46044921875)",[0. 0. 0. 0. 0. 0. 0. 0. 0.],False
1731182646383688130,"std_msgs.msg.Header(stamp=builtin_interfaces.msg.Time(sec=1731182646, nanosec=383224824), frame_id='RL_myo')","geometry_msgs.msg.Quaternion(x=0.833462422433904, y=0.32166583421652684, z=-0.3774537986328277, w=-0.24372138065020715)",[0. 0. 0. 0. 0. 0. 0. 0. 0.],"geometry_msgs.msg.Vector3(x=0.0, y=-0.0625, z=0.6875)",[0. 0. 0. 0. 0. 0. 0. 0. 0.],"geometry_msgs.msg.Vector3(x=0.43798828125, y=0.6767578125, z=0.462890625)",[0. 0. 0. 0. 0. 0. 0. 0. 0.],False
1731182646406038888,"std_msgs.msg.Header(stamp=builtin_interfaces.msg.Time(sec=1731182646, nanosec=405708210), frame_id='RL_myo')","geometry_msgs.msg.Quaternion(x=0.8334460575213312, y=0.32172055431672913, z=-0.3774463873827837, w=-0.24371659521660016)",[0. 0. 0. 0. 0. 0. 0. 0. 0.],"geometry_msgs.msg.Vector3(x=-0.6875, y=0.1875, z=0.25)",[0. 0. 0. 0. 0. 0. 0. 0. 0.],"geometry_msgs.msg.Vector3(x=0.427734375, y=0.67724609375, z=0.46142578125)",[0. 0. 0. 0. 0. 0. 0. 0. 0.],False
1731182646424596445,"std_msgs.msg.Header(stamp=builtin_interfaces.msg.Time(sec=1731182646, nanosec=424270241), frame_id='RL_myo')","geometry_msgs.msg.Quaternion(x=0.8334760168652438, y=0.32167108084070556, z=-0.37733787889131726, w=-0.2438474322502123)",[0. 0. 0. 0. 0. 0. 0. 0. 0.],"geometry_msgs.msg.Vector3(x=-1.375, y=0.125, z=0.3125)",[0. 0. 0. 0. 0. 0. 0. 0. 0.],"geometry_msgs.msg.Vector3(x=0.42724609375, y=0.677734375, z=0.46435546875)",[0. 0. 0. 0. 0. 0. 0. 0. 0.],False
1731182646452939332,"std_msgs.msg.Header(stamp=builtin_interfaces.msg.Time(sec=1731182646, nanosec=452360572), frame_id='RL_myo')","geometry_msgs.msg.Quaternion(x=0.8334986072709409, y=0.3215952080924566, z=-0.3773204737953249, w=-0.24389721987805213)",[0. 0. 0. 0. 0. 0. 0. 0. 0.],"geometry_msgs.msg.Vector3(x=-1.25, y=-0.3125, z=0.6875)",[0. 0. 0. 0. 0. 0. 0. 0. 0.],"geometry_msgs.msg.Vector3(x=0.427734375, y=0.67578125, z=0.466796875)",[0. 0. 0. 0. 0. 0. 0. 0. 0.],False
1731182646458693584,"std_msgs.msg.Header(stamp=builtin_interfaces.msg.Time(sec=1731182646, nanosec=458321421), frame_id='RL_myo')","geometry_msgs.msg.Quaternion(x=0.8334986072709409, y=0.3215952080924566, z=-0.3773204737953249, w=-0.24389721987805213)",[0. 0. 0. 0. 0. 0. 0. 0. 0.],"geometry_msgs.msg.Vector3(x=0.0, y=-0.9375, z=0.8125)",[0. 0. 0. 0. 0. 0. 0. 0. 0.],"geometry_msgs.msg.Vector3(x=0.431640625, y=0.67041015625, z=0.4716796875)",[0. 0. 0. 0. 0. 0. 0. 0. 0.],False
1731182646489402914,"std_msgs.msg.Header(stamp=builtin_interfaces.msg.Time(sec=1731182646, nanosec=489051601), frame_id='RL_myo')","geometry_msgs.msg.Quaternion(x=0.833428049624299, y=0.32171360304428265, z=-0.3773771974241699, w=-0.2438944332697692)",[0. 0. 0. 0. 0. 0. 0. 0. 0.],"geometry_msgs.msg.Vector3(x=1.0, y=-0.5, z=0.0)",[0. 0. 0. 0. 0. 0. 0. 0. 0.],"geometry_msgs.msg.Vector3(x=0.431640625, y=0.66796875, z=0.47265625)",[0. 0. 0. 0. 0. 0. 0. 0. 0.],False
1731182646513158146,"std_msgs.msg.Header(stamp=builtin_interfaces.msg.Time(sec=1731182646, nanosec=512780149), frame_id='RL_myo')","geometry_msgs.msg.Quaternion(x=0.8333794937263701, y=0.32190152701866676, z=-0.37732181267148235, w=-0.24389808531789767)",[0. 0. 0. 0. 0. 0. 0. 0. 0.],"geometry_msgs.msg.Vector3(x=1.1875, y=-0.0625, z=-0.3125)",[0. 0. 0. 0. 0. 0. 0. 0. 0.],"geometry_msgs.msg.Vector3(x=0.42724609375, y=0.6650390625, z=0.47705078125)",[0. 0. 0. 0. 0. 0. 0. 0. 0.],False
1731182646518639146,"std_msgs.msg.Header(stamp=builtin_interfaces.msg.Time(sec=1731182646, nanosec=518289338), frame_id='RL_myo')","geometry_msgs.msg.Quaternion(x=0.8333823096321612, y=0.3219636504547862, z=-0.3772620518409542, w=-0.2438989094250854)",[0. 0. 0. 0. 0. 0. 0. 0. 0.],"geometry_msgs.msg.Vector3(x=0.4375, y=0.125, z=-0.6875)",[0. 0. 0. 0. 0. 0. 0. 0. 0.],"geometry_msgs.msg.Vector3(x=0.4267578125, y=0.6708984375, z=0.470703125)",[0. 0. 0. 0. 0. 0. 0. 0. 0.],False
1731182646551668134,"std_msgs.msg.Header(stamp=builtin_interfaces.msg.Time(sec=1731182646, nanosec=551221218), frame_id='RL_myo')","geometry_msgs.msg.Quaternion(x=0.8333862774067384, y=0.3219041472860069, z=-0.3772638480043247, w=-0.24396110669362336)",[0. 0. 0. 0. 0. 0. 0. 0. 0.],"geometry_msgs.msg.Vector3(x=-0.4375, y=0.1875, z=-0.75)",[0. 0. 0. 0. 0. 0. 0. 0. 0.],"geometry_msgs.msg.Vector3(x=0.43310546875, y=0.66748046875, z=0.4794921875)",[0. 0. 0. 0. 0. 0. 0. 0. 0.],False
1731182646557583505,"std_msgs.msg.Header(stamp=builtin_interfaces.msg.Time(sec=1731182646, nanosec=557160902), frame_id='RL_myo')","geometry_msgs.msg.Quaternion(x=0.8333890902765658, y=0.32196627004605866, z=-0.3772040850966147, w=-0.24396193011831213)",[0. 0. 0. 0. 0. 0. 0. 0. 0.],"geometry_msgs.msg.Vector3(x=-0.9375, y=0.5625, z=-0.75)",[0. 0. 0. 0. 0. 0. 0. 0. 0.],"geometry_msgs.msg.Vector3(x=0.427734375, y=0.669921875, z=0.4755859375)",[0. 0. 0. 0. 0. 0. 0. 0. 0.],False
1731182646595669174,"std_msgs.msg.Header(stamp=builtin_interfaces.msg.Time(sec=1731182646, nanosec=595222165), frame_id='RL_myo')","geometry_msgs.msg.Quaternion(x=0.8333890902765658, y=0.32196627004605866, z=-0.3772040850966147, w=-0.24396193011831213)",[0. 0. 0. 0. 0. 0. 0. 0. 0.],"geometry_msgs.msg.Vector3(x=-0.4375, y=0.5, z=-0.5625)",[0. 0. 0. 0. 0. 0. 0. 0. 0.],"geometry_msgs.msg.Vector3(x=0.4287109375, y=0.66943359375, z=0.47509765625)",[0. 0. 0. 0. 0. 0. 0. 0. 0.],False
1731182646598078458,"std_msgs.msg.Header(stamp=builtin_interfaces.msg.Time(sec=1731182646, nanosec=597678724), frame_id='RL_myo')","geometry_msgs.msg.Quaternion(x=0.8334082284825874, y=0.32209573910228606, z=-0.3769685966829105, w=-0.24408960785863976)",[0. 0. 0. 0. 0. 0. 0. 0. 0.],"geometry_msgs.msg.Vector3(x=0.25, y=0.6875, z=-1.125)",[0. 0. 0. 0. 0. 0. 0. 0. 0.],"geometry_msgs.msg.Vector3(x=0.42578125, y=0.6630859375, z=0.46875)",[0. 0. 0. 0. 0. 0. 0. 0. 0.],False
1731182646617717001,"std_msgs.msg.Header(stamp=builtin_interfaces.msg.Time(sec=1731182646, nanosec=617237440), frame_id='RL_myo')","geometry_msgs.msg.Quaternion(x=0.8333323305001175, y=0.32251725147312826, z=-0.37677876482657474, w=-0.24408525523108252)",[0. 0. 0. 0. 0. 0. 0. 0. 0.],"geometry_msgs.msg.Vector3(x=1.375, y=1.375, z=-0.8125)",[0. 0. 0. 0. 0. 0. 0. 0. 0.],"geometry_msgs.msg.Vector3(x=0.431640625, y=0.67333984375, z=0.47021484375)",[0. 0. 0. 0. 0. 0. 0. 0. 0.],False
1731182646638628099,"std_msgs.msg.Header(stamp=builtin_interfaces.msg.Time(sec=1731182646, nanosec=638246837), frame_id='RL_myo')","geometry_msgs.msg.Quaternion(x=0.8333256200985901, y=0.3229419069758764, z=-0.37647055041149224, w=-0.24402225365517932)",[0. 0. 0. 0. 0. 0. 0. 0. 0.],"geometry_msgs.msg.Vector3(x=1.5, y=1.5625, z=-0.3125)",[0. 0. 0. 0. 0. 0. 0. 0. 0.],"geometry_msgs.msg.Vector3(x=0.42578125, y=0.681640625, z=0.4736328125)",[0. 0. 0. 0. 0. 0. 0. 0. 0.],False
1731182646657376282,"std_msgs.msg.Header(stamp=builtin_interfaces.msg.Time(sec=1731182646, nanosec=656955604), frame_id='RL_myo')","geometry_msgs.msg.Quaternion(x=0.8332865629524993, y=0.3233776890215603, z=-0.3762973674628009, w=-0.24384557713120675)",[0. 0. 0. 0. 0. 0. 0. 0. 0.],"geometry_msgs.msg.Vector3(x=1.8125, y=1.5, z=0.0)",[0. 0. 0. 0. 0. 0. 0. 0. 0.],"geometry_msgs.msg.Vector3(x=0.4326171875, y=0.68603515625, z=0.47265625)",[0. 0. 0. 0. 0. 0. 0. 0. 0.],False
1731182646684132062,"std_msgs.msg.Header(stamp=builtin_interfaces.msg.Time(sec=1731182646, nanosec=683616019), frame_id='RL_myo')","geometry_msgs.msg.Quaternion(x=0.8332703331413014, y=0.3236155366477571, z=-0.37629003836918573, w=-0.24359668177314195)",[0. 0. 0. 0. 0. 0. 0. 0. 0.],"geometry_msgs.msg.Vector3(x=1.3125, y=1.0, z=0.6875)",[0. 0. 0. 0. 0. 0. 0. 0. 0.],"geometry_msgs.msg.Vector3(x=0.4423828125, y=0.68505859375, z=0.47265625)",[0. 0. 0. 0. 0. 0. 0. 0. 0.],False
1731182646700205413,"std_msgs.msg.Header(stamp=builtin_interfaces.msg.Time(sec=1731182646, nanosec=699830992), frame_id='RL_myo')","geometry_msgs.msg.Quaternion(x=0.8331481173588114, y=0.32404273663428057, z=-0.3763510103761488, w=-0.24335249405930998)",[0. 0. 0. 0. 0. 0. 0. 0. 0.],"geometry_msgs.msg.Vector3(x=2.0625, y=0.75, z=0.375)",[0. 0. 0. 0. 0. 0. 0. 0. 0.],"geometry_msgs.msg.Vector3(x=0.44091796875, y=0.68505859375, z=0.46728515625)",[0. 0. 0. 0. 0. 0. 0. 0. 0.],False
1731182646717235088,"std_msgs.msg.Header(stamp=builtin_interfaces.msg.Time(sec=1731182646, nanosec=716880919), frame_id='RL_myo')","geometry_msgs.msg.Quaternion(x=0.8329944551144397, y=0.3243356194664517, z=-0.37664190962127836, w=-0.24303809497843631)",[0. 0. 0. 0. 0. 0. 0. 0. 0.],"geometry_msgs.msg.Vector3(x=2.75, y=-0.4375, z=0.75)",[0. 0. 0. 0. 0. 0. 0. 0. 0.],"geometry_msgs.msg.Vector3(x=0.4462890625, y=0.67578125, z=0.47216796875)",[0. 0. 0. 0. 0. 0. 0. 0. 0.],False
1731182646743679849,"std_msgs.msg.Header(stamp=builtin_interfaces.msg.Time(sec=1731182646, nanosec=743253750), frame_id='RL_myo')","geometry_msgs.msg.Quaternion(x=0.8327172772725613, y=0.32471274023968527, z=-0.3770818250377398, w=-0.24280212042734362)",[0. 0. 0. 0. 0. 0. 0. 0. 0.],"geometry_msgs.msg.Vector3(x=3.0, y=-1.5, z=1.0625)",[0. 0. 0. 0. 0. 0. 0. 0. 0.],"geometry_msgs.msg.Vector3(x=0.43896484375, y=0.6806640625, z=0.4677734375)",[0. 0. 0. 0. 0. 0. 0. 0. 0.],False
1731182646762241523,"std_msgs.msg.Header(stamp=builtin_interfaces.msg.Time(sec=1731182646, nanosec=761809592), frame_id='RL_myo')","geometry_msgs.msg.Quaternion(x=0.8324218833249538, y=0.32508277977626515, z=-0.3774524803110071, w=-0.24274393825952056)",[0. 0. 0. 0. 0. 0. 0. 0. 0.],"geometry_msgs.msg.Vector3(x=2.375, y=-1.8125, z=0.5)",[0. 0. 0. 0. 0. 0. 0. 0. 0.],"geometry_msgs.msg.Vector3(x=0.4306640625, y=0.6845703125, z=0.46240234375)",[0. 0. 0. 0. 0. 0. 0. 0. 0.],False
1731182646776938857,"std_msgs.msg.Header(stamp=builtin_interfaces.msg.Time(sec=1731182646, nanosec=776487891), frame_id='RL_myo')","geometry_msgs.msg.Quaternion(x=0.8321943768188155, y=0.32539447138192057, z=-0.37764314283247846, w=-0.2428098306428963)",[0. 0. 0. 0. 0. 0. 0. 0. 0.],"geometry_msgs.msg.Vector3(x=1.6875, y=-1.9375, z=-0.125)",[0. 0. 0. 0. 0. 0. 0. 0. 0.],"geometry_msgs.msg.Vector3(x=0.4228515625, y=0.68359375, z=0.46728515625)",[0. 0. 0. 0. 0. 0. 0. 0. 0.],False
1731182646800097931,"std_msgs.msg.Header(stamp=builtin_interfaces.msg.Time(sec=1731182646, nanosec=799529302), frame_id='RL_myo')","geometry_msgs.msg.Quaternion(x=0.8319312306834525, y=0.3255701529321743, z=-0.3778786683170399, w=-0.24310947115276532)",[0. 0. 0. 0. 0. 0. 0. 0. 0.],"geometry_msgs.msg.Vector3(x=0.75, y=-2.75, z=-0.5625)",[0. 0. 0. 0. 0. 0. 0. 0. 0.],"geometry_msgs.msg.Vector3(x=0.41943359375, y=0.6826171875, z=0.47265625)",[0. 0. 0. 0. 0. 0. 0. 0. 0.],False
1731182646826384935,"std_msgs.msg.Header(stamp=builtin_interfaces.msg.Time(sec=1731182646, nanosec=825906428), frame_id='RL_myo')","geometry_msgs.msg.Quaternion(x=0.8316735716192634, y=0.32556486357090497, z=-0.37817770803999384, w=-0.24353277196248796)",[0. 0. 0. 0. 0. 0. 0. 0. 0.],"geometry_msgs.msg.Vector3(x=0.125, y=-3.5625, z=-0.875)",[0. 0. 0. 0. 0. 0. 0. 0. 0.],"geometry_msgs.msg.Vector3(x=0.42431640625, y=0.6806640625, z=0.47119140625)",[0. 0. 0. 0. 0. 0. 0. 0. 0.],False
1731182646836671411,"std_msgs.msg.Header(stamp=builtin_interfaces.msg.Time(sec=1731182646, nanosec=836352560), frame_id='RL_myo')","geometry_msgs.msg.Quaternion(x=0.8314362970137148, y=0.325445480522473, z=-0.3784860136383824, w=-0.24402307410518512)",[0. 0. 0. 0. 0. 0. 0. 0. 0.],"geometry_msgs.msg.Vector3(x=-0.625, y=-3.8125, z=-0.875)",[0. 0. 0. 0. 0. 0. 0. 0. 0.],"geometry_msgs.msg.Vector3(x=0.41845703125, y=0.67431640625, z=0.4736328125)",[0. 0. 0. 0. 0. 0. 0. 0. 0.],False
1731182646875086772,"std_msgs.msg.Header(stamp=builtin_interfaces.msg.Time(sec=1731182646, nanosec=874497837), frame_id='RL_myo')","geometry_msgs.msg.Quaternion(x=0.8312178977529321, y=0.32533348472779616, z=-0.3787418898191323, w=-0.24451893805244868)",[0. 0. 0. 0. 0. 0. 0. 0. 0.],"geometry_msgs.msg.Vector3(x=-0.75, y=-3.4375, z=-1.1875)",[0. 0. 0. 0. 0. 0. 0. 0. 0.],"geometry_msgs.msg.Vector3(x=0.41845703125, y=0.673828125, z=0.46435546875)",[0. 0. 0. 0. 0. 0. 0. 0. 0.],False
1731182646878800440,"std_msgs.msg.Header(stamp=builtin_interfaces.msg.Time(sec=1731182646, nanosec=878369091), frame_id='RL_myo')","geometry_msgs.msg.Quaternion(x=0.8310097117145878, y=0.32544574240632995, z=-0.3787914998825363, w=-0.24499985184152445)",[0. 0. 0. 0. 0. 0. 0. 0. 0.],"geometry_msgs.msg.Vector3(x=-0.0625, y=-2.3125, z=-1.4375)",[0. 0. 0. 0. 0. 0. 0. 0. 0.],"geometry_msgs.msg.Vector3(x=0.416015625, y=0.68017578125, z=0.470703125)",[0. 0. 0. 0. 0. 0. 0. 0. 0.],False
1731182646897260511,"std_msgs.msg.Header(stamp=builtin_interfaces.msg.Time(sec=1731182646, nanosec=896788420), frame_id='RL_myo')","geometry_msgs.msg.Quaternion(x=0.830964367646218, y=0.32539085088306063, z=-0.37873761578116516, w=-0.24530966604746215)",[0. 0. 0. 0. 0. 0. 0. 0. 0.],"geometry_msgs.msg.Vector3(x=-0.0625, y=-1.9375, z=-0.8125)",[0. 0. 0. 0. 0. 0. 0. 0. 0.],"geometry_msgs.msg.Vector3(x=0.42041015625, y=0.67822265625, z=0.48388671875)",[0. 0. 0. 0. 0. 0. 0. 0. 0.],False
1731182646919237247,"std_msgs.msg.Header(stamp=builtin_interfaces.msg.Time(sec=1731182646, nanosec=918768027), frame_id='RL_myo')","geometry_msgs.msg.Quaternion(x=0.8308204727514549, y=0.32526023356542044, z=-0.37897181276181185, w=-0.24560840305258994)",[0. 0. 0. 0. 0. 0. 0. 0. 0.],"geometry_msgs.msg.Vector3(x=-0.1875, y=-2.875, z=-0.1875)",[0. 0. 0. 0. 0. 0. 0. 0. 0.],"geometry_msgs.msg.Vector3(x=0.421875, y=0.6767578125, z=0.47607421875)",[0. 0. 0. 0. 0. 0. 0. 0. 0.],False
1731182646942484394,"std_msgs.msg.Header(stamp=builtin_interfaces.msg.Time(sec=1731182646, nanosec=942024400), frame_id='RL_myo')","geometry_msgs.msg.Quaternion(x=0.8306534937822572, y=0.3252055121516545, z=-0.37922331963179984, w=-0.24585732037290997)",[0. 0. 0. 0. 0. 0. 0. 0. 0.],"geometry_msgs.msg.Vector3(x=-0.3125, y=-2.1875, z=0.0)",[0. 0. 0. 0. 0. 0. 0. 0. 0.],"geometry_msgs.msg.Vector3(x=0.42822265625, y=0.6826171875, z=0.46533203125)",[0. 0. 0. 0. 0. 0. 0. 0. 0.],False
1731182646957471793,"std_msgs.msg.Header(stamp=builtin_interfaces.msg.Time(sec=1731182646, nanosec=956869385), frame_id='RL_myo')","geometry_msgs.msg.Quaternion(x=0.8306370045931648, y=0.325260092400395, z=-0.3792157917214588, w=-0.24585243989281122)",[0. 0. 0. 0. 0. 0. 0. 0. 0.],"geometry_msgs.msg.Vector3(x=-0.125, y=-0.75, z=0.375)",[0. 0. 0. 0. 0. 0. 0. 0. 0.],"geometry_msgs.msg.Vector3(x=0.43310546875, y=0.68505859375, z=0.45751953125)",[0. 0. 0. 0. 0. 0. 0. 0. 0.],False
1731182646979663478,"std_msgs.msg.Header(stamp=builtin_interfaces.msg.Time(sec=1731182646, nanosec=979184650), frame_id='RL_myo')","geometry_msgs.msg.Quaternion(x=0.8306562294394237, y=0.3252676204484304, z=-0.37916353128647956, w=-0.24585813007436247)",[0. 0. 0. 0. 0. 0. 0. 0. 0.],"geometry_msgs.msg.Vector3(x=-0.5625, y=0.5, z=0.9375)",[0. 0. 0. 0. 0. 0. 0. 0. 0.],"geometry_msgs.msg.Vector3(x=0.423828125, y=0.67919921875, z=0.4619140625)",[0. 0. 0. 0. 0. 0. 0. 0. 0.],False
1731182647007972518,"std_msgs.msg.Header(stamp=builtin_interfaces.msg.Time(sec=1731182647, nanosec=7428951), frame_id='RL_myo')","geometry_msgs.msg.Quaternion(x=0.8307574313819415, y=0.32525944837516463, z=-0.37903193364792126, w=-0.2457298816210195)",[0. 0. 0. 0. 0. 0. 0. 0. 0.],"geometry_msgs.msg.Vector3(x=-0.5625, y=1.0, z=1.1875)",[0. 0. 0. 0. 0. 0. 0. 0. 0.],"geometry_msgs.msg.Vector3(x=0.427734375, y=0.681640625, z=0.4658203125)",[0. 0. 0. 0. 0. 0. 0. 0. 0.],False
1731182647017500555,"std_msgs.msg.Header(stamp=builtin_interfaces.msg.Time(sec=1731182647, nanosec=16930606), frame_id='RL_myo')","geometry_msgs.msg.Quaternion(x=0.8309859317940234, y=0.3251312566042426, z=-0.378841695089644, w=-0.24542008312477182)",[0. 0. 0. 0. 0. 0. 0. 0. 0.],"geometry_msgs.msg.Vector3(x=-0.5625, y=1.375, z=1.6875)",[0. 0. 0. 0. 0. 0. 0. 0. 0.],"geometry_msgs.msg.Vector3(x=0.43310546875, y=0.67236328125, z=0.46533203125)",[0. 0. 0. 0. 0. 0. 0. 0. 0.],False
1731182647039716931,"std_msgs.msg.Header(stamp=builtin_interfaces.msg.Time(sec=1731182647, nanosec=39284382), frame_id='RL_myo')","geometry_msgs.msg.Quaternion(x=0.8311940500567009, y=0.3251410416105188, z=-0.3786089508372533, w=-0.24506125062253298)",[0. 0. 0. 0. 0. 0. 0. 0. 0.],"geometry_msgs.msg.Vector3(x=0.1875, y=1.75, z=1.875)",[0. 0. 0. 0. 0. 0. 0. 0. 0.],"geometry_msgs.msg.Vector3(x=0.427734375, y=0.67529296875, z=0.4677734375)",[0. 0. 0. 0. 0. 0. 0. 0. 0.],False
1731182647061804301,"std_msgs.msg.Header(stamp=builtin_interfaces.msg.Time(sec=1731182647, nanosec=61241813), frame_id='RL_myo')","geometry_msgs.msg.Quaternion(x=0.8312775097368368, y=0.32533292656563184, z=-0.3783750115910604, w=-0.24488474697585647)",[0. 0. 0. 0. 0. 0. 0. 0. 0.],"geometry_msgs.msg.Vector3(x=0.625, y=1.75, z=1.0625)",[0. 0. 0. 0. 0. 0. 0. 0. 0.],"geometry_msgs.msg.Vector3(x=0.42529296875, y=0.68017578125, z=0.46484375)",[0. 0. 0. 0. 0. 0. 0. 0. 0.],False
1731182647077422833,"std_msgs.msg.Header(stamp=builtin_interfaces.msg.Time(sec=1731182647, nanosec=76843005), frame_id='RL_myo')","geometry_msgs.msg.Quaternion(x=0.8314356837180454, y=0.3253231679795318, z=-0.37811951700435265, w=-0.24475532900523875)",[0. 0. 0. 0. 0. 0. 0. 0. 0.],"geometry_msgs.msg.Vector3(x=-0.3125, y=1.125, z=1.0625)",[0. 0. 0. 0. 0. 0. 0. 0. 0.],"geometry_msgs.msg.Vector3(x=0.42626953125, y=0.6845703125, z=0.478515625)",[0. 0. 0. 0. 0. 0. 0. 0. 0.],False
1731182647112405493,"std_msgs.msg.Header(stamp=builtin_interfaces.msg.Time(sec=1731182647, nanosec=112058875), frame_id='RL_myo')","geometry_msgs.msg.Quaternion(x=0.8316130764491071, y=0.3250157528140547, z=-0.3779948464182987, w=-0.2447536467200675)",[0. 0. 0. 0. 0. 0. 0. 0. 0.],"geometry_msgs.msg.Vector3(x=-2.125, y=0.125, z=1.125)",[0. 0. 0. 0. 0. 0. 0. 0. 0.],"geometry_msgs.msg.Vector3(x=0.4306640625, y=0.6806640625, z=0.4697265625)",[0. 0. 0. 0. 0. 0. 0. 0. 0.],False
1731182647118817855,"std_msgs.msg.Header(stamp=builtin_interfaces.msg.Time(sec=1731182647, nanosec=118352918), frame_id='RL_myo')","geometry_msgs.msg.Quaternion(x=0.8318626430008229, y=0.3244685457621524, z=-0.37787523830201003, w=-0.24481627860270752)",[0. 0. 0. 0. 0. 0. 0. 0. 0.],"geometry_msgs.msg.Vector3(x=-3.25, y=-0.0625, z=0.9375)",[0. 0. 0. 0. 0. 0. 0. 0. 0.],"geometry_msgs.msg.Vector3(x=0.4365234375, y=0.66845703125, z=0.47119140625)",[0. 0. 0. 0. 0. 0. 0. 0. 0.],False
1731182647144562077,"std_msgs.msg.Header(stamp=builtin_interfaces.msg.Time(sec=1731182647, nanosec=143960378), frame_id='RL_myo')","geometry_msgs.msg.Quaternion(x=0.8320545147078783, y=0.3240447050017698, z=-0.377696107468629, w=-0.24500196757903633)",[0. 0. 0. 0. 0. 0. 0. 0. 0.],"geometry_msgs.msg.Vector3(x=-2.625, y=0.375, z=0.0)",[0. 0. 0. 0. 0. 0. 0. 0. 0.],"geometry_msgs.msg.Vector3(x=0.43115234375, y=0.662109375, z=0.46630859375)",[0. 0. 0. 0. 0. 0. 0. 0. 0.],False
1731182647159454165,"std_msgs.msg.Header(stamp=builtin_interfaces.msg.Time(sec=1731182647, nanosec=158992544), frame_id='RL_myo')","geometry_msgs.msg.Quaternion(x=0.832126391091106, y=0.3239268508413775, z=-0.37751791453814204, w=-0.24518827206139315)",[0. 0. 0. 0. 0. 0. 0. 0. 0.],"geometry_msgs.msg.Vector3(x=-1.4375, y=0.0, z=-0.6875)",[0. 0. 0. 0. 0. 0. 0. 0. 0.],"geometry_msgs.msg.Vector3(x=0.423828125, y=0.66357421875, z=0.46484375)",[0. 0. 0. 0. 0. 0. 0. 0. 0.],False
1731182647178771812,"std_msgs.msg.Header(stamp=builtin_interfaces.msg.Time(sec=1731182647, nanosec=178381717), frame_id='RL_myo')","geometry_msgs.msg.Quaternion(x=0.8320507438049718, y=0.3240432364187643, z=-0.3773892128041476, w=-0.24548914991076853)",[0. 0. 0. 0. 0. 0. 0. 0. 0.],"geometry_msgs.msg.Vector3(x=-0.5, y=-0.0625, z=-1.4375)",[0. 0. 0. 0. 0. 0. 0. 0. 0.],"geometry_msgs.msg.Vector3(x=0.427734375, y=0.681640625, z=0.46630859375)",[0. 0. 0. 0. 0. 0. 0. 0. 0.],False
1731182647196726746,"std_msgs.msg.Header(stamp=builtin_interfaces.msg.Time(sec=1731182647, nanosec=196201386), frame_id='RL_myo')","geometry_msgs.msg.Quaternion(x=0.8319887510096796, y=0.32404286399459975, z=-0.3773277425531391, w=-0.24579405034964272)",[0. 0. 0. 0. 0. 0. 0. 0. 0.],"geometry_msgs.msg.Vector3(x=-1.0625, y=-0.1875, z=-1.4375)",[0. 0. 0. 0. 0. 0. 0. 0. 0.],"geometry_msgs.msg.Vector3(x=0.43505859375, y=0.68505859375, z=0.46826171875)",[0. 0. 0. 0. 0. 0. 0. 0. 0.],False
1731182647222123182,"std_msgs.msg.Header(stamp=builtin_interfaces.msg.Time(sec=1731182647, nanosec=221854212), frame_id='RL_myo')","geometry_msgs.msg.Quaternion(x=0.8319266746769051, y=0.3240424589772332, z=-0.3772662344958144, w=-0.246098925333623)",[0. 0. 0. 0. 0. 0. 0. 0. 0.],"geometry_msgs.msg.Vector3(x=-1.375, y=-0.375, z=-1.1875)",[0. 0. 0. 0. 0. 0. 0. 0. 0.],"geometry_msgs.msg.Vector3(x=0.43115234375, y=0.6826171875, z=0.462890625)",[0. 0. 0. 0. 0. 0. 0. 0. 0.],False
1731182647246110011,"std_msgs.msg.Header(stamp=builtin_interfaces.msg.Time(sec=1731182647, nanosec=245779907), frame_id='RL_myo')","geometry_msgs.msg.Quaternion(x=0.8318074031663544, y=0.32404355029425996, z=-0.3773285417063694, w=-0.24640493737764693)",[0. 0. 0. 0. 0. 0. 0. 0. 0.],"geometry_msgs.msg.Vector3(x=-1.125, y=-0.9375, z=-1.25)",[0. 0. 0. 0. 0. 0. 0. 0. 0.],"geometry_msgs.msg.Vector3(x=0.435546875, y=0.68505859375, z=0.4638671875)",[0. 0. 0. 0. 0. 0. 0. 0. 0.],False
1731182647260057235,"std_msgs.msg.Header(stamp=builtin_interfaces.msg.Time(sec=1731182647, nanosec=259816964), frame_id='RL_myo')","geometry_msgs.msg.Quaternion(x=0.8316006999448513, y=0.3242174618794165, z=-0.377439906675887, w=-0.24670312140749276)",[0. 0. 0. 0. 0. 0. 0. 0. 0.],"geometry_msgs.msg.Vector3(x=0.0, y=-1.125, z=-1.4375)",[0. 0. 0. 0. 0. 0. 0. 0. 0.],"geometry_msgs.msg.Vector3(x=0.43359375, y=0.6806640625, z=0.4599609375)",[0. 0. 0. 0. 0. 0. 0. 0. 0.],False
1731182647279507634,"std_msgs.msg.Header(stamp=builtin_interfaces.msg.Time(sec=1731182647, nanosec=279200406), frame_id='RL_myo')","geometry_msgs.msg.Quaternion(x=0.8313492250952228, y=0.3243977043815512, z=-0.3776807139629424, w=-0.24694508220653927)",[0. 0. 0. 0. 0. 0. 0. 0. 0.],"geometry_msgs.msg.Vector3(x=0.8125, y=-1.5, z=-1.8125)",[0. 0. 0. 0. 0. 0. 0. 0. 0.],"geometry_msgs.msg.Vector3(x=0.44287109375, y=0.67919921875, z=0.46533203125)",[0. 0. 0. 0. 0. 0. 0. 0. 0.],False
1731182647299945755,"std_msgs.msg.Header(stamp=builtin_interfaces.msg.Time(sec=1731182647, nanosec=299673261), frame_id='RL_myo')","geometry_msgs.msg.Quaternion(x=0.8310116389016566, y=0.3246530229392517, z=-0.3779989041291193, w=-0.24725876967980984)",[0. 0. 0. 0. 0. 0. 0. 0. 0.],"geometry_msgs.msg.Vector3(x=2.0, y=-2.375, z=-2.25)",[0. 0. 0. 0. 0. 0. 0. 0. 0.],"geometry_msgs.msg.Vector3(x=0.44287109375, y=0.6796875, z=0.4765625)",[0. 0. 0. 0. 0. 0. 0. 0. 0.],False
1731182647317388981,"std_msgs.msg.Header(stamp=builtin_interfaces.msg.Time(sec=1731182647, nanosec=316945669), frame_id='RL_myo')","geometry_msgs.msg.Quaternion(x=0.8305583663453565, y=0.3250090609045432, z=-0.378414305654116, w=-0.24767826650716174)",[0. 0. 0. 0. 0. 0. 0. 0. 0.],"geometry_msgs.msg.Vector3(x=2.0625, y=-3.625, z=-2.375)",[0. 0. 0. 0. 0. 0. 0. 0. 0.],"geometry_msgs.msg.Vector3(x=0.4296875, y=0.68359375, z=0.47021484375)",[0. 0. 0. 0. 0. 0. 0. 0. 0.],False
1731182647352291294,"std_msgs.msg.Header(stamp=builtin_interfaces.msg.Time(sec=1731182647, nanosec=351942163), frame_id='RL_myo')","geometry_msgs.msg.Quaternion(x=0.8300387381650017, y=0.3253258676681711, z=-0.3789161325485941, w=-0.2482364547479272)",[0. 0. 0. 0. 0. 0. 0. 0. 0.],"geometry_msgs.msg.Vector3(x=1.375, y=-4.5625, z=-2.0)",[0. 0. 0. 0. 0. 0. 0. 0. 0.],"geometry_msgs.msg.Vector3(x=0.42333984375, y=0.6904296875, z=0.46630859375)",[0. 0. 0. 0. 0. 0. 0. 0. 0.],False
1731182647376276030,"std_msgs.msg.Header(stamp=builtin_interfaces.msg.Time(sec=1731182647, nanosec=375854165), frame_id='RL_myo')","geometry_msgs.msg.Quaternion(x=0.829605270226327, y=0.32556757735338643, z=-0.37921847733344394, w=-0.24890599558438506)",[0. 0. 0. 0. 0. 0. 0. 0. 0.],"geometry_msgs.msg.Vector3(x=0.0, y=-4.125, z=-1.6875)",[0. 0. 0. 0. 0. 0. 0. 0. 0.],"geometry_msgs.msg.Vector3(x=0.404296875, y=0.69140625, z=0.46044921875)",[0. 0. 0. 0. 0. 0. 0. 0. 0.],False
1731182647388627158,"std_msgs.msg.Header(stamp=builtin_interfaces.msg.Time(sec=1731182647, nanosec=388230717), frame_id='RL_myo')","geometry_msgs.msg.Quaternion(x=0.82936339292954, y=0.32569054052634866, z=-0.37928055075538425, w=-0.2494560043349301)",[0. 0. 0. 0. 0. 0. 0. 0. 0.],"geometry_msgs.msg.Vector3(x=-0.125, y=-3.1875, z=-1.0)",[0. 0. 0. 0. 0. 0. 0. 0. 0.],"geometry_msgs.msg.Vector3(x=0.39794921875, y=0.69140625, z=0.46826171875)",[0. 0. 0. 0. 0. 0. 0. 0. 0.],False
1731182647399155166,"std_msgs.msg.Header(stamp=builtin_interfaces.msg.Time(sec=1731182647, nanosec=398658361), frame_id='RL_myo')","geometry_msgs.msg.Quaternion(x=0.8291935653266339, y=0.325878869729768, z=-0.3792866260537139, w=-0.24976518728867028)",[0. 0. 0. 0. 0. 0. 0. 0. 0.],"geometry_msgs.msg.Vector3(x=0.4375, y=-2.125, z=0.1875)",[0. 0. 0. 0. 0. 0. 0. 0. 0.],"geometry_msgs.msg.Vector3(x=0.400390625, y=0.693359375, z=0.47119140625)",[0. 0. 0. 0. 0. 0. 0. 0. 0.],False
1731182647419861099,"std_msgs.msg.Header(stamp=builtin_interfaces.msg.Time(sec=1731182647, nanosec=419499698), frame_id='RL_myo')","geometry_msgs.msg.Quaternion(x=0.8291892111088865, y=0.32593819560702647, z=-0.3794067085942465, w=-0.24951972727369368)",[0. 0. 0. 0. 0. 0. 0. 0. 0.],"geometry_msgs.msg.Vector3(x=1.375, y=-1.25, z=2.25)",[0. 0. 0. 0. 0. 0. 0. 0. 0.],"geometry_msgs.msg.Vector3(x=0.41845703125, y=0.68310546875, z=0.48095703125)",[0. 0. 0. 0. 0. 0. 0. 0. 0.],False
1731182647450801993,"std_msgs.msg.Header(stamp=builtin_interfaces.msg.Time(sec=1731182647, nanosec=450417052), frame_id='RL_myo')","geometry_msgs.msg.Quaternion(x=0.8291137845345843, y=0.3262987553093262, z=-0.3797053042984135, w=-0.24884400026115283)",[0. 0. 0. 0. 0. 0. 0. 0. 0.],"geometry_msgs.msg.Vector3(x=3.9375, y=-0.375, z=3.5625)",[0. 0. 0. 0. 0. 0. 0. 0. 0.],"geometry_msgs.msg.Vector3(x=0.41943359375, y=0.68115234375, z=0.46923828125)",[0. 0. 0. 0. 0. 0. 0. 0. 0.],False
1731182647458566195,"std_msgs.msg.Header(stamp=builtin_interfaces.msg.Time(sec=1731182647, nanosec=458026722), frame_id='RL_myo')","geometry_msgs.msg.Quaternion(x=0.8289880743987255, y=0.3270297528072722, z=-0.3800698526933341, w=-0.24774426402477007)",[0. 0. 0. 0. 0. 0. 0. 0. 0.],"geometry_msgs.msg.Vector3(x=6.4375, y=0.625, z=4.5625)",[0. 0. 0. 0. 0. 0. 0. 0. 0.],"geometry_msgs.msg.Vector3(x=0.4287109375, y=0.6845703125, z=0.4619140625)",[0. 0. 0. 0. 0. 0. 0. 0. 0.],False
1731182647479945520,"std_msgs.msg.Header(stamp=builtin_interfaces.msg.Time(sec=1731182647, nanosec=479503281), frame_id='RL_myo')","geometry_msgs.msg.Quaternion(x=0.8288718219001553, y=0.327886555761976, z=-0.38037770206787686, w=-0.2465252789878297)",[0. 0. 0. 0. 0. 0. 0. 0. 0.],"geometry_msgs.msg.Vector3(x=7.5, y=1.25, z=4.75)",[0. 0. 0. 0. 0. 0. 0. 0. 0.],"geometry_msgs.msg.Vector3(x=0.43017578125, y=0.6875, z=0.4697265625)",[0. 0. 0. 0. 0. 0. 0. 0. 0.],False
1731182647496905394,"std_msgs.msg.Header(stamp=builtin_interfaces.msg.Time(sec=1731182647, nanosec=496283977), frame_id='RL_myo')","geometry_msgs.msg.Quaternion(x=0.828721971616034, y=0.3287300441246103, z=-0.3807311576771852, w=-0.2453573667621488)",[0. 0. 0. 0. 0. 0. 0. 0. 0.],"geometry_msgs.msg.Vector3(x=6.6875, y=1.5625, z=4.8125)",[0. 0. 0. 0. 0. 0. 0. 0. 0.],"geometry_msgs.msg.Vector3(x=0.43603515625, y=0.69775390625, z=0.45654296875)",[0. 0. 0. 0. 0. 0. 0. 0. 0.],False
1731182647519201385,"std_msgs.msg.Header(stamp=builtin_interfaces.msg.Time(sec=1731182647, nanosec=518706880), frame_id='RL_myo')","geometry_msgs.msg.Quaternion(x=0.8286865552965894, y=0.3292895312532297, z=-0.38098707211912136, w=-0.24432733894470407)",[0. 0. 0. 0. 0. 0. 0. 0. 0.],"geometry_msgs.msg.Vector3(x=4.6875, y=1.375, z=4.5625)",[0. 0. 0. 0. 0. 0. 0. 0. 0.],"geometry_msgs.msg.Vector3(x=0.4345703125, y=0.6953125, z=0.45947265625)",[0. 0. 0. 0. 0. 0. 0. 0. 0.],False
1731182647541713200,"std_msgs.msg.Header(stamp=builtin_interfaces.msg.Time(sec=1731182647, nanosec=541224508), frame_id='RL_myo')","geometry_msgs.msg.Quaternion(x=0.8287320142332331, y=0.3294664466660033, z=-0.38128508564700303, w=-0.24346825782710022)",[0. 0. 0. 0. 0. 0. 0. 0. 0.],"geometry_msgs.msg.Vector3(x=2.875, y=0.5, z=4.5)",[0. 0. 0. 0. 0. 0. 0. 0. 0.],"geometry_msgs.msg.Vector3(x=0.43798828125, y=0.6875, z=0.45703125)",[0. 0. 0. 0. 0. 0. 0. 0. 0.],False
1731182647556771800,"std_msgs.msg.Header(stamp=builtin_interfaces.msg.Time(sec=1731182647, nanosec=556276190), frame_id='RL_myo')","geometry_msgs.msg.Quaternion(x=0.828756771939963, y=0.32947628921283845, z=-0.38172373337108034, w=-0.242682053706974)",[0. 0. 0. 0. 0. 0. 0. 0. 0.],"geometry_msgs.msg.Vector3(x=2.1875, y=-0.4375, z=4.375)",[0. 0. 0. 0. 0. 0. 0. 0. 0.],"geometry_msgs.msg.Vector3(x=0.4443359375, y=0.6826171875, z=0.45751953125)",[0. 0. 0. 0. 0. 0. 0. 0. 0.],False
1731182647578579329,"std_msgs.msg.Header(stamp=builtin_interfaces.msg.Time(sec=1731182647, nanosec=578030187), frame_id='RL_myo')","geometry_msgs.msg.Quaternion(x=0.8287159685137532, y=0.3294843336552434, z=-0.38234343571997864, w=-0.24183344385736835)",[0. 0. 0. 0. 0. 0. 0. 0. 0.],"geometry_msgs.msg.Vector3(x=2.875, y=-1.0, z=4.1875)",[0. 0. 0. 0. 0. 0. 0. 0. 0.],"geometry_msgs.msg.Vector3(x=0.455078125, y=0.67431640625, z=0.4541015625)",[0. 0. 0. 0. 0. 0. 0. 0. 0.],False
1731182647599455877,"std_msgs.msg.Header(stamp=builtin_interfaces.msg.Time(sec=1731182647, nanosec=599066143), frame_id='RL_myo')","geometry_msgs.msg.Quaternion(x=0.8285183707881804, y=0.32972272277867615, z=-0.3830691981042154, w=-0.24103573347889526)",[0. 0. 0. 0. 0. 0. 0. 0. 0.],"geometry_msgs.msg.Vector3(x=4.8125, y=-1.6875, z=3.4375)",[0. 0. 0. 0. 0. 0. 0. 0. 0.],"geometry_msgs.msg.Vector3(x=0.453125, y=0.67138671875, z=0.45947265625)",[0. 0. 0. 0. 0. 0. 0. 0. 0.],False
1731182647615909752,"std_msgs.msg.Header(stamp=builtin_interfaces.msg.Time(sec=1731182647, nanosec=615530173), frame_id='RL_myo')","geometry_msgs.msg.Quaternion(x=0.8281251264852761, y=0.3302002457462665, z=-0.3839722266154829, w=-0.24029544685823498)",[0. 0. 0. 0. 0. 0. 0. 0. 0.],"geometry_msgs.msg.Vector3(x=6.25, y=-2.875, z=3.0625)",[0. 0. 0. 0. 0. 0. 0. 0. 0.],"geometry_msgs.msg.Vector3(x=0.4560546875, y=0.67724609375, z=0.4580078125)",[0. 0. 0. 0. 0. 0. 0. 0. 0.],False
1731182647644721868,"std_msgs.msg.Header(stamp=builtin_interfaces.msg.Time(sec=1731182647, nanosec=644404873), frame_id='RL_myo')","geometry_msgs.msg.Quaternion(x=0.8275478190899376, y=0.33094588251258605, z=-0.3850251986147903, w=-0.23957259108482115)",[0. 0. 0. 0. 0. 0. 0. 0. 0.],"geometry_msgs.msg.Vector3(x=7.625, y=-4.0625, z=2.9375)",[0. 0. 0. 0. 0. 0. 0. 0. 0.],"geometry_msgs.msg.Vector3(x=0.4482421875, y=0.685546875, z=0.4541015625)",[0. 0. 0. 0. 0. 0. 0. 0. 0.],False
1731182647668274897,"std_msgs.msg.Header(stamp=builtin_interfaces.msg.Time(sec=1731182647, nanosec=667870548), frame_id='RL_myo')","geometry_msgs.msg.Quaternion(x=0.8269145904194636, y=0.3316081318090453, z=-0.3862352766588696, w=-0.23889457535442724)",[0. 0. 0. 0. 0. 0. 0. 0. 0.],"geometry_msgs.msg.Vector3(x=7.875, y=-5.1875, z=3.25)",[0. 0. 0. 0. 0. 0. 0. 0. 0.],"geometry_msgs.msg.Vector3(x=0.451171875, y=0.6865234375, z=0.458984375)",[0. 0. 0. 0. 0. 0. 0. 0. 0.],False
1731182647676462626,"std_msgs.msg.Header(stamp=builtin_interfaces.msg.Time(sec=1731182647, nanosec=676094397), frame_id='RL_myo')","geometry_msgs.msg.Quaternion(x=0.8262404481771883, y=0.3322173863801755, z=-0.38745470673183063, w=-0.23840549535200545)",[0. 0. 0. 0. 0. 0. 0. 0. 0.],"geometry_msgs.msg.Vector3(x=6.9375, y=-6.0, z=2.8125)",[0. 0. 0. 0. 0. 0. 0. 0. 0.],"geometry_msgs.msg.Vector3(x=0.4423828125, y=0.69091796875, z=0.45068359375)",[0. 0. 0. 0. 0. 0. 0. 0. 0.],False
1731182647698435664,"std_msgs.msg.Header(stamp=builtin_interfaces.msg.Time(sec=1731182647, nanosec=698063670), frame_id='RL_myo')","geometry_msgs.msg.Quaternion(x=0.8255583541979974, y=0.33239618490036177, z=-0.38879245277548746, w=-0.23834137018654294)",[0. 0. 0. 0. 0. 0. 0. 0. 0.],"geometry_msgs.msg.Vector3(x=3.0, y=-7.875, z=2.8125)",[0. 0. 0. 0. 0. 0. 0. 0. 0.],"geometry_msgs.msg.Vector3(x=0.43798828125, y=0.70849609375, z=0.4443359375)",[0. 0. 0. 0. 0. 0. 0. 0. 0.],False
1731182647720951221,"std_msgs.msg.Header(stamp=builtin_interfaces.msg.Time(sec=1731182647, nanosec=720564964), frame_id='RL_myo')","geometry_msgs.msg.Quaternion(x=0.8250288362186585, y=0.33185483335953586, z=-0.3899614733003632, w=-0.23901848950449558)",[0. 0. 0. 0. 0. 0. 0. 0. 0.],"geometry_msgs.msg.Vector3(x=-2.75, y=-9.4375, z=2.0625)",[0. 0. 0. 0. 0. 0. 0. 0. 0.],"geometry_msgs.msg.Vector3(x=0.42431640625, y=0.71826171875, z=0.4404296875)",[0. 0. 0. 0. 0. 0. 0. 0. 0.],False
1731182647736202226,"std_msgs.msg.Header(stamp=builtin_interfaces.msg.Time(sec=1731182647, nanosec=735864903), frame_id='RL_myo')","geometry_msgs.msg.Quaternion(x=0.8247255546085835, y=0.33094005011010513, z=-0.3908168832266697, w=-0.2399345881561828)",[0. 0. 0. 0. 0. 0. 0. 0. 0.],"geometry_msgs.msg.Vector3(x=-5.375, y=-9.0625, z=1.4375)",[0. 0. 0. 0. 0. 0. 0. 0. 0.],"geometry_msgs.msg.Vector3(x=0.41064453125, y=0.6953125, z=0.4345703125)",[0. 0. 0. 0. 0. 0. 0. 0. 0.],False
1731182647772359325,"std_msgs.msg.Header(stamp=builtin_interfaces.msg.Time(sec=1731182647, nanosec=771952985), frame_id='RL_myo')","geometry_msgs.msg.Quaternion(x=0.8242390203505793, y=0.3304524626909091, z=-0.39191637660478895, w=-0.24048442981200255)",[0. 0. 0. 0. 0. 0. 0. 0. 0.],"geometry_msgs.msg.Vector3(x=-1.5625, y=-8.6875, z=1.75)",[0. 0. 0. 0. 0. 0. 0. 0. 0.],"geometry_msgs.msg.Vector3(x=0.41796875, y=0.68408203125, z=0.4345703125)",[0. 0. 0. 0. 0. 0. 0. 0. 0.],False
1731182647782955082,"std_msgs.msg.Header(stamp=builtin_interfaces.msg.Time(sec=1731182647, nanosec=782602121), frame_id='RL_myo')","geometry_msgs.msg.Quaternion(x=0.8234653727595609, y=0.33082664890347785, z=-0.3931465766766238, w=-0.24061229704382098)",[0. 0. 0. 0. 0. 0. 0. 0. 0.],"geometry_msgs.msg.Vector3(x=4.375, y=-8.25, z=1.75)",[0. 0. 0. 0. 0. 0. 0. 0. 0.],"geometry_msgs.msg.Vector3(x=0.41796875, y=0.681640625, z=0.4306640625)",[0. 0. 0. 0. 0. 0. 0. 0. 0.],False
1731182647796720464,"std_msgs.msg.Header(stamp=builtin_interfaces.msg.Time(sec=1731182647, nanosec=796312116), frame_id='RL_myo')","geometry_msgs.msg.Quaternion(x=0.8225588701302744, y=0.3319653999138208, z=-0.39446449340743217, w=-0.23998675353210944)",[0. 0. 0. 0. 0. 0. 0. 0. 0.],"geometry_msgs.msg.Vector3(x=9.5, y=-5.4375, z=1.9375)",[0. 0. 0. 0. 0. 0. 0. 0. 0.],"geometry_msgs.msg.Vector3(x=0.44482421875, y=0.6787109375, z=0.42041015625)",[0. 0. 0. 0. 0. 0. 0. 0. 0.],False
1731182647819132776,"std_msgs.msg.Header(stamp=builtin_interfaces.msg.Time(sec=1731182647, nanosec=818759100), frame_id='RL_myo')","geometry_msgs.msg.Quaternion(x=0.8220095815952465, y=0.33288092203894226, z=-0.39531898277341937, w=-0.23919331380099282)",[0. 0. 0. 0. 0. 0. 0. 0. 0.],"geometry_msgs.msg.Vector3(x=8.25, y=-2.0625, z=2.0625)",[0. 0. 0. 0. 0. 0. 0. 0. 0.],"geometry_msgs.msg.Vector3(x=0.4599609375, y=0.67626953125, z=0.42431640625)",[0. 0. 0. 0. 0. 0. 0. 0. 0.],False
1731182647840913212,"std_msgs.msg.Header(stamp=builtin_interfaces.msg.Time(sec=1731182647, nanosec=840581153), frame_id='RL_myo')","geometry_msgs.msg.Quaternion(x=0.821636388577937, y=0.3335742414069107, z=-0.3960164095604825, w=-0.2383545128442793)",[0. 0. 0. 0. 0. 0. 0. 0. 0.],"geometry_msgs.msg.Vector3(x=6.375, y=-1.0625, z=2.5625)",[0. 0. 0. 0. 0. 0. 0. 0. 0.],"geometry_msgs.msg.Vector3(x=0.4580078125, y=0.677734375, z=0.419921875)",[0. 0. 0. 0. 0. 0. 0. 0. 0.],False
1731182647861842065,"std_msgs.msg.Header(stamp=builtin_interfaces.msg.Time(sec=1731182647, nanosec=861508228), frame_id='RL_myo')","geometry_msgs.msg.Quaternion(x=0.8216666372809007, y=0.33368381414460585, z=-0.39630675054708725, w=-0.23761314952715396)",[0. 0. 0. 0. 0. 0. 0. 0. 0.],"geometry_msgs.msg.Vector3(x=3.3125, y=-0.3125, z=3.625)",[0. 0. 0. 0. 0. 0. 0. 0. 0.],"geometry_msgs.msg.Vector3(x=0.46923828125, y=0.6884765625, z=0.451171875)",[0. 0. 0. 0. 0. 0. 0. 0. 0.],False
1731182647878522915,"std_msgs.msg.Header(stamp=builtin_interfaces.msg.Time(sec=1731182647, nanosec=878106554), frame_id='RL_myo')","geometry_msgs.msg.Quaternion(x=0.8219670342176691, y=0.33319358727216575, z=-0.39624340878748854, w=-0.23736762427211075)",[0. 0. 0. 0. 0. 0. 0. 0. 0.],"geometry_msgs.msg.Vector3(x=-0.375, y=0.0, z=1.625)",[0. 0. 0. 0. 0. 0. 0. 0. 0.],"geometry_msgs.msg.Vector3(x=0.4765625, y=0.68798828125, z=0.4677734375)",[0. 0. 0. 0. 0. 0. 0. 0. 0.],False
1731182647901675728,"std_msgs.msg.Header(stamp=builtin_interfaces.msg.Time(sec=1731182647, nanosec=901290393), frame_id='RL_myo')","geometry_msgs.msg.Quaternion(x=0.8219726272275845, y=0.332768602037929, z=-0.3965512852972166, w=-0.2374302754819413)",[0. 0. 0. 0. 0. 0. 0. 0. 0.],"geometry_msgs.msg.Vector3(x=-1.0625, y=-1.9375, z=0.4375)",[0. 0. 0. 0. 0. 0. 0. 0. 0.],"geometry_msgs.msg.Vector3(x=0.46728515625, y=0.666015625, z=0.4375)",[0. 0. 0. 0. 0. 0. 0. 0. 0.],False
1731182647922352466,"std_msgs.msg.Header(stamp=builtin_interfaces.msg.Time(sec=1731182647, nanosec=921975534), frame_id='RL_myo')","geometry_msgs.msg.Quaternion(x=0.8215622513934187, y=0.3328364752487602, z=-0.3974139538501151, w=-0.23731307826282405)",[0. 0. 0. 0. 0. 0. 0. 0. 0.],"geometry_msgs.msg.Vector3(x=2.1875, y=-4.0, z=0.4375)",[0. 0. 0. 0. 0. 0. 0. 0. 0.],"geometry_msgs.msg.Vector3(x=0.46484375, y=0.6669921875, z=0.4150390625)",[0. 0. 0. 0. 0. 0. 0. 0. 0.],False
1731182647944199152,"std_msgs.msg.Header(stamp=builtin_interfaces.msg.Time(sec=1731182647, nanosec=943861879), frame_id='RL_myo')","geometry_msgs.msg.Quaternion(x=0.8209877433924975, y=0.3332535186174289, z=-0.39807315905180796, w=-0.23761097948308624)",[0. 0. 0. 0. 0. 0. 0. 0. 0.],"geometry_msgs.msg.Vector3(x=3.4375, y=-4.375, z=-2.25)",[0. 0. 0. 0. 0. 0. 0. 0. 0.],"geometry_msgs.msg.Vector3(x=0.4638671875, y=0.67822265625, z=0.42333984375)",[0. 0. 0. 0. 0. 0. 0. 0. 0.],False
1731182647961749724,"std_msgs.msg.Header(stamp=builtin_interfaces.msg.Time(sec=1731182647, nanosec=961213695), frame_id='RL_myo')","geometry_msgs.msg.Quaternion(x=0.8204699743865447, y=0.33357152284053465, z=-0.3985767692861283, w=-0.23810841914015107)",[0. 0. 0. 0. 0. 0. 0. 0. 0.],"geometry_msgs.msg.Vector3(x=1.625, y=-3.875, z=-2.9375)",[0. 0. 0. 0. 0. 0. 0. 0. 0.],"geometry_msgs.msg.Vector3(x=0.4658203125, y=0.6943359375, z=0.42822265625)",[0. 0. 0. 0. 0. 0. 0. 0. 0.],False
1731182647981953029,"std_msgs.msg.Header(stamp=builtin_interfaces.msg.Time(sec=1731182647, nanosec=981511209), frame_id='RL_myo')","geometry_msgs.msg.Quaternion(x=0.82003437550428, y=0.33362916981811647, z=-0.399061015783177, w=-0.23871637086693256)",[0. 0. 0. 0. 0. 0. 0. 0. 0.],"geometry_msgs.msg.Vector3(x=-0.375, y=-4.0625, z=-2.4375)",[0. 0. 0. 0. 0. 0. 0. 0. 0.],"geometry_msgs.msg.Vector3(x=0.470703125, y=0.703125, z=0.42529296875)",[0. 0. 0. 0. 0. 0. 0. 0. 0.],False
1731182647998716340,"std_msgs.msg.Header(stamp=builtin_interfaces.msg.Time(sec=1731182647, nanosec=998274748), frame_id='RL_myo')","geometry_msgs.msg.Quaternion(x=0.8197670818685296, y=0.3328873251813685, z=-0.3997211390929194, w=-0.23956412749117553)",[0. 0. 0. 0. 0. 0. 0. 0. 0.],"geometry_msgs.msg.Vector3(x=-5.0625, y=-5.5625, z=-1.375)",[0. 0. 0. 0. 0. 0. 0. 0. 0.],"geometry_msgs.msg.Vector3(x=0.462890625, y=0.7001953125, z=0.41162109375)",[0. 0. 0. 0. 0. 0. 0. 0. 0.],False
1731182648021255915,"std_msgs.msg.Header(stamp=builtin_interfaces.msg.Time(sec=1731182648, nanosec=20711533), frame_id='RL_myo')","geometry_msgs.msg.Quaternion(x=0.8193459643720172, y=0.3321573851394903, z=-0.4004565608048872, w=-0.24078663806969666)",[0. 0. 0. 0. 0. 0. 0. 0. 0.],"geometry_msgs.msg.Vector3(x=-6.6875, y=-6.8125, z=-2.125)",[0. 0. 0. 0. 0. 0. 0. 0. 0.],"geometry_msgs.msg.Vector3(x=0.46044921875, y=0.7060546875, z=0.40185546875)",[0. 0. 0. 0. 0. 0. 0. 0. 0.],False
1731182648042240310,"std_msgs.msg.Header(stamp=builtin_interfaces.msg.Time(sec=1731182648, nanosec=41879237), frame_id='RL_myo')","geometry_msgs.msg.Quaternion(x=0.8189301461044458, y=0.3314295813778893, z=-0.4009504456853324, w=-0.2423769553686185)",[0. 0. 0. 0. 0. 0. 0. 0. 0.],"geometry_msgs.msg.Vector3(x=-7.5625, y=-6.75, z=-4.375)",[0. 0. 0. 0. 0. 0. 0. 0. 0.],"geometry_msgs.msg.Vector3(x=0.45556640625, y=0.708984375, z=0.40283203125)",[0. 0. 0. 0. 0. 0. 0. 0. 0.],False
1731182648059118761,"std_msgs.msg.Header(stamp=builtin_interfaces.msg.Time(sec=1731182648, nanosec=58750404), frame_id='RL_myo')","geometry_msgs.msg.Quaternion(x=0.8186441354146368, y=0.3306438474158282, z=-0.4011429509353559, w=-0.2440917012767024)",[0. 0. 0. 0. 0. 0. 0. 0. 0.],"geometry_msgs.msg.Vector3(x=-8.25, y=-5.9375, z=-5.125)",[0. 0. 0. 0. 0. 0. 0. 0. 0.],"geometry_msgs.msg.Vector3(x=0.44677734375, y=0.70556640625, z=0.40869140625)",[0. 0. 0. 0. 0. 0. 0. 0. 0.],False
1731182648088417614,"std_msgs.msg.Header(stamp=builtin_interfaces.msg.Time(sec=1731182648, nanosec=88041930), frame_id='RL_myo')","geometry_msgs.msg.Quaternion(x=0.8183584207816558, y=0.33007774012434327, z=-0.40130568441522874, w=-0.24554414728554605)",[0. 0. 0. 0. 0. 0. 0. 0. 0.],"geometry_msgs.msg.Vector3(x=-6.1875, y=-5.3125, z=-3.9375)",[0. 0. 0. 0. 0. 0. 0. 0. 0.],"geometry_msgs.msg.Vector3(x=0.431640625, y=0.6943359375, z=0.41650390625)",[0. 0. 0. 0. 0. 0. 0. 0. 0.],False
1731182648101893809,"std_msgs.msg.Header(stamp=builtin_interfaces.msg.Time(sec=1731182648, nanosec=101559462), frame_id='RL_myo')","geometry_msgs.msg.Quaternion(x=0.8182202091851047, y=0.32972962103826453, z=-0.4012666658099872, w=-0.2465342353523788)",[0. 0. 0. 0. 0. 0. 0. 0. 0.],"geometry_msgs.msg.Vector3(x=-4.3125, y=-3.25, z=-2.625)",[0. 0. 0. 0. 0. 0. 0. 0. 0.],"geometry_msgs.msg.Vector3(x=0.4345703125, y=0.69140625, z=0.42138671875)",[0. 0. 0. 0. 0. 0. 0. 0. 0.],False
1731182648126267560,"std_msgs.msg.Header(stamp=builtin_interfaces.msg.Time(sec=1731182648, nanosec=125896270), frame_id='RL_myo')","geometry_msgs.msg.Quaternion(x=0.8182213906484195, y=0.32964446746920134, z=-0.4009321434558755, w=-0.247187575125026)",[0. 0. 0. 0. 0. 0. 0. 0. 0.],"geometry_msgs.msg.Vector3(x=-2.5, y=-0.4375, z=-2.1875)",[0. 0. 0. 0. 0. 0. 0. 0. 0.],"geometry_msgs.msg.Vector3(x=0.447265625, y=0.701171875, z=0.4384765625)",[0. 0. 0. 0. 0. 0. 0. 0. 0.],False
1731182648141057968,"std_msgs.msg.Header(stamp=builtin_interfaces.msg.Time(sec=1731182648, nanosec=140574209), frame_id='RL_myo')","geometry_msgs.msg.Quaternion(x=0.8185463485438245, y=0.3294082949139528, z=-0.40027044618226837, w=-0.24749872815936233)",[0. 0. 0. 0. 0. 0. 0. 0. 0.],"geometry_msgs.msg.Vector3(x=-2.5, y=1.75, z=-1.0625)",[0. 0. 0. 0. 0. 0. 0. 0. 0.],"geometry_msgs.msg.Vector3(x=0.44677734375, y=0.69921875, z=0.45361328125)",[0. 0. 0. 0. 0. 0. 0. 0. 0.],False
1731182648162270035,"std_msgs.msg.Header(stamp=builtin_interfaces.msg.Time(sec=1731182648, nanosec=161876935), frame_id='RL_myo')","geometry_msgs.msg.Quaternion(x=0.8189210789434278, y=0.32922861294036293, z=-0.39972528478799346, w=-0.24737923030168538)",[0. 0. 0. 0. 0. 0. 0. 0. 0.],"geometry_msgs.msg.Vector3(x=-1.625, y=2.5625, z=1.1875)",[0. 0. 0. 0. 0. 0. 0. 0. 0.],"geometry_msgs.msg.Vector3(x=0.4462890625, y=0.68408203125, z=0.44189453125)",[0. 0. 0. 0. 0. 0. 0. 0. 0.],False
1731182648179228783,"std_msgs.msg.Header(stamp=builtin_interfaces.msg.Time(sec=1731182648, nanosec=178800037), frame_id='RL_myo')","geometry_msgs.msg.Quaternion(x=0.8191643275829927, y=0.32916721694769985, z=-0.39954173968841894, w=-0.24695170772675573)",[0. 0. 0. 0. 0. 0. 0. 0. 0.],"geometry_msgs.msg.Vector3(x=-0.0625, y=2.1875, z=2.4375)",[0. 0. 0. 0. 0. 0. 0. 0. 0.],"geometry_msgs.msg.Vector3(x=0.44970703125, y=0.6845703125, z=0.4306640625)",[0. 0. 0. 0. 0. 0. 0. 0. 0.],False
1731182648201774011,"std_msgs.msg.Header(stamp=builtin_interfaces.msg.Time(sec=1731182648, nanosec=201325941), frame_id='RL_myo')","geometry_msgs.msg.Quaternion(x=0.8192054183836818, y=0.32946437553532365, z=-0.3995930468006232, w=-0.24633535006679627)",[0. 0. 0. 0. 0. 0. 0. 0. 0.],"geometry_msgs.msg.Vector3(x=2.4375, y=1.4375, z=2.4375)",[0. 0. 0. 0. 0. 0. 0. 0. 0.],"geometry_msgs.msg.Vector3(x=0.4599609375, y=0.68701171875, z=0.42578125)",[0. 0. 0. 0. 0. 0. 0. 0. 0.],False
1731182648221805646,"std_msgs.msg.Header(stamp=builtin_interfaces.msg.Time(sec=1731182648, nanosec=221406915), frame_id='RL_myo')","geometry_msgs.msg.Quaternion(x=0.8190718661534161, y=0.32994802596314216, z=-0.3997705457008104, w=-0.24584362718822356)",[0. 0. 0. 0. 0. 0. 0. 0. 0.],"geometry_msgs.msg.Vector3(x=2.9375, y=0.9375, z=1.25)",[0. 0. 0. 0. 0. 0. 0. 0. 0.],"geometry_msgs.msg.Vector3(x=0.46142578125, y=0.69580078125, z=0.4208984375)",[0. 0. 0. 0. 0. 0. 0. 0. 0.],False
1731182648239198703,"std_msgs.msg.Header(stamp=builtin_interfaces.msg.Time(sec=1731182648, nanosec=238773774), frame_id='RL_myo')","geometry_msgs.msg.Quaternion(x=0.8188066251555156, y=0.3306355190806879, z=-0.3998510772563386, w=-0.24567250587036527)",[0. 0. 0. 0. 0. 0. 0. 0. 0.],"geometry_msgs.msg.Vector3(x=3.0625, y=0.75, z=-0.5625)",[0. 0. 0. 0. 0. 0. 0. 0. 0.],"geometry_msgs.msg.Vector3(x=0.46240234375, y=0.70556640625, z=0.41748046875)",[0. 0. 0. 0. 0. 0. 0. 0. 0.],False
1731182648261640590,"std_msgs.msg.Header(stamp=builtin_interfaces.msg.Time(sec=1731182648, nanosec=261207784), frame_id='RL_myo')","geometry_msgs.msg.Quaternion(x=0.8186093982428425, y=0.33111810210762155, z=-0.39978314632348777, w=-0.2457903404953718)",[0. 0. 0. 0. 0. 0. 0. 0. 0.],"geometry_msgs.msg.Vector3(x=1.0, y=1.0625, z=-1.375)",[0. 0. 0. 0. 0. 0. 0. 0. 0.],"geometry_msgs.msg.Vector3(x=0.4580078125, y=0.7080078125, z=0.4150390625)",[0. 0. 0. 0. 0. 0. 0. 0. 0.],False
1731182648282266363,"std_msgs.msg.Header(stamp=builtin_interfaces.msg.Time(sec=1731182648, nanosec=281856346), frame_id='RL_myo')","geometry_msgs.msg.Quaternion(x=0.8185985052837871, y=0.3313578351614733, z=-0.39953368741333656, w=-0.24590913941159992)",[0. 0. 0. 0. 0. 0. 0. 0. 0.],"geometry_msgs.msg.Vector3(x=-1.375, y=1.625, z=-0.6875)",[0. 0. 0. 0. 0. 0. 0. 0. 0.],"geometry_msgs.msg.Vector3(x=0.45263671875, y=0.7041015625, z=0.40576171875)",[0. 0. 0. 0. 0. 0. 0. 0. 0.],False
1731182648298463820,"std_msgs.msg.Header(stamp=builtin_interfaces.msg.Time(sec=1731182648, nanosec=298017662), frame_id='RL_myo')","geometry_msgs.msg.Quaternion(x=0.8188206178890073, y=0.33119050858484933, z=-0.3992475334783449, w=-0.24585981728340825)",[0. 0. 0. 0. 0. 0. 0. 0. 0.],"geometry_msgs.msg.Vector3(x=-2.625, y=2.0, z=0.5625)",[0. 0. 0. 0. 0. 0. 0. 0. 0.],"geometry_msgs.msg.Vector3(x=0.45556640625, y=0.69384765625, z=0.4169921875)",[0. 0. 0. 0. 0. 0. 0. 0. 0.],False
1731182648321712625,"std_msgs.msg.Header(stamp=builtin_interfaces.msg.Time(sec=1731182648, nanosec=321304044), frame_id='RL_myo')","geometry_msgs.msg.Quaternion(x=0.8189781441253116, y=0.3309970543740919, z=-0.39905195306985297, w=-0.24591317205849458)",[0. 0. 0. 0. 0. 0. 0. 0. 0.],"geometry_msgs.msg.Vector3(x=-1.3125, y=1.0, z=0.0)",[0. 0. 0. 0. 0. 0. 0. 0. 0.],"geometry_msgs.msg.Vector3(x=0.45703125, y=0.685546875, z=0.43017578125)",[0. 0. 0. 0. 0. 0. 0. 0. 0.],False
1731182648342215041,"std_msgs.msg.Header(stamp=builtin_interfaces.msg.Time(sec=1731182648, nanosec=341864812), frame_id='RL_myo')","geometry_msgs.msg.Quaternion(x=0.8189781441253116, y=0.3309970543740919, z=-0.39905195306985297, w=-0.24591317205849458)",[0. 0. 0. 0. 0. 0. 0. 0. 0.],"geometry_msgs.msg.Vector3(x=-0.6875, y=-0.5625, z=-0.5625)",[0. 0. 0. 0. 0. 0. 0. 0. 0.],"geometry_msgs.msg.Vector3(x=0.455078125, y=0.69189453125, z=0.4375)",[0. 0. 0. 0. 0. 0. 0. 0. 0.],False
1731182648358525086,"std_msgs.msg.Header(stamp=builtin_interfaces.msg.Time(sec=1731182648, nanosec=358123923), frame_id='RL_myo')","geometry_msgs.msg.Quaternion(x=0.8188522533096732, y=0.3310565460607981, z=-0.3991111273398891, w=-0.24615616708392307)",[0. 0. 0. 0. 0. 0. 0. 0. 0.],"geometry_msgs.msg.Vector3(x=-0.4375, y=-0.75, z=-1.25)",[0. 0. 0. 0. 0. 0. 0. 0. 0.],"geometry_msgs.msg.Vector3(x=0.45703125, y=0.69677734375, z=0.42578125)",[0. 0. 0. 0. 0. 0. 0. 0. 0.],False
1731182648381621559,"std_msgs.msg.Header(stamp=builtin_interfaces.msg.Time(sec=1731182648, nanosec=381234914), frame_id='RL_myo')","geometry_msgs.msg.Quaternion(x=0.8188518216647447, y=0.3309953360828794, z=-0.39904988148808146, w=-0.24633914372681198)",[0. 0. 0. 0. 0. 0. 0. 0. 0.],"geometry_msgs.msg.Vector3(x=-1.0625, y=-0.25, z=-0.6875)",[0. 0. 0. 0. 0. 0. 0. 0. 0.],"geometry_msgs.msg.Vector3(x=0.45703125, y=0.69677734375, z=0.4326171875)",[0. 0. 0. 0. 0. 0. 0. 0. 0.],False
1731182648409262026,"std_msgs.msg.Header(stamp=builtin_interfaces.msg.Time(sec=1731182648, nanosec=408768849), frame_id='RL_myo')","geometry_msgs.msg.Quaternion(x=0.8190457263829651, y=0.3307555549049324, z=-0.39881099755468324, w=-0.24640342778210225)",[0. 0. 0. 0. 0. 0. 0. 0. 0.],"geometry_msgs.msg.Vector3(x=-2.625, y=1.0625, z=1.0625)",[0. 0. 0. 0. 0. 0. 0. 0. 0.],"geometry_msgs.msg.Vector3(x=0.44970703125, y=0.70263671875, z=0.4296875)",[0. 0. 0. 0. 0. 0. 0. 0. 0.],False
1731182648420259502,"std_msgs.msg.Header(stamp=builtin_interfaces.msg.Time(sec=1731182648, nanosec=419577912), frame_id='RL_myo')","geometry_msgs.msg.Quaternion(x=0.8195149535777365, y=0.3302595824688413, z=-0.39837447694957073, w=-0.24621459169826387)",[0. 0. 0. 0. 0. 0. 0. 0. 0.],"geometry_msgs.msg.Vector3(x=-3.5, y=2.0, z=2.5)",[0. 0. 0. 0. 0. 0. 0. 0. 0.],"geometry_msgs.msg.Vector3(x=0.4501953125, y=0.697265625, z=0.439453125)",[0. 0. 0. 0. 0. 0. 0. 0. 0.],False
1731182648448513573,"std_msgs.msg.Header(stamp=builtin_interfaces.msg.Time(sec=1731182648, nanosec=448151522), frame_id='RL_myo')","geometry_msgs.msg.Quaternion(x=0.8200247155510284, y=0.32971890684083777, z=-0.3979576587564351, w=-0.24591585998921425)",[0. 0. 0. 0. 0. 0. 0. 0. 0.],"geometry_msgs.msg.Vector3(x=-3.1875, y=2.5, z=3.25)",[0. 0. 0. 0. 0. 0. 0. 0. 0.],"geometry_msgs.msg.Vector3(x=0.44580078125, y=0.689453125, z=0.43994140625)",[0. 0. 0. 0. 0. 0. 0. 0. 0.],False
1731182648462470061,"std_msgs.msg.Header(stamp=builtin_interfaces.msg.Time(sec=1731182648, nanosec=462064028), frame_id='RL_myo')","geometry_msgs.msg.Quaternion(x=0.8205076807716667, y=0.32941158618795546, z=-0.3974057509115764, w=-0.24560908334636516)",[0. 0. 0. 0. 0. 0. 0. 0. 0.],"geometry_msgs.msg.Vector3(x=-2.125, y=2.6875, z=2.875)",[0. 0. 0. 0. 0. 0. 0. 0. 0.],"geometry_msgs.msg.Vector3(x=0.43603515625, y=0.6904296875, z=0.44287109375)",[0. 0. 0. 0. 0. 0. 0. 0. 0.],False
1731182648479387391,"std_msgs.msg.Header(stamp=builtin_interfaces.msg.Time(sec=1731182648, nanosec=478946820), frame_id='RL_myo')","geometry_msgs.msg.Quaternion(x=0.8207732796834539, y=0.3292370841535324, z=-0.3971109509645684, w=-0.24543239068990616)",[0. 0. 0. 0. 0. 0. 0. 0. 0.],"geometry_msgs.msg.Vector3(x=-1.875, y=1.9375, z=2.125)",[0. 0. 0. 0. 0. 0. 0. 0. 0.],"geometry_msgs.msg.Vector3(x=0.4404296875, y=0.69140625, z=0.43212890625)",[0. 0. 0. 0. 0. 0. 0. 0. 0.],False
1731182648501968818,"std_msgs.msg.Header(stamp=builtin_interfaces.msg.Time(sec=1731182648, nanosec=501493299), frame_id='RL_myo')","geometry_msgs.msg.Quaternion(x=0.8211711128065892, y=0.32892010754531803, z=-0.39666947094767524, w=-0.24524048842402818)",[0. 0. 0. 0. 0. 0. 0. 0. 0.],"geometry_msgs.msg.Vector3(x=-1.8125, y=1.875, z=2.1875)",[0. 0. 0. 0. 0. 0. 0. 0. 0.],"geometry_msgs.msg.Vector3(x=0.44287109375, y=0.6884765625, z=0.44921875)",[0. 0. 0. 0. 0. 0. 0. 0. 0.],False
1731182648522123391,"std_msgs.msg.Header(stamp=builtin_interfaces.msg.Time(sec=1731182648, nanosec=521683469), frame_id='RL_myo')","geometry_msgs.msg.Quaternion(x=0.8215410915476445, y=0.3286164366190578, z=-0.3963050748453831, w=-0.2449974696487552)",[0. 0. 0. 0. 0. 0. 0. 0. 0.],"geometry_msgs.msg.Vector3(x=-1.875, y=1.8125, z=2.0625)",[0. 0. 0. 0. 0. 0. 0. 0. 0.],"geometry_msgs.msg.Vector3(x=0.44580078125, y=0.68115234375, z=0.44189453125)",[0. 0. 0. 0. 0. 0. 0. 0. 0.],False
1731182648538526360,"std_msgs.msg.Header(stamp=builtin_interfaces.msg.Time(sec=1731182648, nanosec=538048928), frame_id='RL_myo')","geometry_msgs.msg.Quaternion(x=0.8218950525432979, y=0.3282453284255054, z=-0.39599399234374844, w=-0.24481071259105658)",[0. 0. 0. 0. 0. 0. 0. 0. 0.],"geometry_msgs.msg.Vector3(x=-2.0, y=1.9375, z=2.0625)",[0. 0. 0. 0. 0. 0. 0. 0. 0.],"geometry_msgs.msg.Vector3(x=0.4482421875, y=0.68359375, z=0.4453125)",[0. 0. 0. 0. 0. 0. 0. 0. 0.],False
1731182648560925776,"std_msgs.msg.Header(stamp=builtin_interfaces.msg.Time(sec=1731182648, nanosec=560493708), frame_id='RL_myo')","geometry_msgs.msg.Quaternion(x=0.8221652289067662, y=0.32795054008285485, z=-0.39582342312252256, w=-0.24457431865103285)",[0. 0. 0. 0. 0. 0. 0. 0. 0.],"geometry_msgs.msg.Vector3(x=-1.625, y=1.4375, z=1.8125)",[0. 0. 0. 0. 0. 0. 0. 0. 0.],"geometry_msgs.msg.Vector3(x=0.46044921875, y=0.68603515625, z=0.4453125)",[0. 0. 0. 0. 0. 0. 0. 0. 0.],False
1731182648581888360,"std_msgs.msg.Header(stamp=builtin_interfaces.msg.Time(sec=1731182648, nanosec=581571458), frame_id='RL_myo')","geometry_msgs.msg.Quaternion(x=0.8222946164512637, y=0.3276482705693574, z=-0.3957659065521076, w=-0.2446375313789092)",[0. 0. 0. 0. 0. 0. 0. 0. 0.],"geometry_msgs.msg.Vector3(x=-1.9375, y=-0.25, z=0.5625)",[0. 0. 0. 0. 0. 0. 0. 0. 0.],"geometry_msgs.msg.Vector3(x=0.45849609375, y=0.68603515625, z=0.44287109375)",[0. 0. 0. 0. 0. 0. 0. 0. 0.],False
1731182648599250978,"std_msgs.msg.Header(stamp=builtin_interfaces.msg.Time(sec=1731182648, nanosec=598823955), frame_id='RL_myo')","geometry_msgs.msg.Quaternion(x=0.8223959948196699, y=0.3270907032981008, z=-0.3957559470395383, w=-0.2450586254416635)",[0. 0. 0. 0. 0. 0. 0. 0. 0.],"geometry_msgs.msg.Vector3(x=-3.125, y=-1.5625, z=-0.875)",[0. 0. 0. 0. 0. 0. 0. 0. 0.],"geometry_msgs.msg.Vector3(x=0.4609375, y=0.6806640625, z=0.4482421875)",[0. 0. 0. 0. 0. 0. 0. 0. 0.],False
1731182648621625161,"std_msgs.msg.Header(stamp=builtin_interfaces.msg.Time(sec=1731182648, nanosec=621201967), frame_id='RL_myo')","geometry_msgs.msg.Quaternion(x=0.8226225597245662, y=0.32635130040415905, z=-0.395747490521894, w=-0.24529752689813264)",[0. 0. 0. 0. 0. 0. 0. 0. 0.],"geometry_msgs.msg.Vector3(x=-3.8125, y=-1.0625, z=-0.0625)",[0. 0. 0. 0. 0. 0. 0. 0. 0.],"geometry_msgs.msg.Vector3(x=0.4609375, y=0.6650390625, z=0.4501953125)",[0. 0. 0. 0. 0. 0. 0. 0. 0.],False
1731182648643990430,"std_msgs.msg.Header(stamp=builtin_interfaces.msg.Time(sec=1731182648, nanosec=643708872), frame_id='RL_myo')","geometry_msgs.msg.Quaternion(x=0.8226597262239025, y=0.32587774731484015, z=-0.3958264078173325, w=-0.24567483291669442)",[0. 0. 0. 0. 0. 0. 0. 0. 0.],"geometry_msgs.msg.Vector3(x=-2.875, y=-2.0625, z=-0.375)",[0. 0. 0. 0. 0. 0. 0. 0. 0.],"geometry_msgs.msg.Vector3(x=0.45166015625, y=0.6796875, z=0.44287109375)",[0. 0. 0. 0. 0. 0. 0. 0. 0.],False
1731182648658512630,"std_msgs.msg.Header(stamp=builtin_interfaces.msg.Time(sec=1731182648, nanosec=658123091), frame_id='RL_myo')","geometry_msgs.msg.Quaternion(x=0.8225955891459384, y=0.32557133431063556, z=-0.39594699018993124, w=-0.24610116609307886)",[0. 0. 0. 0. 0. 0. 0. 0. 0.],"geometry_msgs.msg.Vector3(x=-2.25, y=-1.9375, z=-0.9375)",[0. 0. 0. 0. 0. 0. 0. 0. 0.],"geometry_msgs.msg.Vector3(x=0.45751953125, y=0.68798828125, z=0.447265625)",[0. 0. 0. 0. 0. 0. 0. 0. 0.],False
1731182648681032437,"std_msgs.msg.Header(stamp=builtin_interfaces.msg.Time(sec=1731182648, nanosec=680630154), frame_id='RL_myo')","geometry_msgs.msg.Quaternion(x=0.8226603422602699, y=0.3251455440881776, z=-0.39600981603981533, w=-0.24634642687063726)",[0. 0. 0. 0. 0. 0. 0. 0. 0.],"geometry_msgs.msg.Vector3(x=-2.375, y=-1.3125, z=0.375)",[0. 0. 0. 0. 0. 0. 0. 0. 0.],"geometry_msgs.msg.Vector3(x=0.45703125, y=0.6865234375, z=0.447265625)",[0. 0. 0. 0. 0. 0. 0. 0. 0.],False
1731182648704023127,"std_msgs.msg.Header(stamp=builtin_interfaces.msg.Time(sec=1731182648, nanosec=703724529), frame_id='RL_myo')","geometry_msgs.msg.Quaternion(x=0.8226175371003739, y=0.3249696347497507, z=-0.39620170908351465, w=-0.2464129255230548)",[0. 0. 0. 0. 0. 0. 0. 0. 0.],"geometry_msgs.msg.Vector3(x=-2.0625, y=-1.1875, z=0.75)",[0. 0. 0. 0. 0. 0. 0. 0. 0.],"geometry_msgs.msg.Vector3(x=0.45751953125, y=0.6943359375, z=0.42724609375)",[0. 0. 0. 0. 0. 0. 0. 0. 0.],False
1731182648718919680,"std_msgs.msg.Header(stamp=builtin_interfaces.msg.Time(sec=1731182648, nanosec=718572144), frame_id='RL_myo')","geometry_msgs.msg.Quaternion(x=0.8226896239894015, y=0.32482781948746897, z=-0.39617763553047, w=-0.24639795326398203)",[0. 0. 0. 0. 0. 0. 0. 0. 0.],"geometry_msgs.msg.Vector3(x=-1.1875, y=0.0, z=1.3125)",[0. 0. 0. 0. 0. 0. 0. 0. 0.],"geometry_msgs.msg.Vector3(x=0.45166015625, y=0.69287109375, z=0.44091796875)",[0. 0. 0. 0. 0. 0. 0. 0. 0.],False
1731182648754877087,"std_msgs.msg.Header(stamp=builtin_interfaces.msg.Time(sec=1731182648, nanosec=754500572), frame_id='RL_myo')","geometry_msgs.msg.Quaternion(x=0.8228023712085585, y=0.324763104903252, z=-0.3961121125393921, w=-0.24621205885730474)",[0. 0. 0. 0. 0. 0. 0. 0. 0.],"geometry_msgs.msg.Vector3(x=-0.1875, y=0.0, z=1.625)",[0. 0. 0. 0. 0. 0. 0. 0. 0.],"geometry_msgs.msg.Vector3(x=0.4443359375, y=0.6806640625, z=0.44873046875)",[0. 0. 0. 0. 0. 0. 0. 0. 0.],False
1731182648777497031,"std_msgs.msg.Header(stamp=builtin_interfaces.msg.Time(sec=1731182648, nanosec=777158584), frame_id='RL_myo')","geometry_msgs.msg.Quaternion(x=0.8227071854745511, y=0.3247126809648054, z=-0.3963081649444514, w=-0.24628114054379507)",[0. 0. 0. 0. 0. 0. 0. 0. 0.],"geometry_msgs.msg.Vector3(x=0.5, y=-2.25, z=1.125)",[0. 0. 0. 0. 0. 0. 0. 0. 0.],"geometry_msgs.msg.Vector3(x=0.44580078125, y=0.689453125, z=0.4541015625)",[0. 0. 0. 0. 0. 0. 0. 0. 0.],False
1731182648787577386,"std_msgs.msg.Header(stamp=builtin_interfaces.msg.Time(sec=1731182648, nanosec=787061552), frame_id='RL_myo')","geometry_msgs.msg.Quaternion(x=0.8225968578899883, y=0.32465628011551884, z=-0.396619008872089, w=-0.24622361985072438)",[0. 0. 0. 0. 0. 0. 0. 0. 0.],"geometry_msgs.msg.Vector3(x=0.6875, y=-2.3125, z=1.3125)",[0. 0. 0. 0. 0. 0. 0. 0. 0.],"geometry_msgs.msg.Vector3(x=0.44970703125, y=0.67919921875, z=0.451171875)",[0. 0. 0. 0. 0. 0. 0. 0. 0.],False
1731182648808550939,"std_msgs.msg.Header(stamp=builtin_interfaces.msg.Time(sec=1731182648, nanosec=808129595), frame_id='RL_myo')","geometry_msgs.msg.Quaternion(x=0.8225182149768897, y=0.3247103668504789, z=-0.396854662643198, w=-0.24603524225080456)",[0. 0. 0. 0. 0. 0. 0. 0. 0.],"geometry_msgs.msg.Vector3(x=1.25, y=-1.3125, z=1.625)",[0. 0. 0. 0. 0. 0. 0. 0. 0.],"geometry_msgs.msg.Vector3(x=0.4453125, y=0.6796875, z=0.4443359375)",[0. 0. 0. 0. 0. 0. 0. 0. 0.],False
1731182648824338129,"std_msgs.msg.Header(stamp=builtin_interfaces.msg.Time(sec=1731182648, nanosec=823850890), frame_id='RL_myo')","geometry_msgs.msg.Quaternion(x=0.8224288629069834, y=0.3249064002711795, z=-0.39717564278875916, w=-0.24555672520964777)",[0. 0. 0. 0. 0. 0. 0. 0. 0.],"geometry_msgs.msg.Vector3(x=2.625, y=-1.0625, z=3.0)",[0. 0. 0. 0. 0. 0. 0. 0. 0.],"geometry_msgs.msg.Vector3(x=0.44970703125, y=0.6884765625, z=0.44384765625)",[0. 0. 0. 0. 0. 0. 0. 0. 0.],False
1731182648837875467,"std_msgs.msg.Header(stamp=builtin_interfaces.msg.Time(sec=1731182648, nanosec=837411694), frame_id='RL_myo')","geometry_msgs.msg.Quaternion(x=0.822351905311993, y=0.325144258858234, z=-0.39759521347898186, w=-0.24481952736631812)",[0. 0. 0. 0. 0. 0. 0. 0. 0.],"geometry_msgs.msg.Vector3(x=3.25, y=-0.5625, z=4.0)",[0. 0. 0. 0. 0. 0. 0. 0. 0.],"geometry_msgs.msg.Vector3(x=0.4541015625, y=0.68603515625, z=0.4404296875)",[0. 0. 0. 0. 0. 0. 0. 0. 0.],False
1731182648861034471,"std_msgs.msg.Header(stamp=builtin_interfaces.msg.Time(sec=1731182648, nanosec=860536831), frame_id='RL_myo')","geometry_msgs.msg.Quaternion(x=0.8222661350196374, y=0.3255006901766424, z=-0.398010500776652, w=-0.2439576708486855)",[0. 0. 0. 0. 0. 0. 0. 0. 0.],"geometry_msgs.msg.Vector3(x=4.1875, y=-0.1875, z=3.875)",[0. 0. 0. 0. 0. 0. 0. 0. 0.],"geometry_msgs.msg.Vector3(x=0.46240234375, y=0.68115234375, z=0.4365234375)",[0. 0. 0. 0. 0. 0. 0. 0. 0.],False
1731182648884277637,"std_msgs.msg.Header(stamp=builtin_interfaces.msg.Time(sec=1731182648, nanosec=883786420), frame_id='RL_myo')","geometry_msgs.msg.Quaternion(x=0.8221191815923891, y=0.32594226963422357, z=-0.39839423106789834, w=-0.24323594466149456)",[0. 0. 0. 0. 0. 0. 0. 0. 0.],"geometry_msgs.msg.Vector3(x=4.1875, y=-0.1875, z=3.375)",[0. 0. 0. 0. 0. 0. 0. 0. 0.],"geometry_msgs.msg.Vector3(x=0.45751953125, y=0.6806640625, z=0.43310546875)",[0. 0. 0. 0. 0. 0. 0. 0. 0.],False
1731182648904870723,"std_msgs.msg.Header(stamp=builtin_interfaces.msg.Time(sec=1731182648, nanosec=904436423), frame_id='RL_myo')","geometry_msgs.msg.Quaternion(x=0.8218985934976, y=0.32641568973898444, z=-0.3988033127813247, w=-0.2426755389682502)",[0. 0. 0. 0. 0. 0. 0. 0. 0.],"geometry_msgs.msg.Vector3(x=3.875, y=-0.5, z=2.5625)",[0. 0. 0. 0. 0. 0. 0. 0. 0.],"geometry_msgs.msg.Vector3(x=0.45654296875, y=0.68359375, z=0.42529296875)",[0. 0. 0. 0. 0. 0. 0. 0. 0.],False
1731182648921041249,"std_msgs.msg.Header(stamp=builtin_interfaces.msg.Time(sec=1731182648, nanosec=920631176), frame_id='RL_myo')","geometry_msgs.msg.Quaternion(x=0.8217791637340703, y=0.3265998444103543, z=-0.3992318412050322, w=-0.24212700107940113)",[0. 0. 0. 0. 0. 0. 0. 0. 0.],"geometry_msgs.msg.Vector3(x=2.5625, y=-0.9375, z=2.5625)",[0. 0. 0. 0. 0. 0. 0. 0. 0.],"geometry_msgs.msg.Vector3(x=0.46240234375, y=0.6796875, z=0.43115234375)",[0. 0. 0. 0. 0. 0. 0. 0. 0.],False
1731182648958309556,"std_msgs.msg.Header(stamp=builtin_interfaces.msg.Time(sec=1731182648, nanosec=957841651), frame_id='RL_myo')","geometry_msgs.msg.Quaternion(x=0.8217441555945897, y=0.3265491519298117, z=-0.39948863539824625, w=-0.24189052132669978)",[0. 0. 0. 0. 0. 0. 0. 0. 0.],"geometry_msgs.msg.Vector3(x=0.9375, y=-0.9375, z=1.875)",[0. 0. 0. 0. 0. 0. 0. 0. 0.],"geometry_msgs.msg.Vector3(x=0.462890625, y=0.6826171875, z=0.44091796875)",[0. 0. 0. 0. 0. 0. 0. 0. 0.],False
1731182648960794015,"std_msgs.msg.Header(stamp=builtin_interfaces.msg.Time(sec=1731182648, nanosec=960350579), frame_id='RL_myo')","geometry_msgs.msg.Quaternion(x=0.8217930290727568, y=0.32642224595076524, z=-0.39960479510838814, w=-0.24170383208022256)",[0. 0. 0. 0. 0. 0. 0. 0. 0.],"geometry_msgs.msg.Vector3(x=0.0, y=-0.625, z=1.6875)",[0. 0. 0. 0. 0. 0. 0. 0. 0.],"geometry_msgs.msg.Vector3(x=0.46240234375, y=0.6796875, z=0.43603515625)",[0. 0. 0. 0. 0. 0. 0. 0. 0.],False
1731182648981739405,"std_msgs.msg.Header(stamp=builtin_interfaces.msg.Time(sec=1731182648, nanosec=981285319), frame_id='RL_myo')","geometry_msgs.msg.Quaternion(x=0.821801981145812, y=0.32630372780789596, z=-0.3997922590987128, w=-0.24152335408452008)",[0. 0. 0. 0. 0. 0. 0. 0. 0.],"geometry_msgs.msg.Vector3(x=0.1875, y=-0.875, z=1.6875)",[0. 0. 0. 0. 0. 0. 0. 0. 0.],"geometry_msgs.msg.Vector3(x=0.4580078125, y=0.6787109375, z=0.44091796875)",[0. 0. 0. 0. 0. 0. 0. 0. 0.],False
1731182649003301052,"std_msgs.msg.Header(stamp=builtin_interfaces.msg.Time(sec=1731182649, nanosec=2873860), frame_id='RL_myo')","geometry_msgs.msg.Quaternion(x=0.8217218890938552, y=0.32635719683464637, z=-0.4000271307376608, w=-0.2413346467709354)",[0. 0. 0. 0. 0. 0. 0. 0. 0.],"geometry_msgs.msg.Vector3(x=1.125, y=-1.25, z=1.4375)",[0. 0. 0. 0. 0. 0. 0. 0. 0.],"geometry_msgs.msg.Vector3(x=0.45654296875, y=0.67822265625, z=0.43212890625)",[0. 0. 0. 0. 0. 0. 0. 0. 0.],False
1731182649024811833,"std_msgs.msg.Header(stamp=builtin_interfaces.msg.Time(sec=1731182649, nanosec=24469806), frame_id='RL_myo')","geometry_msgs.msg.Quaternion(x=0.8216012335479749, y=0.32654086616757044, z=-0.4002719626779303, w=-0.2410909198807296)",[0. 0. 0. 0. 0. 0. 0. 0. 0.],"geometry_msgs.msg.Vector3(x=1.5, y=-0.9375, z=1.4375)",[0. 0. 0. 0. 0. 0. 0. 0. 0.],"geometry_msgs.msg.Vector3(x=0.45703125, y=0.6826171875, z=0.43212890625)",[0. 0. 0. 0. 0. 0. 0. 0. 0.],False
1731182649041885131,"std_msgs.msg.Header(stamp=builtin_interfaces.msg.Time(sec=1731182649, nanosec=41420537), frame_id='RL_myo')","geometry_msgs.msg.Quaternion(x=0.8215605190006315, y=0.32673205484475343, z=-0.4003429007522394, w=-0.24085273461935305)",[0. 0. 0. 0. 0. 0. 0. 0. 0.],"geometry_msgs.msg.Vector3(x=1.25, y=-0.125, z=1.625)",[0. 0. 0. 0. 0. 0. 0. 0. 0.],"geometry_msgs.msg.Vector3(x=0.45458984375, y=0.68994140625, z=0.4296875)",[0. 0. 0. 0. 0. 0. 0. 0. 0.],False
1731182649063435595,"std_msgs.msg.Header(stamp=builtin_interfaces.msg.Time(sec=1731182649, nanosec=63061665), frame_id='RL_myo')","geometry_msgs.msg.Quaternion(x=0.8215516261214862, y=0.32691162774938193, z=-0.4003996038155238, w=-0.24054494491417366)",[0. 0. 0. 0. 0. 0. 0. 0. 0.],"geometry_msgs.msg.Vector3(x=0.8125, y=0.4375, z=2.25)",[0. 0. 0. 0. 0. 0. 0. 0. 0.],"geometry_msgs.msg.Vector3(x=0.45361328125, y=0.68896484375, z=0.4248046875)",[0. 0. 0. 0. 0. 0. 0. 0. 0.],False
1731182649077966667,"std_msgs.msg.Header(stamp=builtin_interfaces.msg.Time(sec=1731182649, nanosec=77485786), frame_id='RL_myo')","geometry_msgs.msg.Quaternion(x=0.8215623493382145, y=0.327160044015812, z=-0.40046586731114603, w=-0.24005978602876654)",[0. 0. 0. 0. 0. 0. 0. 0. 0.],"geometry_msgs.msg.Vector3(x=1.125, y=1.0, z=2.6875)",[0. 0. 0. 0. 0. 0. 0. 0. 0.],"geometry_msgs.msg.Vector3(x=0.458984375, y=0.6953125, z=0.42431640625)",[0. 0. 0. 0. 0. 0. 0. 0. 0.],False
1731182649101753770,"std_msgs.msg.Header(stamp=builtin_interfaces.msg.Time(sec=1731182649, nanosec=101261723), frame_id='RL_myo')","geometry_msgs.msg.Quaternion(x=0.8215527386720456, y=0.3274003633162595, z=-0.40058325586215715, w=-0.2395686849396567)",[0. 0. 0. 0. 0. 0. 0. 0. 0.],"geometry_msgs.msg.Vector3(x=1.625, y=0.8125, z=2.625)",[0. 0. 0. 0. 0. 0. 0. 0. 0.],"geometry_msgs.msg.Vector3(x=0.46044921875, y=0.693359375, z=0.4248046875)",[0. 0. 0. 0. 0. 0. 0. 0. 0.],False
1731182649124592568,"std_msgs.msg.Header(stamp=builtin_interfaces.msg.Time(sec=1731182649, nanosec=124173843), frame_id='RL_myo')","geometry_msgs.msg.Quaternion(x=0.8216073275794268, y=0.3275809023934911, z=-0.40058011224305606, w=-0.2391395519988258)",[0. 0. 0. 0. 0. 0. 0. 0. 0.],"geometry_msgs.msg.Vector3(x=2.0, y=0.6875, z=2.0)",[0. 0. 0. 0. 0. 0. 0. 0. 0.],"geometry_msgs.msg.Vector3(x=0.46533203125, y=0.6865234375, z=0.4384765625)",[0. 0. 0. 0. 0. 0. 0. 0. 0.],False
1731182649144261610,"std_msgs.msg.Header(stamp=builtin_interfaces.msg.Time(sec=1731182649, nanosec=143869641), frame_id='RL_myo')","geometry_msgs.msg.Quaternion(x=0.8215980595632002, y=0.32769927804730864, z=-0.40075869988054175, w=-0.23870960634066382)",[0. 0. 0. 0. 0. 0. 0. 0. 0.],"geometry_msgs.msg.Vector3(x=1.9375, y=0.375, z=1.8125)",[0. 0. 0. 0. 0. 0. 0. 0. 0.],"geometry_msgs.msg.Vector3(x=0.47412109375, y=0.6845703125, z=0.43701171875)",[0. 0. 0. 0. 0. 0. 0. 0. 0.],False
1731182649161679249,"std_msgs.msg.Header(stamp=builtin_interfaces.msg.Time(sec=1731182649, nanosec=161200946), frame_id='RL_myo')","geometry_msgs.msg.Quaternion(x=0.8215202684399464, y=0.3278756970326443, z=-0.40099466297551617, w=-0.23833853256002904)",[0. 0. 0. 0. 0. 0. 0. 0. 0.],"geometry_msgs.msg.Vector3(x=1.625, y=0.0, z=1.5)",[0. 0. 0. 0. 0. 0. 0. 0. 0.],"geometry_msgs.msg.Vector3(x=0.47412109375, y=0.68017578125, z=0.4267578125)",[0. 0. 0. 0. 0. 0. 0. 0. 0.],False
1731182649190745139,"std_msgs.msg.Header(stamp=builtin_interfaces.msg.Time(sec=1731182649, nanosec=190393772), frame_id='RL_myo')","geometry_msgs.msg.Quaternion(x=0.8215486573016768, y=0.3278259909633957, z=-0.4010085199459151, w=-0.23828573240012973)",[0. 0. 0. 0. 0. 0. 0. 0. 0.],"geometry_msgs.msg.Vector3(x=0.875, y=-0.3125, z=0.9375)",[0. 0. 0. 0. 0. 0. 0. 0. 0.],"geometry_msgs.msg.Vector3(x=0.47265625, y=0.6728515625, z=0.42626953125)",[0. 0. 0. 0. 0. 0. 0. 0. 0.],False
1731182649204728814,"std_msgs.msg.Header(stamp=builtin_interfaces.msg.Time(sec=1731182649, nanosec=204460756), frame_id='RL_myo')","geometry_msgs.msg.Quaternion(x=0.8215486573016768, y=0.3278259909633957, z=-0.4010085199459151, w=-0.23828573240012973)",[0. 0. 0. 0. 0. 0. 0. 0. 0.],"geometry_msgs.msg.Vector3(x=0.3125, y=-0.375, z=0.875)",[0. 0. 0. 0. 0. 0. 0. 0. 0.],"geometry_msgs.msg.Vector3(x=0.466796875, y=0.67236328125, z=0.43798828125)",[0. 0. 0. 0. 0. 0. 0. 0. 0.],False
1731182649236376886,"std_msgs.msg.Header(stamp=builtin_interfaces.msg.Time(sec=1731182649, nanosec=236093365), frame_id='RL_myo')","geometry_msgs.msg.Quaternion(x=0.8215983656353464, y=0.32757732920027516, z=-0.40100299102772646, w=-0.23846555341633596)",[0. 0. 0. 0. 0. 0. 0. 0. 0.],"geometry_msgs.msg.Vector3(x=-1.125, y=-1.25, z=0.125)",[0. 0. 0. 0. 0. 0. 0. 0. 0.],"geometry_msgs.msg.Vector3(x=0.4619140625, y=0.67626953125, z=0.43994140625)",[0. 0. 0. 0. 0. 0. 0. 0. 0.],False
1731182649243304383,"std_msgs.msg.Header(stamp=builtin_interfaces.msg.Time(sec=1731182649, nanosec=242965119), frame_id='RL_myo')","geometry_msgs.msg.Quaternion(x=0.8215528764021404, y=0.32727834496792546, z=-0.40101057934339246, w=-0.23901939554166282)",[0. 0. 0. 0. 0. 0. 0. 0. 0.],"geometry_msgs.msg.Vector3(x=-2.1875, y=-2.125, z=-1.1875)",[0. 0. 0. 0. 0. 0. 0. 0. 0.],"geometry_msgs.msg.Vector3(x=0.45263671875, y=0.6787109375, z=0.4384765625)",[0. 0. 0. 0. 0. 0. 0. 0. 0.],False
1731182649264411932,"std_msgs.msg.Header(stamp=builtin_interfaces.msg.Time(sec=1731182649, nanosec=264024404), frame_id='RL_myo')","geometry_msgs.msg.Quaternion(x=0.8214788485155186, y=0.32696799104670726, z=-0.4011263089712451, w=-0.23950390085258152)",[0. 0. 0. 0. 0. 0. 0. 0. 0.],"geometry_msgs.msg.Vector3(x=-2.0, y=-2.5625, z=-1.375)",[0. 0. 0. 0. 0. 0. 0. 0. 0.],"geometry_msgs.msg.Vector3(x=0.45849609375, y=0.67138671875, z=0.43408203125)",[0. 0. 0. 0. 0. 0. 0. 0. 0.],False
1731182649280862017,"std_msgs.msg.Header(stamp=builtin_interfaces.msg.Time(sec=1731182649, nanosec=280560859), frame_id='RL_myo')","geometry_msgs.msg.Quaternion(x=0.8213803313587933, y=0.3267332179359159, z=-0.40125988692522163, w=-0.23993803095574173)",[0. 0. 0. 0. 0. 0. 0. 0. 0.],"geometry_msgs.msg.Vector3(x=-1.4375, y=-2.5625, z=-1.375)",[0. 0. 0. 0. 0. 0. 0. 0. 0.],"geometry_msgs.msg.Vector3(x=0.46240234375, y=0.67626953125, z=0.43896484375)",[0. 0. 0. 0. 0. 0. 0. 0. 0.],False
1731182649304041874,"std_msgs.msg.Header(stamp=builtin_interfaces.msg.Time(sec=1731182649, nanosec=303652791), frame_id='RL_myo')","geometry_msgs.msg.Quaternion(x=0.8211277996787367, y=0.3267909194588535, z=-0.4014389012478296, w=-0.24042387593358686)",[0. 0. 0. 0. 0. 0. 0. 0. 0.],"geometry_msgs.msg.Vector3(x=0.0625, y=-2.5, z=-1.8125)",[0. 0. 0. 0. 0. 0. 0. 0. 0.],"geometry_msgs.msg.Vector3(x=0.4619140625, y=0.681640625, z=0.43603515625)",[0. 0. 0. 0. 0. 0. 0. 0. 0.],False
1731182649331806683,"std_msgs.msg.Header(stamp=builtin_interfaces.msg.Time(sec=1731182649, nanosec=331488250), frame_id='RL_myo')","geometry_msgs.msg.Quaternion(x=0.8208588823203372, y=0.3268420934512161, z=-0.40173196248289533, w=-0.24078283074977547)",[0. 0. 0. 0. 0. 0. 0. 0. 0.],"geometry_msgs.msg.Vector3(x=0.5, y=-2.8125, z=-1.5625)",[0. 0. 0. 0. 0. 0. 0. 0. 0.],"geometry_msgs.msg.Vector3(x=0.47216796875, y=0.69189453125, z=0.44287109375)",[0. 0. 0. 0. 0. 0. 0. 0. 0.],False
1731182649348515904,"std_msgs.msg.Header(stamp=builtin_interfaces.msg.Time(sec=1731182649, nanosec=348070634), frame_id='RL_myo')","geometry_msgs.msg.Quaternion(x=0.8205660404824721, y=0.3268470058601337, z=-0.4021042156128032, w=-0.241152664827897)",[0. 0. 0. 0. 0. 0. 0. 0. 0.],"geometry_msgs.msg.Vector3(x=0.25, y=-3.5625, z=-1.4375)",[0. 0. 0. 0. 0. 0. 0. 0. 0.],"geometry_msgs.msg.Vector3(x=0.470703125, y=0.6943359375, z=0.44482421875)",[0. 0. 0. 0. 0. 0. 0. 0. 0.],False
1731182649363586009,"std_msgs.msg.Header(stamp=builtin_interfaces.msg.Time(sec=1731182649, nanosec=363124510), frame_id='RL_myo')","geometry_msgs.msg.Quaternion(x=0.8201437743027257, y=0.32697106489095046, z=-0.4025339131894378, w=-0.24170345659289974)",[0. 0. 0. 0. 0. 0. 0. 0. 0.],"geometry_msgs.msg.Vector3(x=0.1875, y=-3.75, z=-1.875)",[0. 0. 0. 0. 0. 0. 0. 0. 0.],"geometry_msgs.msg.Vector3(x=0.46630859375, y=0.6943359375, z=0.42578125)",[0. 0. 0. 0. 0. 0. 0. 0. 0.],False
1731182649384597303,"std_msgs.msg.Header(stamp=builtin_interfaces.msg.Time(sec=1731182649, nanosec=384165322), frame_id='RL_myo')","geometry_msgs.msg.Quaternion(x=0.819756877454218, y=0.32714592086625033, z=-0.4028899670966639, w=-0.2421856369397913)",[0. 0. 0. 0. 0. 0. 0. 0. 0.],"geometry_msgs.msg.Vector3(x=0.0, y=-3.375, z=-1.9375)",[0. 0. 0. 0. 0. 0. 0. 0. 0.],"geometry_msgs.msg.Vector3(x=0.4599609375, y=0.6943359375, z=0.42626953125)",[0. 0. 0. 0. 0. 0. 0. 0. 0.],False
1731182649401742004,"std_msgs.msg.Header(stamp=builtin_interfaces.msg.Time(sec=1731182649, nanosec=401326423), frame_id='RL_myo')","geometry_msgs.msg.Quaternion(x=0.8194022916746417, y=0.32721159669778427, z=-0.40326189505358345, w=-0.2426773565510894)",[0. 0. 0. 0. 0. 0. 0. 0. 0.],"geometry_msgs.msg.Vector3(x=-0.6875, y=-3.1875, z=-1.25)",[0. 0. 0. 0. 0. 0. 0. 0. 0.],"geometry_msgs.msg.Vector3(x=0.45703125, y=0.693359375, z=0.416015625)",[0. 0. 0. 0. 0. 0. 0. 0. 0.],False
1731182649424308799,"std_msgs.msg.Header(stamp=builtin_interfaces.msg.Time(sec=1731182649, nanosec=423839225), frame_id='RL_myo')","geometry_msgs.msg.Quaternion(x=0.8190878530275028, y=0.3272078971743996, z=-0.40368457972607324, w=-0.24304082196389837)",[0. 0. 0. 0. 0. 0. 0. 0. 0.],"geometry_msgs.msg.Vector3(x=-0.375, y=-3.0, z=-1.375)",[0. 0. 0. 0. 0. 0. 0. 0. 0.],"geometry_msgs.msg.Vector3(x=0.4716796875, y=0.68798828125, z=0.419921875)",[0. 0. 0. 0. 0. 0. 0. 0. 0.],False
1731182649444840809,"std_msgs.msg.Header(stamp=builtin_interfaces.msg.Time(sec=1731182649, nanosec=444473354), frame_id='RL_myo')","geometry_msgs.msg.Quaternion(x=0.8188819789671594, y=0.3272231879280666, z=-0.40382551974110964, w=-0.24347944350775186)",[0. 0. 0. 0. 0. 0. 0. 0. 0.],"geometry_msgs.msg.Vector3(x=0.0, y=-2.3125, z=-1.875)",[0. 0. 0. 0. 0. 0. 0. 0. 0.],"geometry_msgs.msg.Vector3(x=0.46826171875, y=0.68798828125, z=0.435546875)",[0. 0. 0. 0. 0. 0. 0. 0. 0.],False
1731182649461421832,"std_msgs.msg.Header(stamp=builtin_interfaces.msg.Time(sec=1731182649, nanosec=461042600), frame_id='RL_myo')","geometry_msgs.msg.Quaternion(x=0.8186153084345135, y=0.327214186438818, z=-0.4041195911978015, w=-0.24389999794991918)",[0. 0. 0. 0. 0. 0. 0. 0. 0.],"geometry_msgs.msg.Vector3(x=0.0625, y=-2.5, z=-2.9375)",[0. 0. 0. 0. 0. 0. 0. 0. 0.],"geometry_msgs.msg.Vector3(x=0.490234375, y=0.68505859375, z=0.4365234375)",[0. 0. 0. 0. 0. 0. 0. 0. 0.],False
1731182649484353919,"std_msgs.msg.Header(stamp=builtin_interfaces.msg.Time(sec=1731182649, nanosec=483889555), frame_id='RL_myo')","geometry_msgs.msg.Quaternion(x=0.8184536111434482, y=0.32697859608438, z=-0.4041912009092336, w=-0.24463883014862706)",[0. 0. 0. 0. 0. 0. 0. 0. 0.],"geometry_msgs.msg.Vector3(x=-2.125, y=-1.9375, z=-4.0)",[0. 0. 0. 0. 0. 0. 0. 0. 0.],"geometry_msgs.msg.Vector3(x=0.5, y=0.70263671875, z=0.4462890625)",[0. 0. 0. 0. 0. 0. 0. 0. 0.],False
1731182649504884073,"std_msgs.msg.Header(stamp=builtin_interfaces.msg.Time(sec=1731182649, nanosec=504510815), frame_id='RL_myo')","geometry_msgs.msg.Quaternion(x=0.8181897996908101, y=0.32690970288280335, z=-0.40430356084684266, w=-0.24542642182444963)",[0. 0. 0. 0. 0. 0. 0. 0. 0.],"geometry_msgs.msg.Vector3(x=-1.0625, y=-1.25, z=-6.4375)",[0. 0. 0. 0. 0. 0. 0. 0. 0.],"geometry_msgs.msg.Vector3(x=0.54296875, y=0.7158203125, z=0.458984375)",[0. 0. 0. 0. 0. 0. 0. 0. 0.],False
1731182649521220064,"std_msgs.msg.Header(stamp=builtin_interfaces.msg.Time(sec=1731182649, nanosec=520679515), frame_id='RL_myo')","geometry_msgs.msg.Quaternion(x=0.8179489018242576, y=0.32727721898229006, z=-0.4041220564867107, w=-0.24603776011145306)",[0. 0. 0. 0. 0. 0. 0. 0. 0.],"geometry_msgs.msg.Vector3(x=1.5625, y=2.8125, z=-10.9375)",[0. 0. 0. 0. 0. 0. 0. 0. 0.],"geometry_msgs.msg.Vector3(x=0.63916015625, y=0.76171875, z=0.49267578125)",[0. 0. 0. 0. 0. 0. 0. 0. 0.],False
1731182649543491802,"std_msgs.msg.Header(stamp=builtin_interfaces.msg.Time(sec=1731182649, nanosec=543081851), frame_id='RL_myo')","geometry_msgs.msg.Quaternion(x=0.8170456803769327, y=0.3307002462484851, z=-0.403456741916295, w=-0.24555317287885853)",[0. 0. 0. 0. 0. 0. 0. 0. 0.],"geometry_msgs.msg.Vector3(x=16.375, y=14.375, z=-19.3125)",[0. 0. 0. 0. 0. 0. 0. 0. 0.],"geometry_msgs.msg.Vector3(x=0.81884765625, y=0.90087890625, z=0.53466796875)",[0. 0. 0. 0. 0. 0. 0. 0. 0.],False
1731182649566871606,"std_msgs.msg.Header(stamp=builtin_interfaces.msg.Time(sec=1731182649, nanosec=566368103), frame_id='RL_myo')","geometry_msgs.msg.Quaternion(x=0.8146770282468615, y=0.3388841582997359, z=-0.40144832657373253, w=-0.245556730698818)",[0. 0. 0. 0. 0. 0. 0. 0. 0.],"geometry_msgs.msg.Vector3(x=38.75, y=29.75, z=-48.0625)",[0. 0. 0. 0. 0. 0. 0. 0. 0.],"geometry_msgs.msg.Vector3(x=1.052734375, y=0.98193359375, z=0.55859375)",[0. 0. 0. 0. 0. 0. 0. 0. 0.],False
1731182649587266676,"std_msgs.msg.Header(stamp=builtin_interfaces.msg.Time(sec=1731182649, nanosec=586900349), frame_id='RL_myo')","geometry_msgs.msg.Quaternion(x=0.8119405795982851, y=0.3511919187407752, z=-0.3951366843809139, w=-0.24755551310611476)",[0. 0. 0. 0. 0. 0. 0. 0. 0.],"geometry_msgs.msg.Vector3(x=43.5, y=49.8125, z=-70.4375)",[0. 0. 0. 0. 0. 0. 0. 0. 0.],"geometry_msgs.msg.Vector3(x=0.95849609375, y=1.07080078125, z=0.5146484375)",[0. 0. 0. 0. 0. 0. 0. 0. 0.],False
1731182649604762368,"std_msgs.msg.Header(stamp=builtin_interfaces.msg.Time(sec=1731182649, nanosec=604352804), frame_id='RL_myo')","geometry_msgs.msg.Quaternion(x=0.8100793925629823, y=0.3681735153661776, z=-0.38196781484773534, w=-0.24964019858217282)",[0. 0. 0. 0. 0. 0. 0. 0. 0.],"geometry_msgs.msg.Vector3(x=45.8125, y=86.4375, z=-80.125)",[0. 0. 0. 0. 0. 0. 0. 0. 0.],"geometry_msgs.msg.Vector3(x=0.80517578125, y=1.353515625, z=0.51025390625)",[0. 0. 0. 0. 0. 0. 0. 0. 0.],False
1731182649626087020,"std_msgs.msg.Header(stamp=builtin_interfaces.msg.Time(sec=1731182649, nanosec=625616728), frame_id='RL_myo')","geometry_msgs.msg.Quaternion(x=0.8126600438098828, y=0.37959537422665324, z=-0.3626878459004299, w=-0.2528804687925751)",[0. 0. 0. 0. 0. 0. 0. 0. 0.],"geometry_msgs.msg.Vector3(x=8.3125, y=107.5, z=-77.6875)",[0. 0. 0. 0. 0. 0. 0. 0. 0.],"geometry_msgs.msg.Vector3(x=0.82666015625, y=1.55126953125, z=0.5263671875)",[0. 0. 0. 0. 0. 0. 0. 0. 0.],False
1731182649640390023,"std_msgs.msg.Header(stamp=builtin_interfaces.msg.Time(sec=1731182649, nanosec=639979896), frame_id='RL_myo')","geometry_msgs.msg.Quaternion(x=0.8215536094334769, y=0.38410377891269465, z=-0.33228364411261874, w=-0.2590396373280591)",[0. 0. 0. 0. 0. 0. 0. 0. 0.],"geometry_msgs.msg.Vector3(x=-62.875, y=155.625, z=-89.6875)",[0. 0. 0. 0. 0. 0. 0. 0. 0.],"geometry_msgs.msg.Vector3(x=0.55126953125, y=1.56103515625, z=0.39208984375)",[0. 0. 0. 0. 0. 0. 0. 0. 0.],False
1731182649663599867,"std_msgs.msg.Header(stamp=builtin_interfaces.msg.Time(sec=1731182649, nanosec=663122422), frame_id='RL_myo')","geometry_msgs.msg.Quaternion(x=0.8313450041509407, y=0.3857636142609358, z=-0.29701356756229647, w=-0.268020257946166)",[0. 0. 0. 0. 0. 0. 0. 0. 0.],"geometry_msgs.msg.Vector3(x=-92.0625, y=166.0625, z=-100.625)",[0. 0. 0. 0. 0. 0. 0. 0. 0.],"geometry_msgs.msg.Vector3(x=-0.04052734375, y=1.396484375, z=0.26025390625)",[0. 0. 0. 0. 0. 0. 0. 0. 0.],False
1731182649685867881,"std_msgs.msg.Header(stamp=builtin_interfaces.msg.Time(sec=1731182649, nanosec=685441580), frame_id='RL_myo')","geometry_msgs.msg.Quaternion(x=0.8356630369469225, y=0.3923484041702445, z=-0.26416986516005264, w=-0.2791850654441037)",[0. 0. 0. 0. 0. 0. 0. 0. 0.],"geometry_msgs.msg.Vector3(x=-55.375, y=144.75, z=-120.375)",[0. 0. 0. 0. 0. 0. 0. 0. 0.],"geometry_msgs.msg.Vector3(x=-0.39892578125, y=1.1650390625, z=0.2333984375)",[0. 0. 0. 0. 0. 0. 0. 0. 0.],False
1731182649714888344,"std_msgs.msg.Header(stamp=builtin_interfaces.msg.Time(sec=1731182649, nanosec=714464784), frame_id='RL_myo')","geometry_msgs.msg.Quaternion(x=0.8310243803448428, y=0.4111480151305811, z=-0.23133179592412445, w=-0.29468863079727514)",[0. 0. 0. 0. 0. 0. 0. 0. 0.],"geometry_msgs.msg.Vector3(x=19.625, y=133.875, z=-165.125)",[0. 0. 0. 0. 0. 0. 0. 0. 0.],"geometry_msgs.msg.Vector3(x=-1.201171875, y=0.75927734375, z=0.1630859375)",[0. 0. 0. 0. 0. 0. 0. 0. 0.],False
1731182649725431637,"std_msgs.msg.Header(stamp=builtin_interfaces.msg.Time(sec=1731182649, nanosec=725123180), frame_id='RL_myo')","geometry_msgs.msg.Quaternion(x=0.8101308347157874, y=0.45191054774622846, z=-0.19787871364036638, w=-0.3167158066254969)",[0. 0. 0. 0. 0. 0. 0. 0. 0.],"geometry_msgs.msg.Vector3(x=153.25, y=136.5, z=-253.75)",[0. 0. 0. 0. 0. 0. 0. 0. 0.],"geometry_msgs.msg.Vector3(x=-1.3193359375, y=0.64892578125, z=0.091796875)",[0. 0. 0. 0. 0. 0. 0. 0. 0.],False
1731182649746028282,"std_msgs.msg.Header(stamp=builtin_interfaces.msg.Time(sec=1731182649, nanosec=745616915), frame_id='RL_myo')","geometry_msgs.msg.Quaternion(x=0.7827362089845383, y=0.49293337677472954, z=-0.17731196873830973, w=-0.3360077066796541)",[0. 0. 0. 0. 0. 0. 0. 0. 0.],"geometry_msgs.msg.Vector3(x=203.125, y=83.5625, z=-229.5625)",[0. 0. 0. 0. 0. 0. 0. 0. 0.],"geometry_msgs.msg.Vector3(x=-0.70556640625, y=0.77685546875, z=0.423828125)",[0. 0. 0. 0. 0. 0. 0. 0. 0.],False
1731182649760269248,"std_msgs.msg.Header(stamp=builtin_interfaces.msg.Time(sec=1731182649, nanosec=759943149), frame_id='RL_myo')","geometry_msgs.msg.Quaternion(x=0.7563233202332816, y=0.5292004831266687, z=-0.14972650347286257, w=-0.35426523691663037)",[0. 0. 0. 0. 0. 0. 0. 0. 0.],"geometry_msgs.msg.Vector3(x=167.125, y=110.9375, z=-238.125)",[0. 0. 0. 0. 0. 0. 0. 0. 0.],"geometry_msgs.msg.Vector3(x=-0.76611328125, y=0.8740234375, z=0.47119140625)",[0. 0. 0. 0. 0. 0. 0. 0. 0.],False
1731182649783729528,"std_msgs.msg.Header(stamp=builtin_interfaces.msg.Time(sec=1731182649, nanosec=783199831), frame_id='RL_myo')","geometry_msgs.msg.Quaternion(x=0.7279274137830497, y=0.5668507371963091, z=-0.11529891704143727, w=-0.3681142237569657)",[0. 0. 0. 0. 0. 0. 0. 0. 0.],"geometry_msgs.msg.Vector3(x=173.5625, y=156.5625, z=-244.5)",[0. 0. 0. 0. 0. 0. 0. 0. 0.],"geometry_msgs.msg.Vector3(x=-0.85791015625, y=0.658203125, z=0.60546875)",[0. 0. 0. 0. 0. 0. 0. 0. 0.],False
1731182649805926754,"std_msgs.msg.Header(stamp=builtin_interfaces.msg.Time(sec=1731182649, nanosec=805537218), frame_id='RL_myo')","geometry_msgs.msg.Quaternion(x=0.699428230880805, y=0.6045760211950757, z=-0.07818898365985785, w=-0.37306094311401344)",[0. 0. 0. 0. 0. 0. 0. 0. 0.],"geometry_msgs.msg.Vector3(x=177.0, y=199.625, z=-218.0)",[0. 0. 0. 0. 0. 0. 0. 0. 0.],"geometry_msgs.msg.Vector3(x=-0.724609375, y=0.41943359375, z=0.619140625)",[0. 0. 0. 0. 0. 0. 0. 0. 0.],False
1731182649827326603,"std_msgs.msg.Header(stamp=builtin_interfaces.msg.Time(sec=1731182649, nanosec=826958953), frame_id='RL_myo')","geometry_msgs.msg.Quaternion(x=0.6778126728733895, y=0.637406370357209, z=-0.03387537446598209, w=-0.36487745686061435)",[0. 0. 0. 0. 0. 0. 0. 0. 0.],"geometry_msgs.msg.Vector3(x=124.1875, y=268.125, z=-171.25)",[0. 0. 0. 0. 0. 0. 0. 0. 0.],"geometry_msgs.msg.Vector3(x=-0.779296875, y=0.12548828125, z=0.55224609375)",[0. 0. 0. 0. 0. 0. 0. 0. 0.],False
1731182649843696324,"std_msgs.msg.Header(stamp=builtin_interfaces.msg.Time(sec=1731182649, nanosec=843183423), frame_id='RL_myo')","geometry_msgs.msg.Quaternion(x=0.6593711912798136, y=0.665413748711703, z=-0.003295940417394236, w=-0.3499190076466881)",[0. 0. 0. 0. 0. 0. 0. 0. 0.],"geometry_msgs.msg.Vector3(x=121.5, y=228.8125, z=-82.375)",[0. 0. 0. 0. 0. 0. 0. 0. 0.],"geometry_msgs.msg.Vector3(x=-1.08740234375, y=0.138671875, z=0.390625)",[0. 0. 0. 0. 0. 0. 0. 0. 0.],False
1731182649866559180,"std_msgs.msg.Header(stamp=builtin_interfaces.msg.Time(sec=1731182649, nanosec=866195162), frame_id='RL_myo')","geometry_msgs.msg.Quaternion(x=0.6459107756573986, y=0.6867456186846902, z=0.010498644246179604, w=-0.33327091618686416)",[0. 0. 0. 0. 0. 0. 0. 0. 0.],"geometry_msgs.msg.Vector3(x=109.3125, y=159.6875, z=-4.3125)",[0. 0. 0. 0. 0. 0. 0. 0. 0.],"geometry_msgs.msg.Vector3(x=-0.92626953125, y=0.13671875, z=0.30078125)",[0. 0. 0. 0. 0. 0. 0. 0. 0.],False
1731182649886877932,"std_msgs.msg.Header(stamp=builtin_interfaces.msg.Time(sec=1731182649, nanosec=886546412), frame_id='RL_myo')","geometry_msgs.msg.Quaternion(x=0.6386736903664407, y=0.69708450092461, z=0.016052291720792613, w=-0.32544037815690574)",[0. 0. 0. 0. 0. 0. 0. 0. 0.],"geometry_msgs.msg.Vector3(x=64.25, y=73.75, z=38.625)",[0. 0. 0. 0. 0. 0. 0. 0. 0.],"geometry_msgs.msg.Vector3(x=-0.7958984375, y=0.123046875, z=0.13232421875)",[0. 0. 0. 0. 0. 0. 0. 0. 0.],False
1731182649903412213,"std_msgs.msg.Header(stamp=builtin_interfaces.msg.Time(sec=1731182649, nanosec=903038574), frame_id='RL_myo')","geometry_msgs.msg.Quaternion(x=0.6326232034972917, y=0.7036063955539584, z=0.006713801484293496, w=-0.3235441969839984)",[0. 0. 0. 0. 0. 0. 0. 0. 0.],"geometry_msgs.msg.Vector3(x=70.3125, y=-11.75, z=63.0625)",[0. 0. 0. 0. 0. 0. 0. 0. 0.],"geometry_msgs.msg.Vector3(x=-0.58642578125, y=0.20458984375, z=0.08740234375)",[0. 0. 0. 0. 0. 0. 0. 0. 0.],False
1731182649925973030,"std_msgs.msg.Header(stamp=builtin_interfaces.msg.Time(sec=1731182649, nanosec=925566157), frame_id='RL_myo')","geometry_msgs.msg.Quaternion(x=0.6181893526957989, y=0.7143236566547131, z=-0.017578844152487172, w=-0.3275280476466881)",[0. 0. 0. 0. 0. 0. 0. 0. 0.],"geometry_msgs.msg.Vector3(x=143.125, y=-83.3125, z=59.6875)",[0. 0. 0. 0. 0. 0. 0. 0. 0.],"geometry_msgs.msg.Vector3(x=-0.3408203125, y=0.34130859375, z=0.046875)",[0. 0. 0. 0. 0. 0. 0. 0. 0.],False
1731182649946926344,"std_msgs.msg.Header(stamp=builtin_interfaces.msg.Time(sec=1731182649, nanosec=946565319), frame_id='RL_myo')","geometry_msgs.msg.Quaternion(x=0.5930997881043165, y=0.7284195606912538, z=-0.04882986832185378, w=-0.3394896595076884)",[0. 0. 0. 0. 0. 0. 0. 0. 0.],"geometry_msgs.msg.Vector3(x=212.5, y=-134.9375, z=31.75)",[0. 0. 0. 0. 0. 0. 0. 0. 0.],"geometry_msgs.msg.Vector3(x=0.0380859375, y=0.623046875, z=0.10595703125)",[0. 0. 0. 0. 0. 0. 0. 0. 0.],False
1731182649963523568,"std_msgs.msg.Header(stamp=builtin_interfaces.msg.Time(sec=1731182649, nanosec=963109961), frame_id='RL_myo')","geometry_msgs.msg.Quaternion(x=0.5740610039448144, y=0.7380086760974749, z=-0.08209591178158164, w=-0.3450469808931458)",[0. 0. 0. 0. 0. 0. 0. 0. 0.],"geometry_msgs.msg.Vector3(x=176.9375, y=-123.5625, z=68.0)",[0. 0. 0. 0. 0. 0. 0. 0. 0.],"geometry_msgs.msg.Vector3(x=0.42138671875, y=0.81689453125, z=-0.00927734375)",[0. 0. 0. 0. 0. 0. 0. 0. 0.],False
1731182649985773043,"std_msgs.msg.Header(stamp=builtin_interfaces.msg.Time(sec=1731182649, nanosec=985401901), frame_id='RL_myo')","geometry_msgs.msg.Quaternion(x=0.5698525618417641, y=0.7380127811941699, z=-0.1129816936556454, w=-0.34327879260904903)",[0. 0. 0. 0. 0. 0. 0. 0. 0.],"geometry_msgs.msg.Vector3(x=81.25, y=-97.3125, z=113.0625)",[0. 0. 0. 0. 0. 0. 0. 0. 0.],"geometry_msgs.msg.Vector3(x=0.57177734375, y=0.91162109375, z=-0.04638671875)",[0. 0. 0. 0. 0. 0. 0. 0. 0.],False
1731182650007340433,"std_msgs.msg.Header(stamp=builtin_interfaces.msg.Time(sec=1731182650, nanosec=7005829), frame_id='RL_myo')","geometry_msgs.msg.Quaternion(x=0.5728853925731924, y=0.7343870704709835, z=-0.14123767296125797, w=-0.3354547323228495)",[0. 0. 0. 0. 0. 0. 0. 0. 0.],"geometry_msgs.msg.Vector3(x=35.875, y=-66.0625, z=140.0)",[0. 0. 0. 0. 0. 0. 0. 0. 0.],"geometry_msgs.msg.Vector3(x=0.52197265625, y=0.85302734375, z=-0.123046875)",[0. 0. 0. 0. 0. 0. 0. 0. 0.],False
1731182650023290089,"std_msgs.msg.Header(stamp=builtin_interfaces.msg.Time(sec=1731182650, nanosec=23005389), frame_id='RL_myo')","geometry_msgs.msg.Quaternion(x=0.5862526336371328, y=0.7240113212080863, z=-0.16308870766042882, w=-0.32483461907515054)",[0. 0. 0. 0. 0. 0. 0. 0. 0.],"geometry_msgs.msg.Vector3(x=-41.6875, y=-38.1875, z=148.0625)",[0. 0. 0. 0. 0. 0. 0. 0. 0.],"geometry_msgs.msg.Vector3(x=0.5390625, y=0.845703125, z=-0.21484375)",[0. 0. 0. 0. 0. 0. 0. 0. 0.],False
1731182650045923234,"std_msgs.msg.Header(stamp=builtin_interfaces.msg.Time(sec=1731182650, nanosec=45557008), frame_id='RL_myo')","geometry_msgs.msg.Quaternion(x=0.6031586299613879, y=0.7098497132615809, z=-0.17792019898172898, w=-0.3172655898137315)",[0. 0. 0. 0. 0. 0. 0. 0. 0.],"geometry_msgs.msg.Vector3(x=-86.125, y=-31.0, z=119.5625)",[0. 0. 0. 0. 0. 0. 0. 0. 0.],"geometry_msgs.msg.Vector3(x=0.5380859375, y=0.77197265625, z=-0.23974609375)",[0. 0. 0. 0. 0. 0. 0. 0. 0.],False
1731182650066839262,"std_msgs.msg.Header(stamp=builtin_interfaces.msg.Time(sec=1731182650, nanosec=66541009), frame_id='RL_myo')","geometry_msgs.msg.Quaternion(x=0.6139731866658205, y=0.6994252655337148, z=-0.19318273544063244, w=-0.3106793438839871)",[0. 0. 0. 0. 0. 0. 0. 0. 0.],"geometry_msgs.msg.Vector3(x=-50.9375, y=-35.625, z=104.9375)",[0. 0. 0. 0. 0. 0. 0. 0. 0.],"geometry_msgs.msg.Vector3(x=0.443359375, y=0.740234375, z=-0.36767578125)",[0. 0. 0. 0. 0. 0. 0. 0. 0.],False
1731182650083348057,"std_msgs.msg.Header(stamp=builtin_interfaces.msg.Time(sec=1731182650, nanosec=82921903), frame_id='RL_myo')","geometry_msgs.msg.Quaternion(x=0.6200172922851983, y=0.6928348380320227, z=-0.21137230588537526, w=-0.30146341864506737)",[0. 0. 0. 0. 0. 0. 0. 0. 0.],"geometry_msgs.msg.Vector3(x=-15.0, y=-36.0625, z=90.4375)",[0. 0. 0. 0. 0. 0. 0. 0. 0.],"geometry_msgs.msg.Vector3(x=0.37060546875, y=0.68212890625, z=-0.185546875)",[0. 0. 0. 0. 0. 0. 0. 0. 0.],False
1731182650105981793,"std_msgs.msg.Header(stamp=builtin_interfaces.msg.Time(sec=1731182650, nanosec=105624433), frame_id='RL_myo')","geometry_msgs.msg.Quaternion(x=0.6293045827627366, y=0.6834455298927606, z=-0.22352215151087695, w=-0.29481485303045757)",[0. 0. 0. 0. 0. 0. 0. 0. 0.],"geometry_msgs.msg.Vector3(x=-44.25, y=-23.0625, z=73.375)",[0. 0. 0. 0. 0. 0. 0. 0. 0.],"geometry_msgs.msg.Vector3(x=0.2880859375, y=0.71875, z=-0.0693359375)",[0. 0. 0. 0. 0. 0. 0. 0. 0.],False
1731182650126801620,"std_msgs.msg.Header(stamp=builtin_interfaces.msg.Time(sec=1731182650, nanosec=126461067), frame_id='RL_myo')","geometry_msgs.msg.Quaternion(x=0.6341664432188464, y=0.6781125297556674, z=-0.23376876588336687, w=-0.288701374054393)",[0. 0. 0. 0. 0. 0. 0. 0. 0.],"geometry_msgs.msg.Vector3(x=-32.75, y=-18.3125, z=66.75)",[0. 0. 0. 0. 0. 0. 0. 0. 0.],"geometry_msgs.msg.Vector3(x=0.072265625, y=0.80224609375, z=-0.30419921875)",[0. 0. 0. 0. 0. 0. 0. 0. 0.],False
1731182650144017094,"std_msgs.msg.Header(stamp=builtin_interfaces.msg.Time(sec=1731182650, nanosec=143721374), frame_id='RL_myo')","geometry_msgs.msg.Quaternion(x=0.6288118980108773, y=0.680755105660582, z=-0.2494616799816012, w=-0.2809572089442893)",[0. 0. 0. 0. 0. 0. 0. 0. 0.],"geometry_msgs.msg.Vector3(x=41.5, y=-31.6875, z=77.0625)",[0. 0. 0. 0. 0. 0. 0. 0. 0.],"geometry_msgs.msg.Vector3(x=-0.068359375, y=0.849609375, z=-0.40478515625)",[0. 0. 0. 0. 0. 0. 0. 0. 0.],False
1731182650165828394,"std_msgs.msg.Header(stamp=builtin_interfaces.msg.Time(sec=1731182650, nanosec=165435765), frame_id='RL_myo')","geometry_msgs.msg.Quaternion(x=0.6264173353734944, y=0.6803125421487839, z=-0.2681332314426348, w=-0.26996432567056083)",[0. 0. 0. 0. 0. 0. 0. 0. 0.],"geometry_msgs.msg.Vector3(x=52.9375, y=-28.75, z=107.875)",[0. 0. 0. 0. 0. 0. 0. 0. 0.],"geometry_msgs.msg.Vector3(x=0.03759765625, y=0.85546875, z=-0.095703125)",[0. 0. 0. 0. 0. 0. 0. 0. 0.],False
1731182650186864284,"std_msgs.msg.Header(stamp=builtin_interfaces.msg.Time(sec=1731182650, nanosec=186492361), frame_id='RL_myo')","geometry_msgs.msg.Quaternion(x=0.6336268296000551, y=0.6722023190815343, z=-0.285653941097029, w=-0.25507432047959067)",[0. 0. 0. 0. 0. 0. 0. 0. 0.],"geometry_msgs.msg.Vector3(x=-4.375, y=-6.375, z=143.3125)",[0. 0. 0. 0. 0. 0. 0. 0. 0.],"geometry_msgs.msg.Vector3(x=0.14013671875, y=0.73583984375, z=0.13037109375)",[0. 0. 0. 0. 0. 0. 0. 0. 0.],False
1731182650203395661,"std_msgs.msg.Header(stamp=builtin_interfaces.msg.Time(sec=1731182650, nanosec=203024757), frame_id='RL_myo')","geometry_msgs.msg.Quaternion(x=0.6229985965298293, y=0.6780534347849391, z=-0.2869931812367255, w=-0.26410452896880293)",[0. 0. 0. 0. 0. 0. 0. 0. 0.],"geometry_msgs.msg.Vector3(x=49.3125, y=-48.75, z=-52.6875)",[0. 0. 0. 0. 0. 0. 0. 0. 0.],"geometry_msgs.msg.Vector3(x=0.97265625, y=3.3291015625, z=-0.04736328125)",[0. 0. 0. 0. 0. 0. 0. 0. 0.],False
1731182650225867216,"std_msgs.msg.Header(stamp=builtin_interfaces.msg.Time(sec=1731182650, nanosec=225607531), frame_id='RL_myo')","geometry_msgs.msg.Quaternion(x=0.6147683593862696, y=0.6935065626833594, z=-0.25159602634930534, w=-0.27894076671914736)",[0. 0. 0. 0. 0. 0. 0. 0. 0.],"geometry_msgs.msg.Vector3(x=-0.375, y=79.3125, z=-218.0625)",[0. 0. 0. 0. 0. 0. 0. 0. 0.],"geometry_msgs.msg.Vector3(x=-0.703125, y=1.28955078125, z=-0.697265625)",[0. 0. 0. 0. 0. 0. 0. 0. 0.],False
1731182650246978674,"std_msgs.msg.Header(stamp=builtin_interfaces.msg.Time(sec=1731182650, nanosec=246618080), frame_id='RL_myo')","geometry_msgs.msg.Quaternion(x=0.6186488107371375, y=0.6887167699642718, z=-0.25701757517897456, w=-0.27728113133176946)",[0. 0. 0. 0. 0. 0. 0. 0. 0.],"geometry_msgs.msg.Vector3(x=-39.25, y=-12.1875, z=85.0625)",[0. 0. 0. 0. 0. 0. 0. 0. 0.],"geometry_msgs.msg.Vector3(x=-0.68408203125, y=0.68408203125, z=-0.3115234375)",[0. 0. 0. 0. 0. 0. 0. 0. 0.],False
1731182650263282650,"std_msgs.msg.Header(stamp=builtin_interfaces.msg.Time(sec=1731182650, nanosec=262965266), frame_id='RL_myo')","geometry_msgs.msg.Quaternion(x=0.6387508830178339, y=0.6699407254661963, z=-0.26593765860570495, w=-0.2691726129105253)",[0. 0. 0. 0. 0. 0. 0. 0. 0.],"geometry_msgs.msg.Vector3(x=-115.875, y=0.6875, z=131.3125)",[0. 0. 0. 0. 0. 0. 0. 0. 0.],"geometry_msgs.msg.Vector3(x=-0.48876953125, y=1.60107421875, z=0.166015625)",[0. 0. 0. 0. 0. 0. 0. 0. 0.],False
1731182650286486326,"std_msgs.msg.Header(stamp=builtin_interfaces.msg.Time(sec=1731182650, nanosec=286102759), frame_id='RL_myo')","geometry_msgs.msg.Quaternion(x=0.6430706129807603, y=0.6639447729693158, z=-0.26123217763455336, w=-0.2782000620696949)",[0. 0. 0. 0. 0. 0. 0. 0. 0.],"geometry_msgs.msg.Vector3(x=-88.625, y=-20.6875, z=-35.75)",[0. 0. 0. 0. 0. 0. 0. 0. 0.],"geometry_msgs.msg.Vector3(x=-0.03173828125, y=1.10400390625, z=-0.4306640625)",[0. 0. 0. 0. 0. 0. 0. 0. 0.],False
1731182650306929695,"std_msgs.msg.Header(stamp=builtin_interfaces.msg.Time(sec=1731182650, nanosec=306529796), frame_id='RL_myo')","geometry_msgs.msg.Quaternion(x=0.6477767964136788, y=0.6578477632852756, z=-0.2589764390071836, w=-0.28381815729045573)",[0. 0. 0. 0. 0. 0. 0. 0. 0.],"geometry_msgs.msg.Vector3(x=-48.0625, y=-15.875, z=-21.5625)",[0. 0. 0. 0. 0. 0. 0. 0. 0.],"geometry_msgs.msg.Vector3(x=0.09716796875, y=0.7568359375, z=0.05908203125)",[0. 0. 0. 0. 0. 0. 0. 0. 0.],False
1731182650323309622,"std_msgs.msg.Header(stamp=builtin_interfaces.msg.Time(sec=1731182650, nanosec=322903353), frame_id='RL_myo')","geometry_msgs.msg.Quaternion(x=0.6544412410523683, y=0.6503517462612372, z=-0.26545093800939656, w=-0.27979468839620003)",[0. 0. 0. 0. 0. 0. 0. 0. 0.],"geometry_msgs.msg.Vector3(x=-31.1875, y=-10.625, z=33.875)",[0. 0. 0. 0. 0. 0. 0. 0. 0.],"geometry_msgs.msg.Vector3(x=0.3828125, y=0.66943359375, z=0.08642578125)",[0. 0. 0. 0. 0. 0. 0. 0. 0.],False
1731182650345815902,"std_msgs.msg.Header(stamp=builtin_interfaces.msg.Time(sec=1731182650, nanosec=345457011), frame_id='RL_myo')","geometry_msgs.msg.Quaternion(x=0.6620056655277649, y=0.6428400949048884, z=-0.2655713305099857, w=-0.2792435847122925)",[0. 0. 0. 0. 0. 0. 0. 0. 0.],"geometry_msgs.msg.Vector3(x=-62.6875, y=1.6875, z=-11.125)",[0. 0. 0. 0. 0. 0. 0. 0. 0.],"geometry_msgs.msg.Vector3(x=0.52099609375, y=0.771484375, z=-0.080078125)",[0. 0. 0. 0. 0. 0. 0. 0. 0.],False
1731182650367089880,"std_msgs.msg.Header(stamp=builtin_interfaces.msg.Time(sec=1731182650, nanosec=366614974), frame_id='RL_myo')","geometry_msgs.msg.Quaternion(x=0.6627892233176803, y=0.6430746161594143, z=-0.25982997731497975, w=-0.2822301656341241)",[0. 0. 0. 0. 0. 0. 0. 0. 0.],"geometry_msgs.msg.Vector3(x=-21.5625, y=13.0, z=-53.9375)",[0. 0. 0. 0. 0. 0. 0. 0. 0.],"geometry_msgs.msg.Vector3(x=0.30322265625, y=0.88427734375, z=-0.0458984375)",[0. 0. 0. 0. 0. 0. 0. 0. 0.],False
1731182650383324508,"std_msgs.msg.Header(stamp=builtin_interfaces.msg.Time(sec=1731182650, nanosec=382924283), frame_id='RL_myo')","geometry_msgs.msg.Quaternion(x=0.6592063020636111, y=0.6478533046391822, z=-0.2543437648795433, w=-0.2846794622985817)",[0. 0. 0. 0. 0. 0. 0. 0. 0.],"geometry_msgs.msg.Vector3(x=18.6875, y=14.5625, z=-57.1875)",[0. 0. 0. 0. 0. 0. 0. 0. 0.],"geometry_msgs.msg.Vector3(x=0.1826171875, y=0.853515625, z=0.0224609375)",[0. 0. 0. 0. 0. 0. 0. 0. 0.],False
1731182650405976004,"std_msgs.msg.Header(stamp=builtin_interfaces.msg.Time(sec=1731182650, nanosec=405574037), frame_id='RL_myo')","geometry_msgs.msg.Quaternion(x=0.657350849000816, y=0.6513693835224427, z=-0.24469076635508552, w=-0.2893686513568123)",[0. 0. 0. 0. 0. 0. 0. 0. 0.],"geometry_msgs.msg.Vector3(x=-1.4375, y=22.75, z=-79.6875)",[0. 0. 0. 0. 0. 0. 0. 0. 0.],"geometry_msgs.msg.Vector3(x=0.20361328125, y=0.96435546875, z=0.0478515625)",[0. 0. 0. 0. 0. 0. 0. 0. 0.],False
1731182650427390717,"std_msgs.msg.Header(stamp=builtin_interfaces.msg.Time(sec=1731182650, nanosec=427016559), frame_id='RL_myo')","geometry_msgs.msg.Quaternion(x=0.6552120679466784, y=0.6547848220709797, z=-0.22827136787336538, w=-0.2997434993652667)",[0. 0. 0. 0. 0. 0. 0. 0. 0.],"geometry_msgs.msg.Vector3(x=-21.5, y=25.9375, z=-115.25)",[0. 0. 0. 0. 0. 0. 0. 0. 0.],"geometry_msgs.msg.Vector3(x=0.2607421875, y=1.0810546875, z=0.0146484375)",[0. 0. 0. 0. 0. 0. 0. 0. 0.],False
1731182650444330096,"std_msgs.msg.Header(stamp=builtin_interfaces.msg.Time(sec=1731182650, nanosec=443938450), frame_id='RL_myo')","geometry_msgs.msg.Quaternion(x=0.6527454155930534, y=0.6576284933233175, z=-0.20923988074181665, w=-0.3125169747369023)",[0. 0. 0. 0. 0. 0. 0. 0. 0.],"geometry_msgs.msg.Vector3(x=-30.375, y=25.375, z=-134.25)",[0. 0. 0. 0. 0. 0. 0. 0. 0.],"geometry_msgs.msg.Vector3(x=0.2685546875, y=1.072265625, z=-0.0107421875)",[0. 0. 0. 0. 0. 0. 0. 0. 0.],False
1731182650466108966,"std_msgs.msg.Header(stamp=builtin_interfaces.msg.Time(sec=1731182650, nanosec=465627280), frame_id='RL_myo')","geometry_msgs.msg.Quaternion(x=0.6520367743127685, y=0.658445448028283, z=-0.18853707721165797, w=-0.32519441482153244)",[0. 0. 0. 0. 0. 0. 0. 0. 0.],"geometry_msgs.msg.Vector3(x=-48.125, y=30.4375, z=-134.625)",[0. 0. 0. 0. 0. 0. 0. 0. 0.],"geometry_msgs.msg.Vector3(x=0.22900390625, y=0.9833984375, z=-0.02490234375)",[0. 0. 0. 0. 0. 0. 0. 0. 0.],False
1731182650486971959,"std_msgs.msg.Header(stamp=builtin_interfaces.msg.Time(sec=1731182650, nanosec=486564978), frame_id='RL_myo')","geometry_msgs.msg.Quaternion(x=0.6533969625517732, y=0.6577305622099867, z=-0.1660195925400115, w=-0.33600656504881005)",[0. 0. 0. 0. 0. 0. 0. 0. 0.],"geometry_msgs.msg.Vector3(x=-63.6875, y=43.4375, z=-129.0625)",[0. 0. 0. 0. 0. 0. 0. 0. 0.],"geometry_msgs.msg.Vector3(x=0.18994140625, y=0.88916015625, z=-0.05615234375)",[0. 0. 0. 0. 0. 0. 0. 0. 0.],False
1731182650502871363,"std_msgs.msg.Header(stamp=builtin_interfaces.msg.Time(sec=1731182650, nanosec=502487757), frame_id='RL_myo')","geometry_msgs.msg.Quaternion(x=0.6566373473641128, y=0.6554776420657378, z=-0.14362034563559745, w=-0.34431039937543784)",[0. 0. 0. 0. 0. 0. 0. 0. 0.],"geometry_msgs.msg.Vector3(x=-72.75, y=51.625, z=-112.9375)",[0. 0. 0. 0. 0. 0. 0. 0. 0.],"geometry_msgs.msg.Vector3(x=0.138671875, y=0.7412109375, z=0.017578125)",[0. 0. 0. 0. 0. 0. 0. 0. 0.],False
1731182650516357397,"std_msgs.msg.Header(stamp=builtin_interfaces.msg.Time(sec=1731182650, nanosec=515981840), frame_id='RL_myo')","geometry_msgs.msg.Quaternion(x=0.6615240705280612, y=0.6518191132283785, z=-0.12634755729775665, w=-0.34864601318105604)",[0. 0. 0. 0. 0. 0. 0. 0. 0.],"geometry_msgs.msg.Vector3(x=-66.625, y=48.625, z=-87.75)",[0. 0. 0. 0. 0. 0. 0. 0. 0.],"geometry_msgs.msg.Vector3(x=0.109375, y=0.60546875, z=0.1240234375)",[0. 0. 0. 0. 0. 0. 0. 0. 0.],False
1731182650531273444,"std_msgs.msg.Header(stamp=builtin_interfaces.msg.Time(sec=1731182650, nanosec=530875448), frame_id='RL_myo')","geometry_msgs.msg.Quaternion(x=0.6675547501655489, y=0.646253057945765, z=-0.11249002510332876, w=-0.3522408762188336)",[0. 0. 0. 0. 0. 0. 0. 0. 0.],"geometry_msgs.msg.Vector3(x=-65.0625, y=36.8125, z=-61.6875)",[0. 0. 0. 0. 0. 0. 0. 0. 0.],"geometry_msgs.msg.Vector3(x=0.01171875, y=0.541015625, z=0.21875)",[0. 0. 0. 0. 0. 0. 0. 0. 0.],False
1731182650562292307,"std_msgs.msg.Header(stamp=builtin_interfaces.msg.Time(sec=1731182650, nanosec=561896101), frame_id='RL_myo')","geometry_msgs.msg.Quaternion(x=0.6747113093486435, y=0.6391262999990633, z=-0.10193304564974079, w=-0.3548124517137385)",[0. 0. 0. 0. 0. 0. 0. 0. 0.],"geometry_msgs.msg.Vector3(x=-62.5, y=26.4375, z=-34.3125)",[0. 0. 0. 0. 0. 0. 0. 0. 0.],"geometry_msgs.msg.Vector3(x=-0.1220703125, y=0.54931640625, z=0.31103515625)",[0. 0. 0. 0. 0. 0. 0. 0. 0.],False
1731182650577791755,"std_msgs.msg.Header(stamp=builtin_interfaces.msg.Time(sec=1731182650, nanosec=577411182), frame_id='RL_myo')","geometry_msgs.msg.Quaternion(x=0.6846583572502657, y=0.6288089860383558, z=-0.09643935138231433, w=-0.3557269239595746)",[0. 0. 0. 0. 0. 0. 0. 0. 0.],"geometry_msgs.msg.Vector3(x=-69.125, y=8.0, z=8.25)",[0. 0. 0. 0. 0. 0. 0. 0. 0.],"geometry_msgs.msg.Vector3(x=-0.259765625, y=0.49853515625, z=0.3955078125)",[0. 0. 0. 0. 0. 0. 0. 0. 0.],False
1731182650591267932,"std_msgs.msg.Header(stamp=builtin_interfaces.msg.Time(sec=1731182650, nanosec=590909471), frame_id='RL_myo')","geometry_msgs.msg.Quaternion(x=0.6975778341439592, y=0.6147522920201205, z=-0.09564305416953225, w=-0.35541129829558793)",[0. 0. 0. 0. 0. 0. 0. 0. 0.],"geometry_msgs.msg.Vector3(x=-84.125, y=-13.75, z=44.125)",[0. 0. 0. 0. 0. 0. 0. 0. 0.],"geometry_msgs.msg.Vector3(x=-0.34912109375, y=0.5205078125, z=0.4228515625)",[0. 0. 0. 0. 0. 0. 0. 0. 0.],False
1731182650613935681,"std_msgs.msg.Header(stamp=builtin_interfaces.msg.Time(sec=1731182650, nanosec=613488360), frame_id='RL_myo')","geometry_msgs.msg.Quaternion(x=0.7124749273193349, y=0.5986425158183875, z=-0.10009927874614147, w=-0.3521175238332257)",[0. 0. 0. 0. 0. 0. 0. 0. 0.],"geometry_msgs.msg.Vector3(x=-92.1875, y=-30.5625, z=84.0625)",[0. 0. 0. 0. 0. 0. 0. 0. 0.],"geometry_msgs.msg.Vector3(x=-0.44140625, y=0.640625, z=0.3955078125)",[0. 0. 0. 0. 0. 0. 0. 0. 0.],False
1731182650630361703,"std_msgs.msg.Header(stamp=builtin_interfaces.msg.Time(sec=1731182650, nanosec=629956982), frame_id='RL_myo')","geometry_msgs.msg.Quaternion(x=0.7301323231757064, y=0.5796134877843595, z=-0.11230926890514127, w=-0.34400817366813924)",[0. 0. 0. 0. 0. 0. 0. 0. 0.],"geometry_msgs.msg.Vector3(x=-106.75, y=-51.375, z=126.75)",[0. 0. 0. 0. 0. 0. 0. 0. 0.],"geometry_msgs.msg.Vector3(x=-0.49951171875, y=0.7265625, z=0.3935546875)",[0. 0. 0. 0. 0. 0. 0. 0. 0.],False
1731182650651221573,"std_msgs.msg.Header(stamp=builtin_interfaces.msg.Time(sec=1731182650, nanosec=650871951), frame_id='RL_myo')","geometry_msgs.msg.Quaternion(x=0.7493544259110073, y=0.5562325391648619, z=-0.1286055042269685, w=-0.3354607741962121)",[0. 0. 0. 0. 0. 0. 0. 0. 0.],"geometry_msgs.msg.Vector3(x=-121.1875, y=-75.625, z=150.25)",[0. 0. 0. 0. 0. 0. 0. 0. 0.],"geometry_msgs.msg.Vector3(x=-0.62548828125, y=0.80126953125, z=0.4921875)",[0. 0. 0. 0. 0. 0. 0. 0. 0.],False
1731182650681931787,"std_msgs.msg.Header(stamp=builtin_interfaces.msg.Time(sec=1731182650, nanosec=681531619), frame_id='RL_myo')","geometry_msgs.msg.Quaternion(x=0.7707639366697391, y=0.5243001438068624, z=-0.15179679367260382, w=-0.32861839048383557)",[0. 0. 0. 0. 0. 0. 0. 0. 0.],"geometry_msgs.msg.Vector3(x=-154.375, y=-126.9375, z=177.625)",[0. 0. 0. 0. 0. 0. 0. 0. 0.],"geometry_msgs.msg.Vector3(x=-0.68701171875, y=0.7978515625, z=0.45263671875)",[0. 0. 0. 0. 0. 0. 0. 0. 0.],False
1731182650696233746,"std_msgs.msg.Header(stamp=builtin_interfaces.msg.Time(sec=1731182650, nanosec=695872814), frame_id='RL_myo')","geometry_msgs.msg.Quaternion(x=0.7919404116254751, y=0.4862727752924979, z=-0.17987270852102313, w=-0.32251353641842084)",[0. 0. 0. 0. 0. 0. 0. 0. 0.],"geometry_msgs.msg.Vector3(x=-177.0, y=-163.5, z=192.625)",[0. 0. 0. 0. 0. 0. 0. 0. 0.],"geometry_msgs.msg.Vector3(x=-0.56396484375, y=0.89453125, z=0.251953125)",[0. 0. 0. 0. 0. 0. 0. 0. 0.],False
1731182650718771789,"std_msgs.msg.Header(stamp=builtin_interfaces.msg.Time(sec=1731182650, nanosec=718351545), frame_id='RL_myo')","geometry_msgs.msg.Quaternion(x=0.804285059789924, y=0.45637393883655325, z=-0.21131022820009995, w=-0.3165380830288037)",[0. 0. 0. 0. 0. 0. 0. 0. 0.],"geometry_msgs.msg.Vector3(x=-109.6875, y=-174.4375, z=179.4375)",[0. 0. 0. 0. 0. 0. 0. 0. 0.],"geometry_msgs.msg.Vector3(x=-0.68798828125, y=0.8447265625, z=0.2421875)",[0. 0. 0. 0. 0. 0. 0. 0. 0.],False
1731182650733943165,"std_msgs.msg.Header(stamp=builtin_interfaces.msg.Time(sec=1731182650, nanosec=733484097), frame_id='RL_myo')","geometry_msgs.msg.Quaternion(x=0.8069609369576843, y=0.4339681008826213, z=-0.24396209553134138, w=-0.3177549835717196)",[0. 0. 0. 0. 0. 0. 0. 0. 0.],"geometry_msgs.msg.Vector3(x=-54.625, y=-198.25, z=124.0625)",[0. 0. 0. 0. 0. 0. 0. 0. 0.],"geometry_msgs.msg.Vector3(x=-0.72802734375, y=0.7744140625, z=0.341796875)",[0. 0. 0. 0. 0. 0. 0. 0. 0.],False
1731182650748767751,"std_msgs.msg.Header(stamp=builtin_interfaces.msg.Time(sec=1731182650, nanosec=748391989), frame_id='RL_myo')","geometry_msgs.msg.Quaternion(x=0.8017039526342064, y=0.41876595500748304, z=-0.28021491028120604, w=-0.32153608088899877)",[0. 0. 0. 0. 0. 0. 0. 0. 0.],"geometry_msgs.msg.Vector3(x=1.4375, y=-218.0625, z=95.3125)",[0. 0. 0. 0. 0. 0. 0. 0. 0.],"geometry_msgs.msg.Vector3(x=-0.53369140625, y=0.931640625, z=0.42041015625)",[0. 0. 0. 0. 0. 0. 0. 0. 0.],False
1731182650771295023,"std_msgs.msg.Header(stamp=builtin_interfaces.msg.Time(sec=1731182650, nanosec=770911607), frame_id='RL_myo')","geometry_msgs.msg.Quaternion(x=0.7932123277079507, y=0.4061276414718917, z=-0.31866432463551947, w=-0.3229978176539301)",[0. 0. 0. 0. 0. 0. 0. 0. 0.],"geometry_msgs.msg.Vector3(x=27.5625, y=-221.375, z=98.1875)",[0. 0. 0. 0. 0. 0. 0. 0. 0.],"geometry_msgs.msg.Vector3(x=-0.203125, y=1.25537109375, z=0.501953125)",[0. 0. 0. 0. 0. 0. 0. 0. 0.],False
1731182650793771707,"std_msgs.msg.Header(stamp=builtin_interfaces.msg.Time(sec=1731182650, nanosec=793375628), frame_id='RL_myo')","geometry_msgs.msg.Quaternion(x=0.7874930999654783, y=0.3858728397133587, z=-0.3498612966208434, w=-0.32947510103965677)",[0. 0. 0. 0. 0. 0. 0. 0. 0.],"geometry_msgs.msg.Vector3(x=-36.0625, y=-206.5625, z=75.0)",[0. 0. 0. 0. 0. 0. 0. 0. 0.],"geometry_msgs.msg.Vector3(x=0.095703125, y=1.2998046875, z=0.49072265625)",[0. 0. 0. 0. 0. 0. 0. 0. 0.],False
1731182650816326787,"std_msgs.msg.Header(stamp=builtin_interfaces.msg.Time(sec=1731182650, nanosec=815946837), frame_id='RL_myo')","geometry_msgs.msg.Quaternion(x=0.786380431908475, y=0.3583389875609016, z=-0.37097332079631407, w=-0.3399673242572342)",[0. 0. 0. 0. 0. 0. 0. 0. 0.],"geometry_msgs.msg.Vector3(x=-105.9375, y=-175.375, z=58.5625)",[0. 0. 0. 0. 0. 0. 0. 0. 0.],"geometry_msgs.msg.Vector3(x=0.03271484375, y=1.1376953125, z=0.466796875)",[0. 0. 0. 0. 0. 0. 0. 0. 0.],False
1731182650838728975,"std_msgs.msg.Header(stamp=builtin_interfaces.msg.Time(sec=1731182650, nanosec=838384119), frame_id='RL_myo')","geometry_msgs.msg.Quaternion(x=0.7870588849344943, y=0.3274580005950804, z=-0.3870901472085741, w=-0.3513841024092969)",[0. 0. 0. 0. 0. 0. 0. 0. 0.],"geometry_msgs.msg.Vector3(x=-135.1875, y=-158.6875, z=56.4375)",[0. 0. 0. 0. 0. 0. 0. 0. 0.],"geometry_msgs.msg.Vector3(x=-0.1171875, y=0.92822265625, z=0.4677734375)",[0. 0. 0. 0. 0. 0. 0. 0. 0.],False
1731182650870692831,"std_msgs.msg.Header(stamp=builtin_interfaces.msg.Time(sec=1731182650, nanosec=870410746), frame_id='RL_myo')","geometry_msgs.msg.Quaternion(x=0.7848474969762409, y=0.30206161151997946, z=-0.4065533227590591, w=-0.35705403665222873)",[0. 0. 0. 0. 0. 0. 0. 0. 0.],"geometry_msgs.msg.Vector3(x=-85.875, y=-158.3125, z=70.0)",[0. 0. 0. 0. 0. 0. 0. 0. 0.],"geometry_msgs.msg.Vector3(x=-0.08642578125, y=0.87109375, z=0.42333984375)",[0. 0. 0. 0. 0. 0. 0. 0. 0.],False
1731182650873233126,"std_msgs.msg.Header(stamp=builtin_interfaces.msg.Time(sec=1731182650, nanosec=872918276), frame_id='RL_myo')","geometry_msgs.msg.Quaternion(x=0.7819275417156458, y=0.2779562895147179, z=-0.4268222074168692, w=-0.35937782886751407)",[0. 0. 0. 0. 0. 0. 0. 0. 0.],"geometry_msgs.msg.Vector3(x=-69.375, y=-151.1875, z=76.9375)",[0. 0. 0. 0. 0. 0. 0. 0. 0.],"geometry_msgs.msg.Vector3(x=0.31591796875, y=0.7412109375, z=0.31787109375)",[0. 0. 0. 0. 0. 0. 0. 0. 0.],False
1731182650892683635,"std_msgs.msg.Header(stamp=builtin_interfaces.msg.Time(sec=1731182650, nanosec=892292602), frame_id='RL_myo')","geometry_msgs.msg.Quaternion(x=0.7799101145270808, y=0.25524996861420035, z=-0.44165202603834375, w=-0.3626722413930125)",[0. 0. 0. 0. 0. 0. 0. 0. 0.],"geometry_msgs.msg.Vector3(x=-76.75, y=-122.1875, z=58.5)",[0. 0. 0. 0. 0. 0. 0. 0. 0.],"geometry_msgs.msg.Vector3(x=0.6572265625, y=0.767578125, z=0.4482421875)",[0. 0. 0. 0. 0. 0. 0. 0. 0.],False
1731182650913668755,"std_msgs.msg.Header(stamp=builtin_interfaces.msg.Time(sec=1731182650, nanosec=913316165), frame_id='RL_myo')","geometry_msgs.msg.Quaternion(x=0.7789805573431384, y=0.23943749325841357, z=-0.4528133475616034, w=-0.3616891626432217)",[0. 0. 0. 0. 0. 0. 0. 0. 0.],"geometry_msgs.msg.Vector3(x=-52.4375, y=-85.8125, z=71.6875)",[0. 0. 0. 0. 0. 0. 0. 0. 0.],"geometry_msgs.msg.Vector3(x=0.41943359375, y=0.89501953125, z=0.4365234375)",[0. 0. 0. 0. 0. 0. 0. 0. 0.],False
1731182650936230382,"std_msgs.msg.Header(stamp=builtin_interfaces.msg.Time(sec=1731182650, nanosec=935862338), frame_id='RL_myo')","geometry_msgs.msg.Quaternion(x=0.7795927123526007, y=0.2249728910774044, z=-0.46270197700971316, w=-0.35711242151217937)",[0. 0. 0. 0. 0. 0. 0. 0. 0.],"geometry_msgs.msg.Vector3(x=-39.5625, y=-73.4375, z=90.5625)",[0. 0. 0. 0. 0. 0. 0. 0. 0.],"geometry_msgs.msg.Vector3(x=0.24365234375, y=0.75244140625, z=0.38671875)",[0. 0. 0. 0. 0. 0. 0. 0. 0.],False
1731182650951430515,"std_msgs.msg.Header(stamp=builtin_interfaces.msg.Time(sec=1731182650, nanosec=951014804), frame_id='RL_myo')","geometry_msgs.msg.Quaternion(x=0.7825979395513463, y=0.20556776325135973, z=-0.4736359390827053, w=-0.34778061609449157)",[0. 0. 0. 0. 0. 0. 0. 0. 0.],"geometry_msgs.msg.Vector3(x=-45.75, y=-68.1875, z=115.4375)",[0. 0. 0. 0. 0. 0. 0. 0. 0.],"geometry_msgs.msg.Vector3(x=0.6015625, y=0.87353515625, z=0.427734375)",[0. 0. 0. 0. 0. 0. 0. 0. 0.],False
1731182650982240100,"std_msgs.msg.Header(stamp=builtin_interfaces.msg.Time(sec=1731182650, nanosec=981854880), frame_id='RL_myo')","geometry_msgs.msg.Quaternion(x=0.7856836047227143, y=0.18517548797706168, z=-0.48137082191004793, w=-0.3416042208990159)",[0. 0. 0. 0. 0. 0. 0. 0. 0.],"geometry_msgs.msg.Vector3(x=-54.1875, y=-59.125, z=86.125)",[0. 0. 0. 0. 0. 0. 0. 0. 0.],"geometry_msgs.msg.Vector3(x=0.736328125, y=0.4453125, z=0.53369140625)",[0. 0. 0. 0. 0. 0. 0. 0. 0.],False
1731182651005667375,"std_msgs.msg.Header(stamp=builtin_interfaces.msg.Time(sec=1731182651, nanosec=5360572), frame_id='RL_myo')","geometry_msgs.msg.Quaternion(x=0.7881229493105831, y=0.17492142590599638, z=-0.4891208329416103, w=-0.33019013054830443)",[0. 0. 0. 0. 0. 0. 0. 0. 0.],"geometry_msgs.msg.Vector3(x=11.4375, y=-41.5, z=80.75)",[0. 0. 0. 0. 0. 0. 0. 0. 0.],"geometry_msgs.msg.Vector3(x=0.728515625, y=0.4052734375, z=0.6318359375)",[0. 0. 0. 0. 0. 0. 0. 0. 0.],False
1731182651011408237,"std_msgs.msg.Header(stamp=builtin_interfaces.msg.Time(sec=1731182651, nanosec=10994925), frame_id='RL_myo')","geometry_msgs.msg.Quaternion(x=0.790250650841129, y=0.1723694939349153, z=-0.4981258640236699, w=-0.31251126379134786)",[0. 0. 0. 0. 0. 0. 0. 0. 0.],"geometry_msgs.msg.Vector3(x=64.9375, y=-28.0625, z=90.375)",[0. 0. 0. 0. 0. 0. 0. 0. 0.],"geometry_msgs.msg.Vector3(x=0.90673828125, y=0.58251953125, z=0.7265625)",[0. 0. 0. 0. 0. 0. 0. 0. 0.],False
1731182651037500761,"std_msgs.msg.Header(stamp=builtin_interfaces.msg.Time(sec=1731182651, nanosec=37118493), frame_id='RL_myo')","geometry_msgs.msg.Quaternion(x=0.7938323017922553, y=0.1754780768608899, z=-0.49878498925467557, w=-0.3004184675858435)",[0. 0. 0. 0. 0. 0. 0. 0. 0.],"geometry_msgs.msg.Vector3(x=54.875, y=14.875, z=52.5625)",[0. 0. 0. 0. 0. 0. 0. 0. 0.],"geometry_msgs.msg.Vector3(x=0.91455078125, y=0.76611328125, z=0.7900390625)",[0. 0. 0. 0. 0. 0. 0. 0. 0.],False
1731182651050363266,"std_msgs.msg.Header(stamp=builtin_interfaces.msg.Time(sec=1731182651, nanosec=49961175), frame_id='RL_myo')","geometry_msgs.msg.Quaternion(x=0.7936535198351261, y=0.17889705965060024, z=-0.5000084314765326, w=-0.29681897000370827)",[0. 0. 0. 0. 0. 0. 0. 0. 0.],"geometry_msgs.msg.Vector3(x=23.1875, y=4.0, z=14.625)",[0. 0. 0. 0. 0. 0. 0. 0. 0.],"geometry_msgs.msg.Vector3(x=0.703125, y=0.7353515625, z=0.43212890625)",[0. 0. 0. 0. 0. 0. 0. 0. 0.],False
1731182651072819551,"std_msgs.msg.Header(stamp=builtin_interfaces.msg.Time(sec=1731182651, nanosec=72388956), frame_id='RL_myo')","geometry_msgs.msg.Quaternion(x=0.7936891321926054, y=0.17919650047043137, z=-0.500968963168018, w=-0.29491740131918404)",[0. 0. 0. 0. 0. 0. 0. 0. 0.],"geometry_msgs.msg.Vector3(x=10.875, y=-1.0625, z=3.375)",[0. 0. 0. 0. 0. 0. 0. 0. 0.],"geometry_msgs.msg.Vector3(x=0.69873046875, y=0.484375, z=0.4267578125)",[0. 0. 0. 0. 0. 0. 0. 0. 0.],False
1731182651111504765,"std_msgs.msg.Header(stamp=builtin_interfaces.msg.Time(sec=1731182651, nanosec=111044679), frame_id='RL_myo')","geometry_msgs.msg.Quaternion(x=0.7944834843032889, y=0.178464293470294, z=-0.5011526380590232, w=-0.2929036061436186)",[0. 0. 0. 0. 0. 0. 0. 0. 0.],"geometry_msgs.msg.Vector3(x=8.1875, y=1.8125, z=3.875)",[0. 0. 0. 0. 0. 0. 0. 0. 0.],"geometry_msgs.msg.Vector3(x=0.66015625, y=0.36328125, z=0.42529296875)",[0. 0. 0. 0. 0. 0. 0. 0. 0.],False
1731182651114003584,"std_msgs.msg.Header(stamp=builtin_interfaces.msg.Time(sec=1731182651, nanosec=113585520), frame_id='RL_myo')","geometry_msgs.msg.Quaternion(x=0.794983067118029, y=0.17730716391384832, z=-0.5015870130960431, w=-0.29150396380466076)",[0. 0. 0. 0. 0. 0. 0. 0. 0.],"geometry_msgs.msg.Vector3(x=-2.0, y=2.4375, z=7.625)",[0. 0. 0. 0. 0. 0. 0. 0. 0.],"geometry_msgs.msg.Vector3(x=0.642578125, y=0.46435546875, z=0.328125)",[0. 0. 0. 0. 0. 0. 0. 0. 0.],False
1731182651138778730,"std_msgs.msg.Header(stamp=builtin_interfaces.msg.Time(sec=1731182651, nanosec=138357017), frame_id='RL_myo')","geometry_msgs.msg.Quaternion(x=0.7955243805780577, y=0.1742536524896697, z=-0.5017650707942468, w=-0.29156206582947536)",[0. 0. 0. 0. 0. 0. 0. 0. 0.],"geometry_msgs.msg.Vector3(x=-17.75, y=-0.4375, z=9.3125)",[0. 0. 0. 0. 0. 0. 0. 0. 0.],"geometry_msgs.msg.Vector3(x=0.669921875, y=0.544921875, z=0.3359375)",[0. 0. 0. 0. 0. 0. 0. 0. 0.],False
1731182651153809132,"std_msgs.msg.Header(stamp=builtin_interfaces.msg.Time(sec=1731182651, nanosec=153379495), frame_id='RL_myo')","geometry_msgs.msg.Quaternion(x=0.7958984404649527, y=0.17028808657187255, z=-0.5018920917134437, w=-0.2926635753090068)",[0. 0. 0. 0. 0. 0. 0. 0. 0.],"geometry_msgs.msg.Vector3(x=-22.4375, y=-3.4375, z=3.3125)",[0. 0. 0. 0. 0. 0. 0. 0. 0.],"geometry_msgs.msg.Vector3(x=0.74072265625, y=0.52099609375, z=0.38232421875)",[0. 0. 0. 0. 0. 0. 0. 0. 0.],False
1731182651176409268,"std_msgs.msg.Header(stamp=builtin_interfaces.msg.Time(sec=1731182651, nanosec=175964454), frame_id='RL_myo')","geometry_msgs.msg.Quaternion(x=0.7955198968392533, y=0.16863752301418267, z=-0.5019453453741, w=-0.2945510988296944)",[0. 0. 0. 0. 0. 0. 0. 0. 0.],"geometry_msgs.msg.Vector3(x=-10.5625, y=-4.125, z=-9.3125)",[0. 0. 0. 0. 0. 0. 0. 0. 0.],"geometry_msgs.msg.Vector3(x=0.74462890625, y=0.498046875, z=0.43310546875)",[0. 0. 0. 0. 0. 0. 0. 0. 0.],False
1731182651191224993,"std_msgs.msg.Header(stamp=builtin_interfaces.msg.Time(sec=1731182651, nanosec=190816293), frame_id='RL_myo')","geometry_msgs.msg.Quaternion(x=0.7940235055353736, y=0.17029176573477534, z=-0.5026353730558691, w=-0.2964541599189261)",[0. 0. 0. 0. 0. 0. 0. 0. 0.],"geometry_msgs.msg.Vector3(x=4.5, y=-4.9375, z=-17.25)",[0. 0. 0. 0. 0. 0. 0. 0. 0.],"geometry_msgs.msg.Vector3(x=0.6943359375, y=0.5302734375, z=0.40185546875)",[0. 0. 0. 0. 0. 0. 0. 0. 0.],False
1731182651215575028,"std_msgs.msg.Header(stamp=builtin_interfaces.msg.Time(sec=1731182651, nanosec=215169289), frame_id='RL_myo')","geometry_msgs.msg.Quaternion(x=0.7924433251489291, y=0.17236847802669458, z=-0.5033721098746992, w=-0.29822676474448645)",[0. 0. 0. 0. 0. 0. 0. 0. 0.],"geometry_msgs.msg.Vector3(x=4.6875, y=-4.8125, z=-13.875)",[0. 0. 0. 0. 0. 0. 0. 0. 0.],"geometry_msgs.msg.Vector3(x=0.6591796875, y=0.5830078125, z=0.384765625)",[0. 0. 0. 0. 0. 0. 0. 0. 0.],False
1731182651236426531,"std_msgs.msg.Header(stamp=builtin_interfaces.msg.Time(sec=1731182651, nanosec=235985651), frame_id='RL_myo')","geometry_msgs.msg.Quaternion(x=0.7919364700849353, y=0.17205926082230694, z=-0.5034823847191238, w=-0.2995625583951339)",[0. 0. 0. 0. 0. 0. 0. 0. 0.],"geometry_msgs.msg.Vector3(x=-6.0, y=-3.0625, z=-4.4375)",[0. 0. 0. 0. 0. 0. 0. 0. 0.],"geometry_msgs.msg.Vector3(x=0.63818359375, y=0.56298828125, z=0.3837890625)",[0. 0. 0. 0. 0. 0. 0. 0. 0.],False
1731182651258912809,"std_msgs.msg.Header(stamp=builtin_interfaces.msg.Time(sec=1731182651, nanosec=258493536), frame_id='RL_myo')","geometry_msgs.msg.Quaternion(x=0.7921737421792223, y=0.17016568250217057, z=-0.5029897379843571, w=-0.3008416962170727)",[0. 0. 0. 0. 0. 0. 0. 0. 0.],"geometry_msgs.msg.Vector3(x=-14.375, y=-1.0, z=0.4375)",[0. 0. 0. 0. 0. 0. 0. 0. 0.],"geometry_msgs.msg.Vector3(x=0.64794921875, y=0.5498046875, z=0.3984375)",[0. 0. 0. 0. 0. 0. 0. 0. 0.],False
1731182651283476628,"std_msgs.msg.Header(stamp=builtin_interfaces.msg.Time(sec=1731182651, nanosec=283002506), frame_id='RL_myo')","geometry_msgs.msg.Quaternion(x=0.7924811123347008, y=0.16857923846799475, z=-0.5025638847014731, w=-0.30163598715019185)",[0. 0. 0. 0. 0. 0. 0. 0. 0.],"geometry_msgs.msg.Vector3(x=-10.375, y=-0.125, z=-0.625)",[0. 0. 0. 0. 0. 0. 0. 0. 0.],"geometry_msgs.msg.Vector3(x=0.66748046875, y=0.51953125, z=0.40380859375)",[0. 0. 0. 0. 0. 0. 0. 0. 0.],False
1731182651290028841,"std_msgs.msg.Header(stamp=builtin_interfaces.msg.Time(sec=1731182651, nanosec=289751293), frame_id='RL_myo')","geometry_msgs.msg.Quaternion(x=0.792484212191233, y=0.16833575610161897, z=-0.5021996378550112, w=-0.30236959235947075)",[0. 0. 0. 0. 0. 0. 0. 0. 0.],"geometry_msgs.msg.Vector3(x=-3.1875, y=0.6875, z=-4.375)",[0. 0. 0. 0. 0. 0. 0. 0. 0.],"geometry_msgs.msg.Vector3(x=0.66796875, y=0.51806640625, z=0.41943359375)",[0. 0. 0. 0. 0. 0. 0. 0. 0.],False
1731182651311186152,"std_msgs.msg.Header(stamp=builtin_interfaces.msg.Time(sec=1731182651, nanosec=310773480), frame_id='RL_myo')","geometry_msgs.msg.Quaternion(x=0.7923032221485335, y=0.16906863302915323, z=-0.5020178724421608, w=-0.30273661365509025)",[0. 0. 0. 0. 0. 0. 0. 0. 0.],"geometry_msgs.msg.Vector3(x=2.6875, y=0.8125, z=-4.5)",[0. 0. 0. 0. 0. 0. 0. 0. 0.],"geometry_msgs.msg.Vector3(x=0.66455078125, y=0.54345703125, z=0.42919921875)",[0. 0. 0. 0. 0. 0. 0. 0. 0.],False
1731182651333714908,"std_msgs.msg.Header(stamp=builtin_interfaces.msg.Time(sec=1731182651, nanosec=333392514), frame_id='RL_myo')","geometry_msgs.msg.Quaternion(x=0.7921997128336, y=0.16968296491851514, z=-0.5017854872644292, w=-0.30304889238144883)",[0. 0. 0. 0. 0. 0. 0. 0. 0.],"geometry_msgs.msg.Vector3(x=2.5625, y=0.5, z=-3.9375)",[0. 0. 0. 0. 0. 0. 0. 0. 0.],"geometry_msgs.msg.Vector3(x=0.6640625, y=0.54248046875, z=0.43994140625)",[0. 0. 0. 0. 0. 0. 0. 0. 0.],False
1731182651350317514,"std_msgs.msg.Header(stamp=builtin_interfaces.msg.Time(sec=1731182651, nanosec=349821051), frame_id='RL_myo')","geometry_msgs.msg.Quaternion(x=0.7921376635607378, y=0.1702931176864277, z=-0.5014186242989259, w=-0.3034757638483579)",[0. 0. 0. 0. 0. 0. 0. 0. 0.],"geometry_msgs.msg.Vector3(x=3.6875, y=-0.3125, z=-5.1875)",[0. 0. 0. 0. 0. 0. 0. 0. 0.],"geometry_msgs.msg.Vector3(x=0.6494140625, y=0.51806640625, z=0.46337890625)",[0. 0. 0. 0. 0. 0. 0. 0. 0.],False
1731182651389640467,"std_msgs.msg.Header(stamp=builtin_interfaces.msg.Time(sec=1731182651, nanosec=389279386), frame_id='RL_myo')","geometry_msgs.msg.Quaternion(x=0.7916314588784348, y=0.17199826145870695, z=-0.5015293521668541, w=-0.3036520052367165)",[0. 0. 0. 0. 0. 0. 0. 0. 0.],"geometry_msgs.msg.Vector3(x=10.25, y=-1.5, z=-7.1875)",[0. 0. 0. 0. 0. 0. 0. 0. 0.],"geometry_msgs.msg.Vector3(x=0.62646484375, y=0.51025390625, z=0.4462890625)",[0. 0. 0. 0. 0. 0. 0. 0. 0.],False
1731182651393528706,"std_msgs.msg.Header(stamp=builtin_interfaces.msg.Time(sec=1731182651, nanosec=393232769), frame_id='RL_myo')","geometry_msgs.msg.Quaternion(x=0.7905700281833313, y=0.1746785625461819, z=-0.5024297438435253, w=-0.303398719223295)",[0. 0. 0. 0. 0. 0. 0. 0. 0.],"geometry_msgs.msg.Vector3(x=15.4375, y=-2.5625, z=-7.1875)",[0. 0. 0. 0. 0. 0. 0. 0. 0.],"geometry_msgs.msg.Vector3(x=0.64404296875, y=0.55224609375, z=0.412109375)",[0. 0. 0. 0. 0. 0. 0. 0. 0.],False
1731182651416115855,"std_msgs.msg.Header(stamp=builtin_interfaces.msg.Time(sec=1731182651, nanosec=415809972), frame_id='RL_myo')","geometry_msgs.msg.Quaternion(x=0.7893885653312104, y=0.17761700495738206, z=-0.5034312910269716, w=-0.30310860708534687)",[0. 0. 0. 0. 0. 0. 0. 0. 0.],"geometry_msgs.msg.Vector3(x=15.875, y=-1.0625, z=-8.0625)",[0. 0. 0. 0. 0. 0. 0. 0. 0.],"geometry_msgs.msg.Vector3(x=0.66162109375, y=0.564453125, z=0.38427734375)",[0. 0. 0. 0. 0. 0. 0. 0. 0.],False
1731182651431040876,"std_msgs.msg.Header(stamp=builtin_interfaces.msg.Time(sec=1731182651, nanosec=430771312), frame_id='RL_myo')","geometry_msgs.msg.Quaternion(x=0.7886188991520979, y=0.17986687530386444, z=-0.5037737321880207, w=-0.3032163680046144)",[0. 0. 0. 0. 0. 0. 0. 0. 0.],"geometry_msgs.msg.Vector3(x=9.0, y=1.9375, z=-7.4375)",[0. 0. 0. 0. 0. 0. 0. 0. 0.],"geometry_msgs.msg.Vector3(x=0.64599609375, y=0.56787109375, z=0.3642578125)",[0. 0. 0. 0. 0. 0. 0. 0. 0.],False
1731182651453687082,"std_msgs.msg.Header(stamp=builtin_interfaces.msg.Time(sec=1731182651, nanosec=453395925), frame_id='RL_myo')","geometry_msgs.msg.Quaternion(x=0.7885712678791713, y=0.18102959601622462, z=-0.5033550500154431, w=-0.30334359143649237)",[0. 0. 0. 0. 0. 0. 0. 0. 0.],"geometry_msgs.msg.Vector3(x=3.5, y=4.375, z=-4.0625)",[0. 0. 0. 0. 0. 0. 0. 0. 0.],"geometry_msgs.msg.Vector3(x=0.630859375, y=0.5546875, z=0.38134765625)",[0. 0. 0. 0. 0. 0. 0. 0. 0.],False
1731182651472358699,"std_msgs.msg.Header(stamp=builtin_interfaces.msg.Time(sec=1731182651, nanosec=471977827), frame_id='RL_myo')","geometry_msgs.msg.Quaternion(x=0.7889337258406619, y=0.1817001161865736, z=-0.5028033446909618, w=-0.3029149064944457)",[0. 0. 0. 0. 0. 0. 0. 0. 0.],"geometry_msgs.msg.Vector3(x=2.8125, y=4.75, z=0.375)",[0. 0. 0. 0. 0. 0. 0. 0. 0.],"geometry_msgs.msg.Vector3(x=0.6259765625, y=0.54541015625, z=0.3955078125)",[0. 0. 0. 0. 0. 0. 0. 0. 0.],False
1731182651492810751,"std_msgs.msg.Header(stamp=builtin_interfaces.msg.Time(sec=1731182651, nanosec=492435587), frame_id='RL_myo')","geometry_msgs.msg.Quaternion(x=0.7891133565925967, y=0.18224862578586848, z=-0.5028011316892111, w=-0.30212012647021064)",[0. 0. 0. 0. 0. 0. 0. 0. 0.],"geometry_msgs.msg.Vector3(x=5.0625, y=2.625, z=1.125)",[0. 0. 0. 0. 0. 0. 0. 0. 0.],"geometry_msgs.msg.Vector3(x=0.66162109375, y=0.54833984375, z=0.4091796875)",[0. 0. 0. 0. 0. 0. 0. 0. 0.],False
1731182651521376530,"std_msgs.msg.Header(stamp=builtin_interfaces.msg.Time(sec=1731182651, nanosec=520984940), frame_id='RL_myo')","geometry_msgs.msg.Quaternion(x=0.788820610334909, y=0.1840825565436464, z=-0.5031752639740785, w=-0.30114832028725175)",[0. 0. 0. 0. 0. 0. 0. 0. 0.],"geometry_msgs.msg.Vector3(x=12.5, y=2.75, z=-3.375)",[0. 0. 0. 0. 0. 0. 0. 0. 0.],"geometry_msgs.msg.Vector3(x=0.689453125, y=0.5556640625, z=0.40771484375)",[0. 0. 0. 0. 0. 0. 0. 0. 0.],False
1731182651532514929,"std_msgs.msg.Header(stamp=builtin_interfaces.msg.Time(sec=1731182651, nanosec=531966745), frame_id='RL_myo')","geometry_msgs.msg.Quaternion(x=0.7883334877236132, y=0.18756184637462553, z=-0.5032370398173731, w=-0.3001721967036799)",[0. 0. 0. 0. 0. 0. 0. 0. 0.],"geometry_msgs.msg.Vector3(x=19.4375, y=5.75, z=-7.75)",[0. 0. 0. 0. 0. 0. 0. 0. 0.],"geometry_msgs.msg.Vector3(x=0.6630859375, y=0.552734375, z=0.404296875)",[0. 0. 0. 0. 0. 0. 0. 0. 0.],False
1731182651575222719,"std_msgs.msg.Header(stamp=builtin_interfaces.msg.Time(sec=1731182651, nanosec=574741324), frame_id='RL_myo')","geometry_msgs.msg.Quaternion(x=0.7877235150095199, y=0.191834418694787, z=-0.5030541771818118, w=-0.2993788812274675)",[0. 0. 0. 0. 0. 0. 0. 0. 0.],"geometry_msgs.msg.Vector3(x=21.9375, y=7.25, z=-10.0625)",[0. 0. 0. 0. 0. 0. 0. 0. 0.],"geometry_msgs.msg.Vector3(x=0.646484375, y=0.57568359375, z=0.3974609375)",[0. 0. 0. 0. 0. 0. 0. 0. 0.],False
1731182651591522946,"std_msgs.msg.Header(stamp=builtin_interfaces.msg.Time(sec=1731182651, nanosec=591058128), frame_id='RL_myo')","geometry_msgs.msg.Quaternion(x=0.7870762391505719, y=0.19666224447794825, z=-0.5028864780427733, w=-0.29822834466767695)",[0. 0. 0. 0. 0. 0. 0. 0. 0.],"geometry_msgs.msg.Vector3(x=25.4375, y=8.5625, z=-10.125)",[0. 0. 0. 0. 0. 0. 0. 0. 0.],"geometry_msgs.msg.Vector3(x=0.669921875, y=0.5986328125, z=0.41015625)",[0. 0. 0. 0. 0. 0. 0. 0. 0.],False
1731182651593869471,"std_msgs.msg.Header(stamp=builtin_interfaces.msg.Time(sec=1731182651, nanosec=593428633), frame_id='RL_myo')","geometry_msgs.msg.Quaternion(x=0.7863874965443204, y=0.20233425574700575, z=-0.5026922866764222, w=-0.29657380050518883)",[0. 0. 0. 0. 0. 0. 0. 0. 0.],"geometry_msgs.msg.Vector3(x=32.0, y=10.625, z=-12.0625)",[0. 0. 0. 0. 0. 0. 0. 0. 0.],"geometry_msgs.msg.Vector3(x=0.6826171875, y=0.58984375, z=0.419921875)",[0. 0. 0. 0. 0. 0. 0. 0. 0.],False
1731182651611418860,"std_msgs.msg.Header(stamp=builtin_interfaces.msg.Time(sec=1731182651, nanosec=610967868), frame_id='RL_myo')","geometry_msgs.msg.Quaternion(x=0.7853855731050905, y=0.20910250026873176, z=-0.502248825076297, w=-0.29528251497376656)",[0. 0. 0. 0. 0. 0. 0. 0. 0.],"geometry_msgs.msg.Vector3(x=35.4375, y=12.375, z=-18.125)",[0. 0. 0. 0. 0. 0. 0. 0. 0.],"geometry_msgs.msg.Vector3(x=0.669921875, y=0.58251953125, z=0.404296875)",[0. 0. 0. 0. 0. 0. 0. 0. 0.],False
1731182651633965941,"std_msgs.msg.Header(stamp=builtin_interfaces.msg.Time(sec=1731182651, nanosec=633537199), frame_id='RL_myo')","geometry_msgs.msg.Quaternion(x=0.7841783992112057, y=0.216857553891455, z=-0.501952300366824, w=-0.2933955140884391)",[0. 0. 0. 0. 0. 0. 0. 0. 0.],"geometry_msgs.msg.Vector3(x=41.125, y=14.3125, z=-17.8125)",[0. 0. 0. 0. 0. 0. 0. 0. 0.],"geometry_msgs.msg.Vector3(x=0.61767578125, y=0.56591796875, z=0.35302734375)",[0. 0. 0. 0. 0. 0. 0. 0. 0.],False
1731182651665974695,"std_msgs.msg.Header(stamp=builtin_interfaces.msg.Time(sec=1731182651, nanosec=665474357), frame_id='RL_myo')","geometry_msgs.msg.Quaternion(x=0.782963883101774, y=0.22442767369544925, z=-0.5018341944857176, w=-0.29113951686899453)",[0. 0. 0. 0. 0. 0. 0. 0. 0.],"geometry_msgs.msg.Vector3(x=40.625, y=12.875, z=-12.625)",[0. 0. 0. 0. 0. 0. 0. 0. 0.],"geometry_msgs.msg.Vector3(x=0.57763671875, y=0.5869140625, z=0.3359375)",[0. 0. 0. 0. 0. 0. 0. 0. 0.],False
1731182651671294370,"std_msgs.msg.Header(stamp=builtin_interfaces.msg.Time(sec=1731182651, nanosec=670915261), frame_id='RL_myo')","geometry_msgs.msg.Quaternion(x=0.7815493367934976, y=0.23071116697223124, z=-0.5029869648196185, w=-0.2880227505137458)",[0. 0. 0. 0. 0. 0. 0. 0. 0.],"geometry_msgs.msg.Vector3(x=40.25, y=6.625, z=-6.0)",[0. 0. 0. 0. 0. 0. 0. 0. 0.],"geometry_msgs.msg.Vector3(x=0.62451171875, y=0.60400390625, z=0.34228515625)",[0. 0. 0. 0. 0. 0. 0. 0. 0.],False
1731182651695175684,"std_msgs.msg.Header(stamp=builtin_interfaces.msg.Time(sec=1731182651, nanosec=694783513), frame_id='RL_myo')","geometry_msgs.msg.Quaternion(x=0.7798516938251217, y=0.23663497041245962, z=-0.5049474104261745, w=-0.2843647993684935)",[0. 0. 0. 0. 0. 0. 0. 0. 0.],"geometry_msgs.msg.Vector3(x=42.3125, y=2.625, z=-3.6875)",[0. 0. 0. 0. 0. 0. 0. 0. 0.],"geometry_msgs.msg.Vector3(x=0.6630859375, y=0.60595703125, z=0.3515625)",[0. 0. 0. 0. 0. 0. 0. 0. 0.],False
1731182651712453153,"std_msgs.msg.Header(stamp=builtin_interfaces.msg.Time(sec=1731182651, nanosec=711975638), frame_id='RL_myo')","geometry_msgs.msg.Quaternion(x=0.7783850505950821, y=0.24340936107372285, z=-0.5054955688095719, w=-0.28167858609709906)",[0. 0. 0. 0. 0. 0. 0. 0. 0.],"geometry_msgs.msg.Vector3(x=40.875, y=8.5625, z=-10.5)",[0. 0. 0. 0. 0. 0. 0. 0. 0.],"geometry_msgs.msg.Vector3(x=0.65771484375, y=0.64794921875, z=0.3583984375)",[0. 0. 0. 0. 0. 0. 0. 0. 0.],False
1731182651731453428,"std_msgs.msg.Header(stamp=builtin_interfaces.msg.Time(sec=1731182651, nanosec=731002694), frame_id='RL_myo')","geometry_msgs.msg.Quaternion(x=0.7772334279435439, y=0.2517127891345355, z=-0.5048904441612215, w=-0.2786296999028018)",[0. 0. 0. 0. 0. 0. 0. 0. 0.],"geometry_msgs.msg.Vector3(x=46.8125, y=16.1875, z=-11.875)",[0. 0. 0. 0. 0. 0. 0. 0. 0.],"geometry_msgs.msg.Vector3(x=0.6689453125, y=0.7216796875, z=0.3955078125)",[0. 0. 0. 0. 0. 0. 0. 0. 0.],False
1731182651770881984,"std_msgs.msg.Header(stamp=builtin_interfaces.msg.Time(sec=1731182651, nanosec=770425202), frame_id='RL_myo')","geometry_msgs.msg.Quaternion(x=0.7763156453955419, y=0.26153884271718664, z=-0.5039124120123905, w=-0.2738680950459782)",[0. 0. 0. 0. 0. 0. 0. 0. 0.],"geometry_msgs.msg.Vector3(x=59.8125, y=23.875, z=-14.125)",[0. 0. 0. 0. 0. 0. 0. 0. 0.],"geometry_msgs.msg.Vector3(x=0.85498046875, y=0.82470703125, z=0.48291015625)",[0. 0. 0. 0. 0. 0. 0. 0. 0.],False
1731182651773375387,"std_msgs.msg.Header(stamp=builtin_interfaces.msg.Time(sec=1731182651, nanosec=772875708), frame_id='RL_myo')","geometry_msgs.msg.Quaternion(x=0.7747320108293616, y=0.276737960852464, z=-0.5014731112403714, w=-0.26782668112496955)",[0. 0. 0. 0. 0. 0. 0. 0. 0.],"geometry_msgs.msg.Vector3(x=87.3125, y=40.5625, z=-32.6875)",[0. 0. 0. 0. 0. 0. 0. 0. 0.],"geometry_msgs.msg.Vector3(x=1.22216796875, y=1.14208984375, z=0.640625)",[0. 0. 0. 0. 0. 0. 0. 0. 0.],False
1731182651798849841,"std_msgs.msg.Header(stamp=builtin_interfaces.msg.Time(sec=1731182651, nanosec=798450832), frame_id='RL_myo')","geometry_msgs.msg.Quaternion(x=0.774287189602209, y=0.2957745326196047, z=-0.49102478640625663, w=-0.26812577833221696)",[0. 0. 0. 0. 0. 0. 0. 0. 0.],"geometry_msgs.msg.Vector3(x=61.0625, y=78.0, z=-68.8125)",[0. 0. 0. 0. 0. 0. 0. 0. 0.],"geometry_msgs.msg.Vector3(x=1.13232421875, y=1.4619140625, z=0.546875)",[0. 0. 0. 0. 0. 0. 0. 0. 0.],False
1731182651821381192,"std_msgs.msg.Header(stamp=builtin_interfaces.msg.Time(sec=1731182651, nanosec=820932742), frame_id='RL_myo')","geometry_msgs.msg.Quaternion(x=0.7796081584780646, y=0.3081078825645714, z=-0.46942506434312964, w=-0.2773459228156522)",[0. 0. 0. 0. 0. 0. 0. 0. 0.],"geometry_msgs.msg.Vector3(x=-18.375, y=115.125, z=-98.625)",[0. 0. 0. 0. 0. 0. 0. 0. 0.],"geometry_msgs.msg.Vector3(x=0.759765625, y=1.5478515625, z=0.3984375)",[0. 0. 0. 0. 0. 0. 0. 0. 0.],False
1731182651831751934,"std_msgs.msg.Header(stamp=builtin_interfaces.msg.Time(sec=1731182651, nanosec=831350412), frame_id='RL_myo')","geometry_msgs.msg.Quaternion(x=0.7876618927004607, y=0.3144544030370224, z=-0.4409197607801727, w=-0.2937634009738332)",[0. 0. 0. 0. 0. 0. 0. 0. 0.],"geometry_msgs.msg.Vector3(x=-82.5, y=131.1875, z=-120.4375)",[0. 0. 0. 0. 0. 0. 0. 0. 0.],"geometry_msgs.msg.Vector3(x=0.39453125, y=1.42822265625, z=0.2275390625)",[0. 0. 0. 0. 0. 0. 0. 0. 0.],False
1731182651851372727,"std_msgs.msg.Header(stamp=builtin_interfaces.msg.Time(sec=1731182651, nanosec=850898462), frame_id='RL_myo')","geometry_msgs.msg.Quaternion(x=0.7943080820951673, y=0.3185411003884031, z=-0.4101544730044202, w=-0.3152452162303319)",[0. 0. 0. 0. 0. 0. 0. 0. 0.],"geometry_msgs.msg.Vector3(x=-106.1875, y=123.25, z=-143.0625)",[0. 0. 0. 0. 0. 0. 0. 0. 0.],"geometry_msgs.msg.Vector3(x=0.10791015625, y=1.25830078125, z=0.25439453125)",[0. 0. 0. 0. 0. 0. 0. 0. 0.],False
1731182651874000917,"std_msgs.msg.Header(stamp=builtin_interfaces.msg.Time(sec=1731182651, nanosec=873484202), frame_id='RL_myo')","geometry_msgs.msg.Quaternion(x=0.7932714567435135, y=0.33209125153046526, z=-0.3800037000604074, w=-0.3406361468096906)",[0. 0. 0. 0. 0. 0. 0. 0. 0.],"geometry_msgs.msg.Vector3(x=-54.125, y=111.9375, z=-199.9375)",[0. 0. 0. 0. 0. 0. 0. 0. 0.],"geometry_msgs.msg.Vector3(x=0.1279296875, y=1.005859375, z=0.361328125)",[0. 0. 0. 0. 0. 0. 0. 0. 0.],False
1731182651891580628,"std_msgs.msg.Header(stamp=builtin_interfaces.msg.Time(sec=1731182651, nanosec=891321319), frame_id='RL_myo')","geometry_msgs.msg.Quaternion(x=0.7862631984540244, y=0.3592567292423837, z=-0.3486975355354635, w=-0.3621254119257667)",[0. 0. 0. 0. 0. 0. 0. 0. 0.],"geometry_msgs.msg.Vector3(x=28.0625, y=136.25, z=-225.0)",[0. 0. 0. 0. 0. 0. 0. 0. 0.],"geometry_msgs.msg.Vector3(x=-0.166015625, y=0.5849609375, z=0.3076171875)",[0. 0. 0. 0. 0. 0. 0. 0. 0.],False
1731182651911397408,"std_msgs.msg.Header(stamp=builtin_interfaces.msg.Time(sec=1731182651, nanosec=910903960), frame_id='RL_myo')","geometry_msgs.msg.Quaternion(x=0.7721620196300774, y=0.4008821551600939, z=-0.3201930246604526, w=-0.37488096787352265)",[0. 0. 0. 0. 0. 0. 0. 0. 0.],"geometry_msgs.msg.Vector3(x=131.5625, y=156.8125, z=-222.0)",[0. 0. 0. 0. 0. 0. 0. 0. 0.],"geometry_msgs.msg.Vector3(x=-0.31640625, y=0.6357421875, z=0.28369140625)",[0. 0. 0. 0. 0. 0. 0. 0. 0.],False
1731182651933885566,"std_msgs.msg.Header(stamp=builtin_interfaces.msg.Time(sec=1731182651, nanosec=933364558), frame_id='RL_myo')","geometry_msgs.msg.Quaternion(x=0.7556391127781944, y=0.45210168888110547, z=-0.286202891746119, w=-0.37775851930405857)",[0. 0. 0. 0. 0. 0. 0. 0. 0.],"geometry_msgs.msg.Vector3(x=182.5, y=219.75, z=-211.25)",[0. 0. 0. 0. 0. 0. 0. 0. 0.],"geometry_msgs.msg.Vector3(x=-0.51220703125, y=0.935546875, z=0.18310546875)",[0. 0. 0. 0. 0. 0. 0. 0. 0.],False
1731182651952273665,"std_msgs.msg.Header(stamp=builtin_interfaces.msg.Time(sec=1731182651, nanosec=951838832), frame_id='RL_myo')","geometry_msgs.msg.Quaternion(x=0.7341131267063945, y=0.49734378950725056, z=-0.2584380958239689, w=-0.3833233920109884)",[0. 0. 0. 0. 0. 0. 0. 0. 0.],"geometry_msgs.msg.Vector3(x=185.0, y=164.625, z=-208.6875)",[0. 0. 0. 0. 0. 0. 0. 0. 0.],"geometry_msgs.msg.Vector3(x=-0.55126953125, y=0.8095703125, z=0.46337890625)",[0. 0. 0. 0. 0. 0. 0. 0. 0.],False
1731182651978752537,"std_msgs.msg.Header(stamp=builtin_interfaces.msg.Time(sec=1731182651, nanosec=978277944), frame_id='RL_myo')","geometry_msgs.msg.Quaternion(x=0.716175639568562, y=0.5328898507817552, z=-0.22930559722678437, w=-0.3879945918473964)",[0. 0. 0. 0. 0. 0. 0. 0. 0.],"geometry_msgs.msg.Vector3(x=132.875, y=158.1875, z=-186.875)",[0. 0. 0. 0. 0. 0. 0. 0. 0.],"geometry_msgs.msg.Vector3(x=-0.56640625, y=0.82080078125, z=0.4677734375)",[0. 0. 0. 0. 0. 0. 0. 0. 0.],False
1731182651993913078,"std_msgs.msg.Header(stamp=builtin_interfaces.msg.Time(sec=1731182651, nanosec=993373309), frame_id='RL_myo')","geometry_msgs.msg.Quaternion(x=0.699422446143779, y=0.5661177404645737, z=-0.19629484132981875, w=-0.38959887195529636)",[0. 0. 0. 0. 0. 0. 0. 0. 0.],"geometry_msgs.msg.Vector3(x=117.5625, y=181.0, z=-181.5625)",[0. 0. 0. 0. 0. 0. 0. 0. 0.],"geometry_msgs.msg.Vector3(x=-0.568359375, y=0.66259765625, z=0.52978515625)",[0. 0. 0. 0. 0. 0. 0. 0. 0.],False
1731182652011796659,"std_msgs.msg.Header(stamp=builtin_interfaces.msg.Time(sec=1731182652, nanosec=11302447), frame_id='RL_myo')","geometry_msgs.msg.Quaternion(x=0.6857939063662309, y=0.5977808400632668, z=-0.15930242930009458, w=-0.38336343235015097)",[0. 0. 0. 0. 0. 0. 0. 0. 0.],"geometry_msgs.msg.Vector3(x=102.4375, y=223.4375, z=-153.375)",[0. 0. 0. 0. 0. 0. 0. 0. 0.],"geometry_msgs.msg.Vector3(x=-0.61328125, y=0.50341796875, z=0.51611328125)",[0. 0. 0. 0. 0. 0. 0. 0. 0.],False
1731182652031260248,"std_msgs.msg.Header(stamp=builtin_interfaces.msg.Time(sec=1731182652, nanosec=30776169), frame_id='RL_myo')","geometry_msgs.msg.Quaternion(x=0.6729604537842244, y=0.6266356773991141, z=-0.12835441994451513, w=-0.3714526865346263)",[0. 0. 0. 0. 0. 0. 0. 0. 0.],"geometry_msgs.msg.Vector3(x=106.625, y=213.5625, z=-102.3125)",[0. 0. 0. 0. 0. 0. 0. 0. 0.],"geometry_msgs.msg.Vector3(x=-0.888671875, y=0.50830078125, z=0.45703125)",[0. 0. 0. 0. 0. 0. 0. 0. 0.],False
1731182652053902165,"std_msgs.msg.Header(stamp=builtin_interfaces.msg.Time(sec=1731182652, nanosec=53426670), frame_id='RL_myo')","geometry_msgs.msg.Quaternion(x=0.6600047778150546, y=0.6528633222519027, z=-0.1077932523463781, w=-0.355729940359395)",[0. 0. 0. 0. 0. 0. 0. 0. 0.],"geometry_msgs.msg.Vector3(x=120.0625, y=182.0, z=-49.75)",[0. 0. 0. 0. 0. 0. 0. 0. 0.],"geometry_msgs.msg.Vector3(x=-0.84375, y=0.5556640625, z=0.33544921875)",[0. 0. 0. 0. 0. 0. 0. 0. 0.],False
1731182652071877314,"std_msgs.msg.Header(stamp=builtin_interfaces.msg.Time(sec=1731182652, nanosec=71353268), frame_id='RL_myo')","geometry_msgs.msg.Quaternion(x=0.6476630567894851, y=0.6737258336483212, z=-0.09833052346507025, w=-0.34199002046852184)",[0. 0. 0. 0. 0. 0. 0. 0. 0.],"geometry_msgs.msg.Vector3(x=116.8125, y=121.875, z=-11.6875)",[0. 0. 0. 0. 0. 0. 0. 0. 0.],"geometry_msgs.msg.Vector3(x=-0.8037109375, y=0.5439453125, z=0.19091796875)",[0. 0. 0. 0. 0. 0. 0. 0. 0.],False
1731182652098787579,"std_msgs.msg.Header(stamp=builtin_interfaces.msg.Time(sec=1731182652, nanosec=98321493), frame_id='RL_myo')","geometry_msgs.msg.Quaternion(x=0.6358109359848214, y=0.6898277045694972, z=-0.09918333214700344, w=-0.3317300985962853)",[0. 0. 0. 0. 0. 0. 0. 0. 0.],"geometry_msgs.msg.Vector3(x=115.9375, y=61.875, z=15.5625)",[0. 0. 0. 0. 0. 0. 0. 0. 0.],"geometry_msgs.msg.Vector3(x=-0.62109375, y=0.59521484375, z=0.1875)",[0. 0. 0. 0. 0. 0. 0. 0. 0.],False
1731182652113756254,"std_msgs.msg.Header(stamp=builtin_interfaces.msg.Time(sec=1731182652, nanosec=113296118), frame_id='RL_myo')","geometry_msgs.msg.Quaternion(x=0.6248456112482366, y=0.7015092908152762, z=-0.11066182408840998, w=-0.3243557270853892)",[0. 0. 0. 0. 0. 0. 0. 0. 0.],"geometry_msgs.msg.Vector3(x=115.375, y=4.5, z=46.625)",[0. 0. 0. 0. 0. 0. 0. 0. 0.],"geometry_msgs.msg.Vector3(x=-0.3701171875, y=0.81982421875, z=0.21435546875)",[0. 0. 0. 0. 0. 0. 0. 0. 0.],False
1731182652131672831,"std_msgs.msg.Header(stamp=builtin_interfaces.msg.Time(sec=1731182652, nanosec=131260403), frame_id='RL_myo')","geometry_msgs.msg.Quaternion(x=0.6141436422304665, y=0.7107025015038314, z=-0.12689372214243091, w=-0.31879072186143176)",[0. 0. 0. 0. 0. 0. 0. 0. 0.],"geometry_msgs.msg.Vector3(x=115.25, y=-23.5, z=56.0)",[0. 0. 0. 0. 0. 0. 0. 0. 0.],"geometry_msgs.msg.Vector3(x=-0.111328125, y=1.0185546875, z=0.29541015625)",[0. 0. 0. 0. 0. 0. 0. 0. 0.],False
1731182652153101997,"std_msgs.msg.Header(stamp=builtin_interfaces.msg.Time(sec=1731182652, nanosec=152538672), frame_id='RL_myo')","geometry_msgs.msg.Quaternion(x=0.6105986863454186, y=0.7136875689161315, z=-0.14172432523931047, w=-0.31262359770704057)",[0. 0. 0. 0. 0. 0. 0. 0. 0.],"geometry_msgs.msg.Vector3(x=70.4375, y=-21.4375, z=48.8125)",[0. 0. 0. 0. 0. 0. 0. 0. 0.],"geometry_msgs.msg.Vector3(x=0.07958984375, y=1.00634765625, z=0.1416015625)",[0. 0. 0. 0. 0. 0. 0. 0. 0.],False
1731182652173911840,"std_msgs.msg.Header(stamp=builtin_interfaces.msg.Time(sec=1731182652, nanosec=173530629), frame_id='RL_myo')","geometry_msgs.msg.Quaternion(x=0.6122438222623284, y=0.7123415062928556, z=-0.1552734805936959, w=-0.30596932319819087)",[0. 0. 0. 0. 0. 0. 0. 0. 0.],"geometry_msgs.msg.Vector3(x=29.5625, y=-19.5, z=64.6875)",[0. 0. 0. 0. 0. 0. 0. 0. 0.],"geometry_msgs.msg.Vector3(x=0.064453125, y=0.79931640625, z=0.1171875)",[0. 0. 0. 0. 0. 0. 0. 0. 0.],False
1731182652191883960,"std_msgs.msg.Header(stamp=builtin_interfaces.msg.Time(sec=1731182652, nanosec=191359768), frame_id='RL_myo')","geometry_msgs.msg.Quaternion(x=0.6143879198927131, y=0.7101533327987003, z=-0.17236553603983923, w=-0.29748924315091235)",[0. 0. 0. 0. 0. 0. 0. 0. 0.],"geometry_msgs.msg.Vector3(x=23.9375, y=-26.8125, z=102.0625)",[0. 0. 0. 0. 0. 0. 0. 0. 0.],"geometry_msgs.msg.Vector3(x=0.0732421875, y=0.5439453125, z=0.12109375)",[0. 0. 0. 0. 0. 0. 0. 0. 0.],False
1731182652219047747,"std_msgs.msg.Header(stamp=builtin_interfaces.msg.Time(sec=1731182652, nanosec=218484142), frame_id='RL_myo')","geometry_msgs.msg.Quaternion(x=0.6184191381647852, y=0.7053957737633658, z=-0.19293554044007954, w=-0.28766377794814774)",[0. 0. 0. 0. 0. 0. 0. 0. 0.],"geometry_msgs.msg.Vector3(x=13.9375, y=-36.5625, z=124.625)",[0. 0. 0. 0. 0. 0. 0. 0. 0.],"geometry_msgs.msg.Vector3(x=0.20166015625, y=0.63232421875, z=0.09814453125)",[0. 0. 0. 0. 0. 0. 0. 0. 0.],False
1731182652235130890,"std_msgs.msg.Header(stamp=builtin_interfaces.msg.Time(sec=1731182652, nanosec=234783479), frame_id='RL_myo')","geometry_msgs.msg.Quaternion(x=0.619279565451684, y=0.7022286024563005, z=-0.2136899032767934, w=-0.2787551523179421)",[0. 0. 0. 0. 0. 0. 0. 0. 0.],"geometry_msgs.msg.Vector3(x=29.1875, y=-42.1875, z=112.9375)",[0. 0. 0. 0. 0. 0. 0. 0. 0.],"geometry_msgs.msg.Vector3(x=0.3447265625, y=0.62109375, z=-0.06005859375)",[0. 0. 0. 0. 0. 0. 0. 0. 0.],False
1731182652251883275,"std_msgs.msg.Header(stamp=builtin_interfaces.msg.Time(sec=1731182652, nanosec=251270772), frame_id='RL_myo')","geometry_msgs.msg.Quaternion(x=0.6154198659420443, y=0.7025173715157127, z=-0.23712250115886566, w=-0.26739605600437333)",[0. 0. 0. 0. 0. 0. 0. 0. 0.],"geometry_msgs.msg.Vector3(x=60.0625, y=-45.5625, z=96.75)",[0. 0. 0. 0. 0. 0. 0. 0. 0.],"geometry_msgs.msg.Vector3(x=0.40380859375, y=0.5498046875, z=-0.169921875)",[0. 0. 0. 0. 0. 0. 0. 0. 0.],False
1731182652272831176,"std_msgs.msg.Header(stamp=builtin_interfaces.msg.Time(sec=1731182652, nanosec=272305157), frame_id='RL_myo')","geometry_msgs.msg.Quaternion(x=0.6100963330531194, y=0.7037225610346606, z=-0.25896746109887814, w=-0.255915758752674)",[0. 0. 0. 0. 0. 0. 0. 0. 0.],"geometry_msgs.msg.Vector3(x=70.4375, y=-39.8125, z=88.3125)",[0. 0. 0. 0. 0. 0. 0. 0. 0.],"geometry_msgs.msg.Vector3(x=0.4150390625, y=0.57958984375, z=-0.1396484375)",[0. 0. 0. 0. 0. 0. 0. 0. 0.],False
1731182652293891577,"std_msgs.msg.Header(stamp=builtin_interfaces.msg.Time(sec=1731182652, nanosec=293404040), frame_id='RL_myo')","geometry_msgs.msg.Quaternion(x=0.6038308457623045, y=0.7055781438403154, z=-0.27917944895550195, w=-0.24414468644993612)",[0. 0. 0. 0. 0. 0. 0. 0. 0.],"geometry_msgs.msg.Vector3(x=67.0625, y=-34.875, z=77.0625)",[0. 0. 0. 0. 0. 0. 0. 0. 0.],"geometry_msgs.msg.Vector3(x=0.47705078125, y=0.76416015625, z=-0.2890625)",[0. 0. 0. 0. 0. 0. 0. 0. 0.],False
1731182652311871664,"std_msgs.msg.Header(stamp=builtin_interfaces.msg.Time(sec=1731182652, nanosec=311309545), frame_id='RL_myo')","geometry_msgs.msg.Quaternion(x=0.5950586105262978, y=0.7106644171051067, z=-0.29597283849030853, w=-0.23078434776899498)",[0. 0. 0. 0. 0. 0. 0. 0. 0.],"geometry_msgs.msg.Vector3(x=75.5, y=-16.6875, z=59.5)",[0. 0. 0. 0. 0. 0. 0. 0. 0.],"geometry_msgs.msg.Vector3(x=0.513671875, y=0.85986328125, z=-0.4892578125)",[0. 0. 0. 0. 0. 0. 0. 0. 0.],False
1731182652332168661,"std_msgs.msg.Header(stamp=builtin_interfaces.msg.Time(sec=1731182652, nanosec=331706120), frame_id='RL_myo')","geometry_msgs.msg.Quaternion(x=0.5907579018799258, y=0.7129500001921081, z=-0.30517507070974575, w=-0.2226557315898305)",[0. 0. 0. 0. 0. 0. 0. 0. 0.],"geometry_msgs.msg.Vector3(x=40.5, y=-6.0, z=35.625)",[0. 0. 0. 0. 0. 0. 0. 0. 0.],"geometry_msgs.msg.Vector3(x=0.33056640625, y=1.02001953125, z=-0.36962890625)",[0. 0. 0. 0. 0. 0. 0. 0. 0.],False
1731182652354856930,"std_msgs.msg.Header(stamp=builtin_interfaces.msg.Time(sec=1731182652, nanosec=354419036), frame_id='RL_myo')","geometry_msgs.msg.Quaternion(x=0.5911275968167313, y=0.7115503896426901, z=-0.3092052044887518, w=-0.22058184149671317)",[0. 0. 0. 0. 0. 0. 0. 0. 0.],"geometry_msgs.msg.Vector3(x=-5.625, y=-7.0625, z=21.5)",[0. 0. 0. 0. 0. 0. 0. 0. 0.],"geometry_msgs.msg.Vector3(x=0.12744140625, y=1.10546875, z=-0.34765625)",[0. 0. 0. 0. 0. 0. 0. 0. 0.],False
1731182652371921682,"std_msgs.msg.Header(stamp=builtin_interfaces.msg.Time(sec=1731182652, nanosec=371351098), frame_id='RL_myo')","geometry_msgs.msg.Quaternion(x=0.5917084287143004, y=0.7098181676829585, z=-0.3141047631693614, w=-0.21766373600115485)",[0. 0. 0. 0. 0. 0. 0. 0. 0.],"geometry_msgs.msg.Vector3(x=-16.0625, y=-4.5, z=35.0625)",[0. 0. 0. 0. 0. 0. 0. 0. 0.],"geometry_msgs.msg.Vector3(x=0.04248046875, y=0.94287109375, z=-0.4755859375)",[0. 0. 0. 0. 0. 0. 0. 0. 0.],False
1731182652392072371,"std_msgs.msg.Header(stamp=builtin_interfaces.msg.Time(sec=1731182652, nanosec=391695242), frame_id='RL_myo')","geometry_msgs.msg.Quaternion(x=0.593535273144447, y=0.7065169463849212, z=-0.3205114890252459, w=-0.21406090116388068)",[0. 0. 0. 0. 0. 0. 0. 0. 0.],"geometry_msgs.msg.Vector3(x=-20.5, y=-5.625, z=51.9375)",[0. 0. 0. 0. 0. 0. 0. 0. 0.],"geometry_msgs.msg.Vector3(x=-0.00537109375, y=0.91943359375, z=-0.42822265625)",[0. 0. 0. 0. 0. 0. 0. 0. 0.],False
1731182652414378296,"std_msgs.msg.Header(stamp=builtin_interfaces.msg.Time(sec=1731182652, nanosec=414033966), frame_id='RL_myo')","geometry_msgs.msg.Quaternion(x=0.5932359050262299, y=0.7043264850393731, z=-0.3266795517749133, w=-0.21278118787132808)",[0. 0. 0. 0. 0. 0. 0. 0. 0.],"geometry_msgs.msg.Vector3(x=-5.9375, y=-16.5, z=41.375)",[0. 0. 0. 0. 0. 0. 0. 0. 0.],"geometry_msgs.msg.Vector3(x=-0.0400390625, y=0.93798828125, z=-0.337890625)",[0. 0. 0. 0. 0. 0. 0. 0. 0.],False
1731182652431102345,"std_msgs.msg.Header(stamp=builtin_interfaces.msg.Time(sec=1731182652, nanosec=430500857), frame_id='RL_myo')","geometry_msgs.msg.Quaternion(x=0.589002424286865, y=0.7047887039627388, z=-0.33332043927777927, w=-0.21271227447043778)",[0. 0. 0. 0. 0. 0. 0. 0. 0.],"geometry_msgs.msg.Vector3(x=17.4375, y=-26.3125, z=32.25)",[0. 0. 0. 0. 0. 0. 0. 0. 0.],"geometry_msgs.msg.Vector3(x=-0.06884765625, y=0.978515625, z=-0.3544921875)",[0. 0. 0. 0. 0. 0. 0. 0. 0.],False
1731182652453676808,"std_msgs.msg.Header(stamp=builtin_interfaces.msg.Time(sec=1731182652, nanosec=453125823), frame_id='RL_myo')","geometry_msgs.msg.Quaternion(x=0.5846818255583497, y=0.7050485193678356, z=-0.34053031681699897, w=-0.21235077472778982)",[0. 0. 0. 0. 0. 0. 0. 0. 0.],"geometry_msgs.msg.Vector3(x=19.875, y=-28.0625, z=33.625)",[0. 0. 0. 0. 0. 0. 0. 0. 0.],"geometry_msgs.msg.Vector3(x=-0.03125, y=1.01806640625, z=-0.3505859375)",[0. 0. 0. 0. 0. 0. 0. 0. 0.],False
1731182652468004476,"std_msgs.msg.Header(stamp=builtin_interfaces.msg.Time(sec=1731182652, nanosec=467416766), frame_id='RL_myo')","geometry_msgs.msg.Quaternion(x=0.5825293661854182, y=0.7033810159179337, z=-0.34778419200801686, w=-0.2120397127125045)",[0. 0. 0. 0. 0. 0. 0. 0. 0.],"geometry_msgs.msg.Vector3(x=7.5625, y=-27.5625, z=35.5)",[0. 0. 0. 0. 0. 0. 0. 0. 0.],"geometry_msgs.msg.Vector3(x=0.04248046875, y=1.013671875, z=-0.31689453125)",[0. 0. 0. 0. 0. 0. 0. 0. 0.],False
1731182652491819746,"std_msgs.msg.Header(stamp=builtin_interfaces.msg.Time(sec=1731182652, nanosec=491226569), frame_id='RL_myo')","geometry_msgs.msg.Quaternion(x=0.5827250736614673, y=0.7001001984808872, z=-0.35401753715685663, w=-0.21204429725567586)",[0. 0. 0. 0. 0. 0. 0. 0. 0.],"geometry_msgs.msg.Vector3(x=-4.625, y=-23.625, z=35.0)",[0. 0. 0. 0. 0. 0. 0. 0. 0.],"geometry_msgs.msg.Vector3(x=0.078125, y=1.01220703125, z=-0.24560546875)",[0. 0. 0. 0. 0. 0. 0. 0. 0.],False
1731182652513525631,"std_msgs.msg.Header(stamp=builtin_interfaces.msg.Time(sec=1731182652, nanosec=513065713), frame_id='RL_myo')","geometry_msgs.msg.Quaternion(x=0.5818626124050096, y=0.6982595495555765, z=-0.35871253258200375, w=-0.21259073523619518)",[0. 0. 0. 0. 0. 0. 0. 0. 0.],"geometry_msgs.msg.Vector3(x=-1.0625, y=-19.5625, z=28.8125)",[0. 0. 0. 0. 0. 0. 0. 0. 0.],"geometry_msgs.msg.Vector3(x=-0.01025390625, y=1.00732421875, z=-0.28662109375)",[0. 0. 0. 0. 0. 0. 0. 0. 0.],False
1731182652527883943,"std_msgs.msg.Header(stamp=builtin_interfaces.msg.Time(sec=1731182652, nanosec=527428369), frame_id='RL_myo')","geometry_msgs.msg.Quaternion(x=0.578857461768625, y=0.6980591301400004, z=-0.3628540289133778, w=-0.21441651868338038)",[0. 0. 0. 0. 0. 0. 0. 0. 0.],"geometry_msgs.msg.Vector3(x=5.625, y=-23.25, z=20.4375)",[0. 0. 0. 0. 0. 0. 0. 0. 0.],"geometry_msgs.msg.Vector3(x=-0.064453125, y=1.03759765625, z=-0.35595703125)",[0. 0. 0. 0. 0. 0. 0. 0. 0.],False
1731182652550928270,"std_msgs.msg.Header(stamp=builtin_interfaces.msg.Time(sec=1731182652, nanosec=550469530), frame_id='RL_myo')","geometry_msgs.msg.Quaternion(x=0.5747260748809808, y=0.6985705105153808, z=-0.3677490018222079, w=-0.21552227808036778)",[0. 0. 0. 0. 0. 0. 0. 0. 0.],"geometry_msgs.msg.Vector3(x=17.5625, y=-26.0, z=18.25)",[0. 0. 0. 0. 0. 0. 0. 0. 0.],"geometry_msgs.msg.Vector3(x=0.009765625, y=1.064453125, z=-0.33935546875)",[0. 0. 0. 0. 0. 0. 0. 0. 0.],False
1731182652573546143,"std_msgs.msg.Header(stamp=builtin_interfaces.msg.Time(sec=1731182652, nanosec=573066983), frame_id='RL_myo')","geometry_msgs.msg.Quaternion(x=0.5731906032656323, y=0.6974602303818955, z=-0.3720154112345894, w=-0.21588490722506035)",[0. 0. 0. 0. 0. 0. 0. 0. 0.],"geometry_msgs.msg.Vector3(x=7.5625, y=-19.8125, z=16.8125)",[0. 0. 0. 0. 0. 0. 0. 0. 0.],"geometry_msgs.msg.Vector3(x=0.12548828125, y=1.0419921875, z=-0.26025390625)",[0. 0. 0. 0. 0. 0. 0. 0. 0.],False
1731182652587905042,"std_msgs.msg.Header(stamp=builtin_interfaces.msg.Time(sec=1731182652, nanosec=587367765), frame_id='RL_myo')","geometry_msgs.msg.Quaternion(x=0.5746765348734248, y=0.6952273746371013, z=-0.3741043528666193, w=-0.21552658997748944)",[0. 0. 0. 0. 0. 0. 0. 0. 0.],"geometry_msgs.msg.Vector3(x=-9.75, y=-5.25, z=16.0)",[0. 0. 0. 0. 0. 0. 0. 0. 0.],"geometry_msgs.msg.Vector3(x=0.13818359375, y=1.0185546875, z=-0.2578125)",[0. 0. 0. 0. 0. 0. 0. 0. 0.],False
1731182652611057318,"std_msgs.msg.Header(stamp=builtin_interfaces.msg.Time(sec=1731182652, nanosec=610663603), frame_id='RL_myo')","geometry_msgs.msg.Quaternion(x=0.5757551173425028, y=0.6939213324570036, z=-0.375434085314718, w=-0.21454248250385852)",[0. 0. 0. 0. 0. 0. 0. 0. 0.],"geometry_msgs.msg.Vector3(x=-5.75, y=1.5, z=17.5)",[0. 0. 0. 0. 0. 0. 0. 0. 0.],"geometry_msgs.msg.Vector3(x=0.06494140625, y=0.95458984375, z=-0.2578125)",[0. 0. 0. 0. 0. 0. 0. 0. 0.],False
1731182652634128074,"std_msgs.msg.Header(stamp=builtin_interfaces.msg.Time(sec=1731182652, nanosec=633719146), frame_id='RL_myo')","geometry_msgs.msg.Quaternion(x=0.5759795141679309, y=0.6938365070531989, z=-0.37615362358980164, w=-0.2129482383100467)",[0. 0. 0. 0. 0. 0. 0. 0. 0.],"geometry_msgs.msg.Vector3(x=3.25, y=5.8125, z=14.1875)",[0. 0. 0. 0. 0. 0. 0. 0. 0.],"geometry_msgs.msg.Vector3(x=0.05029296875, y=0.93701171875, z=-0.23779296875)",[0. 0. 0. 0. 0. 0. 0. 0. 0.],False
1731182652655252813,"std_msgs.msg.Header(stamp=builtin_interfaces.msg.Time(sec=1731182652, nanosec=654828741), frame_id='RL_myo')","geometry_msgs.msg.Quaternion(x=0.5749780219711077, y=0.6955280849639885, z=-0.37568893049173757, w=-0.21094735073589685)",[0. 0. 0. 0. 0. 0. 0. 0. 0.],"geometry_msgs.msg.Vector3(x=13.0, y=10.9375, z=5.8125)",[0. 0. 0. 0. 0. 0. 0. 0. 0.],"geometry_msgs.msg.Vector3(x=0.0478515625, y=0.95361328125, z=-0.2509765625)",[0. 0. 0. 0. 0. 0. 0. 0. 0.],False
1731182652671068086,"std_msgs.msg.Header(stamp=builtin_interfaces.msg.Time(sec=1731182652, nanosec=670641022), frame_id='RL_myo')","geometry_msgs.msg.Quaternion(x=0.5718642271514235, y=0.6990062044335683, z=-0.37538317824541084, w=-0.20844448027773627)",[0. 0. 0. 0. 0. 0. 0. 0. 0.],"geometry_msgs.msg.Vector3(x=27.75, y=10.6875, z=4.3125)",[0. 0. 0. 0. 0. 0. 0. 0. 0.],"geometry_msgs.msg.Vector3(x=0.0126953125, y=0.95849609375, z=-0.27978515625)",[0. 0. 0. 0. 0. 0. 0. 0. 0.],False
1731182652693590780,"std_msgs.msg.Header(stamp=builtin_interfaces.msg.Time(sec=1731182652, nanosec=693100796), frame_id='RL_myo')","geometry_msgs.msg.Quaternion(x=0.5686663027396679, y=0.7023337067323557, z=-0.374879084622415, w=-0.20690981713936613)",[0. 0. 0. 0. 0. 0. 0. 0. 0.],"geometry_msgs.msg.Vector3(x=27.75, y=7.4375, z=1.5)",[0. 0. 0. 0. 0. 0. 0. 0. 0.],"geometry_msgs.msg.Vector3(x=0.00390625, y=1.02197265625, z=-0.26416015625)",[0. 0. 0. 0. 0. 0. 0. 0. 0.],False
1731182652714432108,"std_msgs.msg.Header(stamp=builtin_interfaces.msg.Time(sec=1731182652, nanosec=713949364), frame_id='RL_myo')","geometry_msgs.msg.Quaternion(x=0.5681868666934806, y=0.7035653681787251, z=-0.3733590142404148, w=-0.20679096620018395)",[0. 0. 0. 0. 0. 0. 0. 0. 0.],"geometry_msgs.msg.Vector3(x=6.625, y=7.5625, z=-1.4375)",[0. 0. 0. 0. 0. 0. 0. 0. 0.],"geometry_msgs.msg.Vector3(x=0.0341796875, y=1.02880859375, z=-0.25537109375)",[0. 0. 0. 0. 0. 0. 0. 0. 0.],False
1731182652731065426,"std_msgs.msg.Header(stamp=builtin_interfaces.msg.Time(sec=1731182652, nanosec=730539880), frame_id='RL_myo')","geometry_msgs.msg.Quaternion(x=0.5693978433981294, y=0.703309180992244, z=-0.3721319167325967, w=-0.20654328460277305)",[0. 0. 0. 0. 0. 0. 0. 0. 0.],"geometry_msgs.msg.Vector3(x=-9.75, y=8.9375, z=2.6875)",[0. 0. 0. 0. 0. 0. 0. 0. 0.],"geometry_msgs.msg.Vector3(x=0.0615234375, y=0.99169921875, z=-0.322265625)",[0. 0. 0. 0. 0. 0. 0. 0. 0.],False
1731182652753476837,"std_msgs.msg.Header(stamp=builtin_interfaces.msg.Time(sec=1731182652, nanosec=752986682), frame_id='RL_myo')","geometry_msgs.msg.Quaternion(x=0.5685372120523362, y=0.7040340033305097, z=-0.3729213489683064, w=-0.20501519004656976)",[0. 0. 0. 0. 0. 0. 0. 0. 0.],"geometry_msgs.msg.Vector3(x=5.625, y=5.25, z=12.6875)",[0. 0. 0. 0. 0. 0. 0. 0. 0.],"geometry_msgs.msg.Vector3(x=0.02001953125, y=0.87109375, z=-0.31298828125)",[0. 0. 0. 0. 0. 0. 0. 0. 0.],False
1731182652774981497,"std_msgs.msg.Header(stamp=builtin_interfaces.msg.Time(sec=1731182652, nanosec=774462447), frame_id='RL_myo')","geometry_msgs.msg.Quaternion(x=0.5669031298294581, y=0.7042343143811679, z=-0.3751887961952712, w=-0.20471501910508208)",[0. 0. 0. 0. 0. 0. 0. 0. 0.],"geometry_msgs.msg.Vector3(x=9.4375, y=-6.1875, z=18.0)",[0. 0. 0. 0. 0. 0. 0. 0. 0.],"geometry_msgs.msg.Vector3(x=-0.0244140625, y=0.890625, z=-0.2724609375)",[0. 0. 0. 0. 0. 0. 0. 0. 0.],False
1731182652791087580,"std_msgs.msg.Header(stamp=builtin_interfaces.msg.Time(sec=1731182652, nanosec=790501290), frame_id='RL_myo')","geometry_msgs.msg.Quaternion(x=0.5642352319107248, y=0.7046226219361107, z=-0.378496611107573, w=-0.2046603994587473)",[0. 0. 0. 0. 0. 0. 0. 0. 0.],"geometry_msgs.msg.Vector3(x=12.625, y=-14.3125, z=13.0)",[0. 0. 0. 0. 0. 0. 0. 0. 0.],"geometry_msgs.msg.Vector3(x=0.072265625, y=0.88671875, z=-0.3095703125)",[0. 0. 0. 0. 0. 0. 0. 0. 0.],False
1731182652813570961,"std_msgs.msg.Header(stamp=builtin_interfaces.msg.Time(sec=1731182652, nanosec=813008409), frame_id='RL_myo')","geometry_msgs.msg.Quaternion(x=0.5621569419430853, y=0.7044967886978383, z=-0.38301138009694463, w=-0.2024009141675647)",[0. 0. 0. 0. 0. 0. 0. 0. 0.],"geometry_msgs.msg.Vector3(x=13.625, y=-9.875, z=22.375)",[0. 0. 0. 0. 0. 0. 0. 0. 0.],"geometry_msgs.msg.Vector3(x=0.146484375, y=0.8525390625, z=-0.32470703125)",[0. 0. 0. 0. 0. 0. 0. 0. 0.],False
1731182652834744688,"std_msgs.msg.Header(stamp=builtin_interfaces.msg.Time(sec=1731182652, nanosec=834073658), frame_id='RL_myo')","geometry_msgs.msg.Quaternion(x=0.5589920580087351, y=0.7051796512529938, z=-0.3882669230174235, w=-0.19874188041891697)",[0. 0. 0. 0. 0. 0. 0. 0. 0.],"geometry_msgs.msg.Vector3(x=24.0, y=-6.75, z=30.5)",[0. 0. 0. 0. 0. 0. 0. 0. 0.],"geometry_msgs.msg.Vector3(x=0.1015625, y=0.85693359375, z=-0.34619140625)",[0. 0. 0. 0. 0. 0. 0. 0. 0.],False
1731182652851091026,"std_msgs.msg.Header(stamp=builtin_interfaces.msg.Time(sec=1731182652, nanosec=850514009), frame_id='RL_myo')","geometry_msgs.msg.Quaternion(x=0.5556042661127596, y=0.7056290146687481, z=-0.39355556496705196, w=-0.19622846485252357)",[0. 0. 0. 0. 0. 0. 0. 0. 0.],"geometry_msgs.msg.Vector3(x=24.875, y=-12.1875, z=28.625)",[0. 0. 0. 0. 0. 0. 0. 0. 0.],"geometry_msgs.msg.Vector3(x=0.0908203125, y=0.90673828125, z=-0.32470703125)",[0. 0. 0. 0. 0. 0. 0. 0. 0.],False
1731182652873803012,"std_msgs.msg.Header(stamp=builtin_interfaces.msg.Time(sec=1731182652, nanosec=873182471), frame_id='RL_myo')","geometry_msgs.msg.Quaternion(x=0.5542778280875943, y=0.7042459619507392, z=-0.3982670221640296, w=-0.1954407670450916)",[0. 0. 0. 0. 0. 0. 0. 0. 0.],"geometry_msgs.msg.Vector3(x=6.0625, y=-15.0625, z=25.625)",[0. 0. 0. 0. 0. 0. 0. 0. 0.],"geometry_msgs.msg.Vector3(x=0.150390625, y=1.0556640625, z=-0.37646484375)",[0. 0. 0. 0. 0. 0. 0. 0. 0.],False
1731182652894683756,"std_msgs.msg.Header(stamp=builtin_interfaces.msg.Time(sec=1731182652, nanosec=894130449), frame_id='RL_myo')","geometry_msgs.msg.Quaternion(x=0.5544713836288788, y=0.703831959998305, z=-0.39845763896183634, w=-0.19599379269400374)",[0. 0. 0. 0. 0. 0. 0. 0. 0.],"geometry_msgs.msg.Vector3(x=3.0, y=-4.4375, z=-0.8125)",[0. 0. 0. 0. 0. 0. 0. 0. 0.],"geometry_msgs.msg.Vector3(x=0.2333984375, y=1.22412109375, z=-0.31005859375)",[0. 0. 0. 0. 0. 0. 0. 0. 0.],False
1731182652917704776,"std_msgs.msg.Header(stamp=builtin_interfaces.msg.Time(sec=1731182652, nanosec=917181526), frame_id='RL_myo')","geometry_msgs.msg.Quaternion(x=0.5536534127633865, y=0.7059981286996023, z=-0.3960596401082147, w=-0.19537477392300742)",[0. 0. 0. 0. 0. 0. 0. 0. 0.],"geometry_msgs.msg.Vector3(x=9.8125, y=12.0, z=-9.0)",[0. 0. 0. 0. 0. 0. 0. 0. 0.],"geometry_msgs.msg.Vector3(x=0.11767578125, y=1.09814453125, z=-0.35205078125)",[0. 0. 0. 0. 0. 0. 0. 0. 0.],False
1731182652933704116,"std_msgs.msg.Header(stamp=builtin_interfaces.msg.Time(sec=1731182652, nanosec=933130356), frame_id='RL_myo')","geometry_msgs.msg.Quaternion(x=0.5542604500604871, y=0.7066652891532121, z=-0.3943482840921492, w=-0.19470221734312892)",[0. 0. 0. 0. 0. 0. 0. 0. 0.],"geometry_msgs.msg.Vector3(x=-2.0625, y=14.1875, z=6.375)",[0. 0. 0. 0. 0. 0. 0. 0. 0.],"geometry_msgs.msg.Vector3(x=-0.0087890625, y=0.99853515625, z=-0.34765625)",[0. 0. 0. 0. 0. 0. 0. 0. 0.],False
1731182652954761320,"std_msgs.msg.Header(stamp=builtin_interfaces.msg.Time(sec=1731182652, nanosec=954185539), frame_id='RL_myo')","geometry_msgs.msg.Quaternion(x=0.5528211133342347, y=0.7074913905992176, z=-0.39467167040070233, w=-0.19513846740968843)",[0. 0. 0. 0. 0. 0. 0. 0. 0.],"geometry_msgs.msg.Vector3(x=1.0625, y=0.125, z=8.8125)",[0. 0. 0. 0. 0. 0. 0. 0. 0.],"geometry_msgs.msg.Vector3(x=-0.02783203125, y=0.93017578125, z=-0.41064453125)",[0. 0. 0. 0. 0. 0. 0. 0. 0.],False
1731182652971258260,"std_msgs.msg.Header(stamp=builtin_interfaces.msg.Time(sec=1731182652, nanosec=970592059), frame_id='RL_myo')","geometry_msgs.msg.Quaternion(x=0.5504757389323566, y=0.7081904866207044, z=-0.39654516862662387, w=-0.19543445127635056)",[0. 0. 0. 0. 0. 0. 0. 0. 0.],"geometry_msgs.msg.Vector3(x=13.5625, y=-9.1875, z=9.4375)",[0. 0. 0. 0. 0. 0. 0. 0. 0.],"geometry_msgs.msg.Vector3(x=0.04931640625, y=0.92236328125, z=-0.3095703125)",[0. 0. 0. 0. 0. 0. 0. 0. 0.],False
1731182652993738715,"std_msgs.msg.Header(stamp=builtin_interfaces.msg.Time(sec=1731182652, nanosec=993147267), frame_id='RL_myo')","geometry_msgs.msg.Quaternion(x=0.5466581394591438, y=0.7100574069147186, z=-0.39931191919849474, w=-0.19373525397982608)",[0. 0. 0. 0. 0. 0. 0. 0. 0.],"geometry_msgs.msg.Vector3(x=29.875, y=-8.3125, z=9.3125)",[0. 0. 0. 0. 0. 0. 0. 0. 0.],"geometry_msgs.msg.Vector3(x=0.1416015625, y=0.921875, z=-0.2978515625)",[0. 0. 0. 0. 0. 0. 0. 0. 0.],False
1731182653014702666,"std_msgs.msg.Header(stamp=builtin_interfaces.msg.Time(sec=1731182653, nanosec=14190684), frame_id='RL_myo')","geometry_msgs.msg.Quaternion(x=0.5429846543050155, y=0.7122401001669543, z=-0.40192827659605745, w=-0.19061837628086367)",[0. 0. 0. 0. 0. 0. 0. 0. 0.],"geometry_msgs.msg.Vector3(x=34.6875, y=-1.875, z=11.5625)",[0. 0. 0. 0. 0. 0. 0. 0. 0.],"geometry_msgs.msg.Vector3(x=0.17138671875, y=0.99609375, z=-0.31689453125)",[0. 0. 0. 0. 0. 0. 0. 0. 0.],False
1731182653031057779,"std_msgs.msg.Header(stamp=builtin_interfaces.msg.Time(sec=1731182653, nanosec=30527945), frame_id='RL_myo')","geometry_msgs.msg.Quaternion(x=0.540549674179966, y=0.7138356413205401, z=-0.4040083890466571, w=-0.1871415199904896)",[0. 0. 0. 0. 0. 0. 0. 0. 0.],"geometry_msgs.msg.Vector3(x=29.375, y=4.5, z=17.25)",[0. 0. 0. 0. 0. 0. 0. 0. 0.],"geometry_msgs.msg.Vector3(x=0.12060546875, y=1.00927734375, z=-0.318359375)",[0. 0. 0. 0. 0. 0. 0. 0. 0.],False
1731182653059509202,"std_msgs.msg.Header(stamp=builtin_interfaces.msg.Time(sec=1731182653, nanosec=58940669), frame_id='RL_myo')","geometry_msgs.msg.Quaternion(x=0.5381655837502287, y=0.7152346955183373, z=-0.40583678874393453, w=-0.1846987701517741)",[0. 0. 0. 0. 0. 0. 0. 0. 0.],"geometry_msgs.msg.Vector3(x=23.5, y=2.625, z=16.0)",[0. 0. 0. 0. 0. 0. 0. 0. 0.],"geometry_msgs.msg.Vector3(x=0.07275390625, y=0.95556640625, z=-0.3359375)",[0. 0. 0. 0. 0. 0. 0. 0. 0.],False
1731182653074698561,"std_msgs.msg.Header(stamp=builtin_interfaces.msg.Time(sec=1731182653, nanosec=74148919), frame_id='RL_myo')","geometry_msgs.msg.Quaternion(x=0.5357066111366614, y=0.716554131792686, z=-0.4080818505252043, w=-0.18176304978523158)",[0. 0. 0. 0. 0. 0. 0. 0. 0.],"geometry_msgs.msg.Vector3(x=23.625, y=1.3125, z=14.9375)",[0. 0. 0. 0. 0. 0. 0. 0. 0.],"geometry_msgs.msg.Vector3(x=0.1337890625, y=0.87255859375, z=-0.3359375)",[0. 0. 0. 0. 0. 0. 0. 0. 0.],False
1731182653091195354,"std_msgs.msg.Header(stamp=builtin_interfaces.msg.Time(sec=1731182653, nanosec=90586026), frame_id='RL_myo')","geometry_msgs.msg.Quaternion(x=0.531936231217939, y=0.7188921321038308, z=-0.41053391751828544, w=-0.17804451938757637)",[0. 0. 0. 0. 0. 0. 0. 0. 0.],"geometry_msgs.msg.Vector3(x=32.375, y=2.625, z=13.9375)",[0. 0. 0. 0. 0. 0. 0. 0. 0.],"geometry_msgs.msg.Vector3(x=0.146484375, y=0.888671875, z=-0.3828125)",[0. 0. 0. 0. 0. 0. 0. 0. 0.],False
1731182653113956141,"std_msgs.msg.Header(stamp=builtin_interfaces.msg.Time(sec=1731182653, nanosec=113471376), frame_id='RL_myo')","geometry_msgs.msg.Quaternion(x=0.5252635121435913, y=0.7227713816877073, z=-0.4138754213160229, w=-0.17437576739417157)",[0. 0. 0. 0. 0. 0. 0. 0. 0.],"geometry_msgs.msg.Vector3(x=47.4375, y=-3.125, z=16.0)",[0. 0. 0. 0. 0. 0. 0. 0. 0.],"geometry_msgs.msg.Vector3(x=0.076171875, y=0.91259765625, z=-0.4541015625)",[0. 0. 0. 0. 0. 0. 0. 0. 0.],False
1731182653134629361,"std_msgs.msg.Header(stamp=builtin_interfaces.msg.Time(sec=1731182653, nanosec=134087262), frame_id='RL_myo')","geometry_msgs.msg.Quaternion(x=0.5171524336287426, y=0.7269919316596192, z=-0.41772586519002886, w=-0.171875516711736)",[0. 0. 0. 0. 0. 0. 0. 0. 0.],"geometry_msgs.msg.Vector3(x=51.5, y=-12.9375, z=11.25)",[0. 0. 0. 0. 0. 0. 0. 0. 0.],"geometry_msgs.msg.Vector3(x=0.10693359375, y=0.98046875, z=-0.51513671875)",[0. 0. 0. 0. 0. 0. 0. 0. 0.],False
1731182653151341470,"std_msgs.msg.Header(stamp=builtin_interfaces.msg.Time(sec=1731182653, nanosec=150688779), frame_id='RL_myo')","geometry_msgs.msg.Quaternion(x=0.5097661168481706, y=0.7304694547939303, z=-0.4216923014013423, w=-0.16949479244341115)",[0. 0. 0. 0. 0. 0. 0. 0. 0.],"geometry_msgs.msg.Vector3(x=48.5625, y=-14.625, z=9.375)",[0. 0. 0. 0. 0. 0. 0. 0. 0.],"geometry_msgs.msg.Vector3(x=0.16796875, y=0.9423828125, z=-0.4833984375)",[0. 0. 0. 0. 0. 0. 0. 0. 0.],False
1731182653173705159,"std_msgs.msg.Header(stamp=builtin_interfaces.msg.Time(sec=1731182653, nanosec=173152854), frame_id='RL_myo')","geometry_msgs.msg.Quaternion(x=0.5046403769761144, y=0.7313867485854837, z=-0.4269423605403871, w=-0.1677251760922064)",[0. 0. 0. 0. 0. 0. 0. 0. 0.],"geometry_msgs.msg.Vector3(x=32.0625, y=-17.75, z=22.875)",[0. 0. 0. 0. 0. 0. 0. 0. 0.],"geometry_msgs.msg.Vector3(x=0.1396484375, y=0.890625, z=-0.46240234375)",[0. 0. 0. 0. 0. 0. 0. 0. 0.],False
1731182653194990296,"std_msgs.msg.Header(stamp=builtin_interfaces.msg.Time(sec=1731182653, nanosec=194468086), frame_id='RL_myo')","geometry_msgs.msg.Quaternion(x=0.5017751226315296, y=0.7302930716806046, z=-0.4325605515253193, w=-0.16668870695860688)",[0. 0. 0. 0. 0. 0. 0. 0. 0.],"geometry_msgs.msg.Vector3(x=15.625, y=-19.5, z=27.8125)",[0. 0. 0. 0. 0. 0. 0. 0. 0.],"geometry_msgs.msg.Vector3(x=0.17724609375, y=0.916015625, z=-0.47705078125)",[0. 0. 0. 0. 0. 0. 0. 0. 0.],False
1731182653218592984,"std_msgs.msg.Header(stamp=builtin_interfaces.msg.Time(sec=1731182653, nanosec=218056086), frame_id='RL_myo')","geometry_msgs.msg.Quaternion(x=0.5001793173674434, y=0.7289373504965682, z=-0.43688633968470525, w=-0.16613643708043696)",[0. 0. 0. 0. 0. 0. 0. 0. 0.],"geometry_msgs.msg.Vector3(x=8.125, y=-15.8125, z=20.5625)",[0. 0. 0. 0. 0. 0. 0. 0. 0.],"geometry_msgs.msg.Vector3(x=0.22265625, y=0.931640625, z=-0.47509765625)",[0. 0. 0. 0. 0. 0. 0. 0. 0.],False
1731182653233577621,"std_msgs.msg.Header(stamp=builtin_interfaces.msg.Time(sec=1731182653, nanosec=233029824), frame_id='RL_myo')","geometry_msgs.msg.Quaternion(x=0.4995091629248855, y=0.7273522354076076, z=-0.44048846882073545, w=-0.16558753164897536)",[0. 0. 0. 0. 0. 0. 0. 0. 0.],"geometry_msgs.msg.Vector3(x=7.0, y=-12.6875, z=18.25)",[0. 0. 0. 0. 0. 0. 0. 0. 0.],"geometry_msgs.msg.Vector3(x=0.2333984375, y=0.91357421875, z=-0.40380859375)",[0. 0. 0. 0. 0. 0. 0. 0. 0.],False
1731182653254562161,"std_msgs.msg.Header(stamp=builtin_interfaces.msg.Time(sec=1731182653, nanosec=254097175), frame_id='RL_myo')","geometry_msgs.msg.Quaternion(x=0.4994545220532953, y=0.7257746207669235, z=-0.44348485362816126, w=-0.16467411713305521)",[0. 0. 0. 0. 0. 0. 0. 0. 0.],"geometry_msgs.msg.Vector3(x=1.0, y=-7.0625, z=17.9375)",[0. 0. 0. 0. 0. 0. 0. 0. 0.],"geometry_msgs.msg.Vector3(x=0.22412109375, y=0.87646484375, z=-0.4453125)",[0. 0. 0. 0. 0. 0. 0. 0. 0.],False
1731182653270535924,"std_msgs.msg.Header(stamp=builtin_interfaces.msg.Time(sec=1731182653, nanosec=269979940), frame_id='RL_myo')","geometry_msgs.msg.Quaternion(x=0.4980556835989188, y=0.72511048053372, z=-0.446785245581383, w=-0.16290571317714633)",[0. 0. 0. 0. 0. 0. 0. 0. 0.],"geometry_msgs.msg.Vector3(x=9.5625, y=-5.0625, z=20.6875)",[0. 0. 0. 0. 0. 0. 0. 0. 0.],"geometry_msgs.msg.Vector3(x=0.17431640625, y=0.83251953125, z=-0.46875)",[0. 0. 0. 0. 0. 0. 0. 0. 0.],False
1731182653293752977,"std_msgs.msg.Header(stamp=builtin_interfaces.msg.Time(sec=1731182653, nanosec=293196400), frame_id='RL_myo')","geometry_msgs.msg.Quaternion(x=0.4961669882190936, y=0.725054453568042, z=-0.4494129086304818, w=-0.1616861055224971)",[0. 0. 0. 0. 0. 0. 0. 0. 0.],"geometry_msgs.msg.Vector3(x=10.6875, y=-5.125, z=15.875)",[0. 0. 0. 0. 0. 0. 0. 0. 0.],"geometry_msgs.msg.Vector3(x=0.154296875, y=0.8505859375, z=-0.4873046875)",[0. 0. 0. 0. 0. 0. 0. 0. 0.],False
1731182653322750166,"std_msgs.msg.Header(stamp=builtin_interfaces.msg.Time(sec=1731182653, nanosec=322110858), frame_id='RL_myo')","geometry_msgs.msg.Quaternion(x=0.49377562902571337, y=0.7254046169308533, z=-0.45147816166912264, w=-0.16168252673536648)",[0. 0. 0. 0. 0. 0. 0. 0. 0.],"geometry_msgs.msg.Vector3(x=10.0, y=-8.4375, z=10.6875)",[0. 0. 0. 0. 0. 0. 0. 0. 0.],"geometry_msgs.msg.Vector3(x=0.140625, y=0.91162109375, z=-0.5302734375)",[0. 0. 0. 0. 0. 0. 0. 0. 0.],False
1731182653344851068,"std_msgs.msg.Header(stamp=builtin_interfaces.msg.Time(sec=1731182653, nanosec=344250246), frame_id='RL_myo')","geometry_msgs.msg.Quaternion(x=0.49232191081901644, y=0.7249327218940563, z=-0.45368568845992424, w=-0.1620524018378984)",[0. 0. 0. 0. 0. 0. 0. 0. 0.],"geometry_msgs.msg.Vector3(x=4.75, y=-8.9375, z=12.875)",[0. 0. 0. 0. 0. 0. 0. 0. 0.],"geometry_msgs.msg.Vector3(x=0.15234375, y=0.953125, z=-0.53076171875)",[0. 0. 0. 0. 0. 0. 0. 0. 0.],False
1731182653353714348,"std_msgs.msg.Header(stamp=builtin_interfaces.msg.Time(sec=1731182653, nanosec=353094777), frame_id='RL_myo')","geometry_msgs.msg.Quaternion(x=0.49078669534999214, y=0.7247358811821671, z=-0.4555081591091893, w=-0.16247658040314378)",[0. 0. 0. 0. 0. 0. 0. 0. 0.],"geometry_msgs.msg.Vector3(x=3.0, y=-7.5625, z=10.25)",[0. 0. 0. 0. 0. 0. 0. 0. 0.],"geometry_msgs.msg.Vector3(x=0.13818359375, y=0.88427734375, z=-0.5361328125)",[0. 0. 0. 0. 0. 0. 0. 0. 0.],False
1731182653376154117,"std_msgs.msg.Header(stamp=builtin_interfaces.msg.Time(sec=1731182653, nanosec=375590074), frame_id='RL_myo')","geometry_msgs.msg.Quaternion(x=0.4909826541053429, y=0.7231678873495901, z=-0.4574122339464744, w=-0.16351846473747061)",[0. 0. 0. 0. 0. 0. 0. 0. 0.],"geometry_msgs.msg.Vector3(x=-8.375, y=-8.8125, z=11.8125)",[0. 0. 0. 0. 0. 0. 0. 0. 0.],"geometry_msgs.msg.Vector3(x=0.169921875, y=0.8720703125, z=-0.5029296875)",[0. 0. 0. 0. 0. 0. 0. 0. 0.],False
1731182653391742688,"std_msgs.msg.Header(stamp=builtin_interfaces.msg.Time(sec=1731182653, nanosec=391234875), frame_id='RL_myo')","geometry_msgs.msg.Quaternion(x=0.4914006606688719, y=0.7216894065021415, z=-0.45899055623275575, w=-0.1643698893530334)",[0. 0. 0. 0. 0. 0. 0. 0. 0.],"geometry_msgs.msg.Vector3(x=-9.625, y=-7.625, z=8.6875)",[0. 0. 0. 0. 0. 0. 0. 0. 0.],"geometry_msgs.msg.Vector3(x=0.21484375, y=0.869140625, z=-0.51416015625)",[0. 0. 0. 0. 0. 0. 0. 0. 0.],False
1731182653413771775,"std_msgs.msg.Header(stamp=builtin_interfaces.msg.Time(sec=1731182653, nanosec=413107175), frame_id='RL_myo')","geometry_msgs.msg.Quaternion(x=0.4919942133144403, y=0.7208713129210836, z=-0.45970728379659653, w=-0.16418117278449876)",[0. 0. 0. 0. 0. 0. 0. 0. 0.],"geometry_msgs.msg.Vector3(x=-7.0625, y=0.0, z=5.1875)",[0. 0. 0. 0. 0. 0. 0. 0. 0.],"geometry_msgs.msg.Vector3(x=0.2275390625, y=0.84130859375, z=-0.51220703125)",[0. 0. 0. 0. 0. 0. 0. 0. 0.],False
1731182653436219011,"std_msgs.msg.Header(stamp=builtin_interfaces.msg.Time(sec=1731182653, nanosec=435677288), frame_id='RL_myo')","geometry_msgs.msg.Quaternion(x=0.49396811997103446, y=0.7198640809265267, z=-0.4596656260350748, w=-0.16278425503061275)",[0. 0. 0. 0. 0. 0. 0. 0. 0.],"geometry_msgs.msg.Vector3(x=-9.5, y=10.4375, z=7.875)",[0. 0. 0. 0. 0. 0. 0. 0. 0.],"geometry_msgs.msg.Vector3(x=0.23291015625, y=0.8994140625, z=-0.51123046875)",[0. 0. 0. 0. 0. 0. 0. 0. 0.],False
1731182653451176741,"std_msgs.msg.Header(stamp=builtin_interfaces.msg.Time(sec=1731182653, nanosec=450570875), frame_id='RL_myo')","geometry_msgs.msg.Quaternion(x=0.49572426115105145, y=0.7192335254129513, z=-0.45867616628295393, w=-0.16302382437016233)",[0. 0. 0. 0. 0. 0. 0. 0. 0.],"geometry_msgs.msg.Vector3(x=-11.125, y=9.25, z=4.6875)",[0. 0. 0. 0. 0. 0. 0. 0. 0.],"geometry_msgs.msg.Vector3(x=0.140625, y=0.943359375, z=-0.50927734375)",[0. 0. 0. 0. 0. 0. 0. 0. 0.],False
1731182653474218948,"std_msgs.msg.Header(stamp=builtin_interfaces.msg.Time(sec=1731182653, nanosec=473648978), frame_id='RL_myo')","geometry_msgs.msg.Quaternion(x=0.49708794377091453, y=0.718653419690416, z=-0.4572305730338802, w=-0.1654721777459417)",[0. 0. 0. 0. 0. 0. 0. 0. 0.],"geometry_msgs.msg.Vector3(x=-18.0625, y=2.0, z=-2.0)",[0. 0. 0. 0. 0. 0. 0. 0. 0.],"geometry_msgs.msg.Vector3(x=0.109375, y=0.95751953125, z=-0.55029296875)",[0. 0. 0. 0. 0. 0. 0. 0. 0.],False
1731182653496598617,"std_msgs.msg.Header(stamp=builtin_interfaces.msg.Time(sec=1731182653, nanosec=495911649), frame_id='RL_myo')","geometry_msgs.msg.Quaternion(x=0.49946775918446007, y=0.7173096793273585, z=-0.45643650289397436, w=-0.16632648708024608)",[0. 0. 0. 0. 0. 0. 0. 0. 0.],"geometry_msgs.msg.Vector3(x=-15.625, y=3.375, z=-0.25)",[0. 0. 0. 0. 0. 0. 0. 0. 0.],"geometry_msgs.msg.Vector3(x=0.232421875, y=0.92724609375, z=-0.4560546875)",[0. 0. 0. 0. 0. 0. 0. 0. 0.],False
1731182653517023337,"std_msgs.msg.Header(stamp=builtin_interfaces.msg.Time(sec=1731182653, nanosec=516651041), frame_id='RL_myo')","geometry_msgs.msg.Quaternion(x=0.5010380577517224, y=0.7165533923748595, z=-0.4559940710760286, w=-0.1660768126620096)",[0. 0. 0. 0. 0. 0. 0. 0. 0.],"geometry_msgs.msg.Vector3(x=-6.6875, y=5.375, z=2.5625)",[0. 0. 0. 0. 0. 0. 0. 0. 0.],"geometry_msgs.msg.Vector3(x=0.2216796875, y=0.88720703125, z=-0.423828125)",[0. 0. 0. 0. 0. 0. 0. 0. 0.],False
1731182653533660473,"std_msgs.msg.Header(stamp=builtin_interfaces.msg.Time(sec=1731182653, nanosec=533150933), frame_id='RL_myo')","geometry_msgs.msg.Quaternion(x=0.5004441406628239, y=0.7171262603546186, z=-0.4555207490872856, w=-0.16669263912064547)",[0. 0. 0. 0. 0. 0. 0. 0. 0.],"geometry_msgs.msg.Vector3(x=2.5625, y=0.8125, z=0.75)",[0. 0. 0. 0. 0. 0. 0. 0. 0.],"geometry_msgs.msg.Vector3(x=0.13134765625, y=0.96337890625, z=-0.482421875)",[0. 0. 0. 0. 0. 0. 0. 0. 0.],False
1731182653556418187,"std_msgs.msg.Header(stamp=builtin_interfaces.msg.Time(sec=1731182653, nanosec=555791616), frame_id='RL_myo')","geometry_msgs.msg.Quaternion(x=0.4995254587268448, y=0.7179762916671402, z=-0.45521271642043115, w=-0.16663055991254722)",[0. 0. 0. 0. 0. 0. 0. 0. 0.],"geometry_msgs.msg.Vector3(x=5.1875, y=0.75, z=-2.0)",[0. 0. 0. 0. 0. 0. 0. 0. 0.],"geometry_msgs.msg.Vector3(x=0.20751953125, y=0.9765625, z=-0.51220703125)",[0. 0. 0. 0. 0. 0. 0. 0. 0.],False
1731182653570299842,"std_msgs.msg.Header(stamp=builtin_interfaces.msg.Time(sec=1731182653, nanosec=569955719), frame_id='RL_myo')","geometry_msgs.msg.Quaternion(x=0.49890328057822686, y=0.719118968898051, z=-0.4549577995387941, w=-0.16424623538487992)",[0. 0. 0. 0. 0. 0. 0. 0. 0.],"geometry_msgs.msg.Vector3(x=8.375, y=9.25, z=-0.9375)",[0. 0. 0. 0. 0. 0. 0. 0. 0.],"geometry_msgs.msg.Vector3(x=0.2919921875, y=0.95654296875, z=-0.5517578125)",[0. 0. 0. 0. 0. 0. 0. 0. 0.],False
1731182653593526687,"std_msgs.msg.Header(stamp=builtin_interfaces.msg.Time(sec=1731182653, nanosec=592927067), frame_id='RL_myo')","geometry_msgs.msg.Quaternion(x=0.4984800959725713, y=0.7208338353662381, z=-0.45325250308464726, w=-0.1627216769759857)",[0. 0. 0. 0. 0. 0. 0. 0. 0.],"geometry_msgs.msg.Vector3(x=5.75, y=13.0625, z=-6.1875)",[0. 0. 0. 0. 0. 0. 0. 0. 0.],"geometry_msgs.msg.Vector3(x=0.23291015625, y=1.0107421875, z=-0.5791015625)",[0. 0. 0. 0. 0. 0. 0. 0. 0.],False
1731182653616901893,"std_msgs.msg.Header(stamp=builtin_interfaces.msg.Time(sec=1731182653, nanosec=616264995), frame_id='RL_myo')","geometry_msgs.msg.Quaternion(x=0.49745257850722063, y=0.7234730568154707, z=-0.4497215458210063, w=-0.1639457209656926)",[0. 0. 0. 0. 0. 0. 0. 0. 0.],"geometry_msgs.msg.Vector3(x=2.75, y=9.0625, z=-18.75)",[0. 0. 0. 0. 0. 0. 0. 0. 0.],"geometry_msgs.msg.Vector3(x=0.15966796875, y=1.1513671875, z=-0.6416015625)",[0. 0. 0. 0. 0. 0. 0. 0. 0.],False
1731182653637191936,"std_msgs.msg.Header(stamp=builtin_interfaces.msg.Time(sec=1731182653, nanosec=636706662), frame_id='RL_myo')","geometry_msgs.msg.Quaternion(x=0.4969471110614415, y=0.7260115310827618, z=-0.4450673463350567, w=-0.16693077238430884)",[0. 0. 0. 0. 0. 0. 0. 0. 0.],"geometry_msgs.msg.Vector3(x=-6.5625, y=5.0, z=-31.0625)",[0. 0. 0. 0. 0. 0. 0. 0. 0.],"geometry_msgs.msg.Vector3(x=0.2021484375, y=1.14697265625, z=-0.6533203125)",[0. 0. 0. 0. 0. 0. 0. 0. 0.],False
1731182653653685291,"std_msgs.msg.Header(stamp=builtin_interfaces.msg.Time(sec=1731182653, nanosec=653084249), frame_id='RL_myo')","geometry_msgs.msg.Quaternion(x=0.49701354696662053, y=0.7283387763665335, z=-0.44000622130447836, w=-0.16998437041655878)",[0. 0. 0. 0. 0. 0. 0. 0. 0.],"geometry_msgs.msg.Vector3(x=-8.875, y=4.375, z=-36.125)",[0. 0. 0. 0. 0. 0. 0. 0. 0.],"geometry_msgs.msg.Vector3(x=0.24755859375, y=1.0986328125, z=-0.6044921875)",[0. 0. 0. 0. 0. 0. 0. 0. 0.],False
1731182653676020341,"std_msgs.msg.Header(stamp=builtin_interfaces.msg.Time(sec=1731182653, nanosec=675459283), frame_id='RL_myo')","geometry_msgs.msg.Quaternion(x=0.49660517526981174, y=0.7313573267063526, z=-0.43312565434053396, w=-0.1757894425733847)",[0. 0. 0. 0. 0. 0. 0. 0. 0.],"geometry_msgs.msg.Vector3(x=-9.5, y=0.1875, z=-46.8125)",[0. 0. 0. 0. 0. 0. 0. 0. 0.],"geometry_msgs.msg.Vector3(x=0.1337890625, y=1.21728515625, z=-0.59423828125)",[0. 0. 0. 0. 0. 0. 0. 0. 0.],False
1731182653698495194,"std_msgs.msg.Header(stamp=builtin_interfaces.msg.Time(sec=1731182653, nanosec=697947565), frame_id='RL_myo')","geometry_msgs.msg.Quaternion(x=0.49365529536872266, y=0.7357221724004183, z=-0.4253565471593259, w=-0.18463245159376682)",[0. 0. 0. 0. 0. 0. 0. 0. 0.],"geometry_msgs.msg.Vector3(x=-8.4375, y=-11.875, z=-61.125)",[0. 0. 0. 0. 0. 0. 0. 0. 0.],"geometry_msgs.msg.Vector3(x=0.0341796875, y=1.18359375, z=-0.65234375)",[0. 0. 0. 0. 0. 0. 0. 0. 0.],False
1731182653713764434,"std_msgs.msg.Header(stamp=builtin_interfaces.msg.Time(sec=1731182653, nanosec=713140347), frame_id='RL_myo')","geometry_msgs.msg.Quaternion(x=0.49078600423693, y=0.7393833671590809, z=-0.41870314501496575, w=-0.19268889632831587)",[0. 0. 0. 0. 0. 0. 0. 0. 0.],"geometry_msgs.msg.Vector3(x=-6.8125, y=-18.75, z=-64.0625)",[0. 0. 0. 0. 0. 0. 0. 0. 0.],"geometry_msgs.msg.Vector3(x=0.16748046875, y=1.04638671875, z=-0.56103515625)",[0. 0. 0. 0. 0. 0. 0. 0. 0.],False
1731182653736151654,"std_msgs.msg.Header(stamp=builtin_interfaces.msg.Time(sec=1731182653, nanosec=735594565), frame_id='RL_myo')","geometry_msgs.msg.Quaternion(x=0.48760513048990867, y=0.743400987528738, z=-0.41228847871565066, w=-0.19903371267087147)",[0. 0. 0. 0. 0. 0. 0. 0. 0.],"geometry_msgs.msg.Vector3(x=1.5625, y=-14.625, z=-63.8125)",[0. 0. 0. 0. 0. 0. 0. 0. 0.],"geometry_msgs.msg.Vector3(x=0.2119140625, y=1.0302734375, z=-0.53076171875)",[0. 0. 0. 0. 0. 0. 0. 0. 0.],False
1731182653757344365,"std_msgs.msg.Header(stamp=builtin_interfaces.msg.Time(sec=1731182653, nanosec=756899807), frame_id='RL_myo')","geometry_msgs.msg.Quaternion(x=0.4816878184048163, y=0.7488988256243152, z=-0.40557723686011204, w=-0.206481232851431)",[0. 0. 0. 0. 0. 0. 0. 0. 0.],"geometry_msgs.msg.Vector3(x=14.0, y=-18.9375, z=-65.9375)",[0. 0. 0. 0. 0. 0. 0. 0. 0.],"geometry_msgs.msg.Vector3(x=0.03857421875, y=0.9736328125, z=-0.5166015625)",[0. 0. 0. 0. 0. 0. 0. 0. 0.],False
1731182653773699924,"std_msgs.msg.Header(stamp=builtin_interfaces.msg.Time(sec=1731182653, nanosec=773127848), frame_id='RL_myo')","geometry_msgs.msg.Quaternion(x=0.47327393516222194, y=0.7550776182475945, z=-0.4000306127228789, w=-0.21411464593101298)",[0. 0. 0. 0. 0. 0. 0. 0. 0.],"geometry_msgs.msg.Vector3(x=23.9375, y=-27.9375, z=-66.6875)",[0. 0. 0. 0. 0. 0. 0. 0. 0.],"geometry_msgs.msg.Vector3(x=0.01171875, y=0.86572265625, z=-0.52587890625)",[0. 0. 0. 0. 0. 0. 0. 0. 0.],False
1731182653803725975,"std_msgs.msg.Header(stamp=builtin_interfaces.msg.Time(sec=1731182653, nanosec=803199263), frame_id='RL_myo')","geometry_msgs.msg.Quaternion(x=0.4644831393239763, y=0.7608123957520846, z=-0.39630604778325595, w=-0.21991231944602976)",[0. 0. 0. 0. 0. 0. 0. 0. 0.],"geometry_msgs.msg.Vector3(x=31.9375, y=-30.375, z=-60.3125)",[0. 0. 0. 0. 0. 0. 0. 0. 0.],"geometry_msgs.msg.Vector3(x=0.10498046875, y=0.8017578125, z=-0.4892578125)",[0. 0. 0. 0. 0. 0. 0. 0. 0.],False
1731182653817338944,"std_msgs.msg.Header(stamp=builtin_interfaces.msg.Time(sec=1731182653, nanosec=816733596), frame_id='RL_myo')","geometry_msgs.msg.Quaternion(x=0.4560532247230531, y=0.7658666841307374, z=-0.393614460149755, w=-0.22479175945596955)",[0. 0. 0. 0. 0. 0. 0. 0. 0.],"geometry_msgs.msg.Vector3(x=37.375, y=-29.3125, z=-50.875)",[0. 0. 0. 0. 0. 0. 0. 0. 0.],"geometry_msgs.msg.Vector3(x=0.07666015625, y=0.79345703125, z=-0.40966796875)",[0. 0. 0. 0. 0. 0. 0. 0. 0.],False
1731182653833723971,"std_msgs.msg.Header(stamp=builtin_interfaces.msg.Time(sec=1731182653, nanosec=833109757), frame_id='RL_myo')","geometry_msgs.msg.Quaternion(x=0.44813835374605915, y=0.7696846418874702, z=-0.3916785366369466, w=-0.230966430206359)",[0. 0. 0. 0. 0. 0. 0. 0. 0.],"geometry_msgs.msg.Vector3(x=31.0625, y=-34.125, z=-42.25)",[0. 0. 0. 0. 0. 0. 0. 0. 0.],"geometry_msgs.msg.Vector3(x=-0.02392578125, y=0.8125, z=-0.4169921875)",[0. 0. 0. 0. 0. 0. 0. 0. 0.],False
1731182653856109609,"std_msgs.msg.Header(stamp=builtin_interfaces.msg.Time(sec=1731182653, nanosec=855495140), frame_id='RL_myo')","geometry_msgs.msg.Quaternion(x=0.4398280814503303, y=0.7731476974370434, z=-0.3906327673164188, w=-0.23706526066515168)",[0. 0. 0. 0. 0. 0. 0. 0. 0.],"geometry_msgs.msg.Vector3(x=29.1875, y=-37.875, z=-38.3125)",[0. 0. 0. 0. 0. 0. 0. 0. 0.],"geometry_msgs.msg.Vector3(x=-0.03271484375, y=0.7080078125, z=-0.43017578125)",[0. 0. 0. 0. 0. 0. 0. 0. 0.],False
1731182653877360968,"std_msgs.msg.Header(stamp=builtin_interfaces.msg.Time(sec=1731182653, nanosec=876877665), frame_id='RL_myo')","geometry_msgs.msg.Quaternion(x=0.43189422141807315, y=0.7760790030145279, z=-0.3912439173671352, w=-0.24103310915488566)",[0. 0. 0. 0. 0. 0. 0. 0. 0.],"geometry_msgs.msg.Vector3(x=32.875, y=-35.625, z=-28.9375)",[0. 0. 0. 0. 0. 0. 0. 0. 0.],"geometry_msgs.msg.Vector3(x=0.04736328125, y=0.60693359375, z=-0.38818359375)",[0. 0. 0. 0. 0. 0. 0. 0. 0.],False
1731182653894097114,"std_msgs.msg.Header(stamp=builtin_interfaces.msg.Time(sec=1731182653, nanosec=893664137), frame_id='RL_myo')","geometry_msgs.msg.Quaternion(x=0.42419453109814464, y=0.7786868816906661, z=-0.39282244635218116, w=-0.2437134910323585)",[0. 0. 0. 0. 0. 0. 0. 0. 0.],"geometry_msgs.msg.Vector3(x=37.0, y=-30.6875, z=-17.9375)",[0. 0. 0. 0. 0. 0. 0. 0. 0.],"geometry_msgs.msg.Vector3(x=-0.00732421875, y=0.67236328125, z=-0.40380859375)",[0. 0. 0. 0. 0. 0. 0. 0. 0.],False
1731182653915981162,"std_msgs.msg.Header(stamp=builtin_interfaces.msg.Time(sec=1731182653, nanosec=915500100), frame_id='RL_myo')","geometry_msgs.msg.Quaternion(x=0.4154754598651461, y=0.7813892812095785, z=-0.3944789036445482, w=-0.24738093709907996)",[0. 0. 0. 0. 0. 0. 0. 0. 0.],"geometry_msgs.msg.Vector3(x=41.3125, y=-33.75, z=-15.9375)",[0. 0. 0. 0. 0. 0. 0. 0. 0.],"geometry_msgs.msg.Vector3(x=-0.11767578125, y=0.75634765625, z=-0.4482421875)",[0. 0. 0. 0. 0. 0. 0. 0. 0.],False
1731182653937182615,"std_msgs.msg.Header(stamp=builtin_interfaces.msg.Time(sec=1731182653, nanosec=936626395), frame_id='RL_myo')","geometry_msgs.msg.Quaternion(x=0.4068543488727437, y=0.7839239809363217, z=-0.3963564568826279, w=-0.25066768839189296)",[0. 0. 0. 0. 0. 0. 0. 0. 0.],"geometry_msgs.msg.Vector3(x=37.25, y=-34.0625, z=-15.625)",[0. 0. 0. 0. 0. 0. 0. 0. 0.],"geometry_msgs.msg.Vector3(x=-0.0908203125, y=0.70849609375, z=-0.50244140625)",[0. 0. 0. 0. 0. 0. 0. 0. 0.],False
1731182653953831235,"std_msgs.msg.Header(stamp=builtin_interfaces.msg.Time(sec=1731182653, nanosec=953229810), frame_id='RL_myo')","geometry_msgs.msg.Quaternion(x=0.4005165910493774, y=0.7849807798668155, z=-0.40057762679930875, w=-0.25085693221776)",[0. 0. 0. 0. 0. 0. 0. 0. 0.],"geometry_msgs.msg.Vector3(x=34.1875, y=-26.9375, z=2.125)",[0. 0. 0. 0. 0. 0. 0. 0. 0.],"geometry_msgs.msg.Vector3(x=0.0283203125, y=0.64794921875, z=-0.47265625)",[0. 0. 0. 0. 0. 0. 0. 0. 0.],False
1731182653975979523,"std_msgs.msg.Header(stamp=builtin_interfaces.msg.Time(sec=1731182653, nanosec=975541446), frame_id='RL_myo')","geometry_msgs.msg.Quaternion(x=0.39570695528091204, y=0.7855542980819586, z=-0.40571712660068215, w=-0.2484231540942946)",[0. 0. 0. 0. 0. 0. 0. 0. 0.],"geometry_msgs.msg.Vector3(x=35.375, y=-14.5, z=15.3125)",[0. 0. 0. 0. 0. 0. 0. 0. 0.],"geometry_msgs.msg.Vector3(x=0.03125, y=0.650390625, z=-0.4541015625)",[0. 0. 0. 0. 0. 0. 0. 0. 0.],False
1731182653997273230,"std_msgs.msg.Header(stamp=builtin_interfaces.msg.Time(sec=1731182653, nanosec=996736812), frame_id='RL_myo')","geometry_msgs.msg.Quaternion(x=0.38983698315742776, y=0.7869372512680001, z=-0.40985679378458234, w=-0.2465244363508456)",[0. 0. 0. 0. 0. 0. 0. 0. 0.],"geometry_msgs.msg.Vector3(x=39.4375, y=-9.75, z=16.0625)",[0. 0. 0. 0. 0. 0. 0. 0. 0.],"geometry_msgs.msg.Vector3(x=-0.13916015625, y=0.71826171875, z=-0.5126953125)",[0. 0. 0. 0. 0. 0. 0. 0. 0.],False
1731182654013511725,"std_msgs.msg.Header(stamp=builtin_interfaces.msg.Time(sec=1731182654, nanosec=12964700), frame_id='RL_myo')","geometry_msgs.msg.Quaternion(x=0.3841646874929873, y=0.7882273235278738, z=-0.413340207134177, w=-0.24548941421938272)",[0. 0. 0. 0. 0. 0. 0. 0. 0.],"geometry_msgs.msg.Vector3(x=36.0, y=-11.25, z=11.5625)",[0. 0. 0. 0. 0. 0. 0. 0. 0.],"geometry_msgs.msg.Vector3(x=-0.14453125, y=0.74072265625, z=-0.5302734375)",[0. 0. 0. 0. 0. 0. 0. 0. 0.],False
1731182654036732883,"std_msgs.msg.Header(stamp=builtin_interfaces.msg.Time(sec=1731182654, nanosec=36187311), frame_id='RL_myo')","geometry_msgs.msg.Quaternion(x=0.3808598212170748, y=0.7882699665093783, z=-0.4174199226448036, w=-0.24359159398675406)",[0. 0. 0. 0. 0. 0. 0. 0. 0.],"geometry_msgs.msg.Vector3(x=28.0, y=-8.4375, z=16.8125)",[0. 0. 0. 0. 0. 0. 0. 0. 0.],"geometry_msgs.msg.Vector3(x=-0.0458984375, y=0.7421875, z=-0.498046875)",[0. 0. 0. 0. 0. 0. 0. 0. 0.],False
1731182654057323224,"std_msgs.msg.Header(stamp=builtin_interfaces.msg.Time(sec=1731182654, nanosec=56738852), frame_id='RL_myo')","geometry_msgs.msg.Quaternion(x=0.37915233416463795, y=0.7873575516297214, z=-0.4216330206711718, w=-0.24194459958606326)",[0. 0. 0. 0. 0. 0. 0. 0. 0.],"geometry_msgs.msg.Vector3(x=19.625, y=-6.0, z=23.5625)",[0. 0. 0. 0. 0. 0. 0. 0. 0.],"geometry_msgs.msg.Vector3(x=-0.08056640625, y=0.7626953125, z=-0.4970703125)",[0. 0. 0. 0. 0. 0. 0. 0. 0.],False
1731182654073690017,"std_msgs.msg.Header(stamp=builtin_interfaces.msg.Time(sec=1731182654, nanosec=73151273), frame_id='RL_myo')","geometry_msgs.msg.Quaternion(x=0.3785446602792429, y=0.7859593019051613, z=-0.4248098735155644, w=-0.24188527711812954)",[0. 0. 0. 0. 0. 0. 0. 0. 0.],"geometry_msgs.msg.Vector3(x=5.625, y=-7.3125, z=20.5)",[0. 0. 0. 0. 0. 0. 0. 0. 0.],"geometry_msgs.msg.Vector3(x=-0.1181640625, y=0.77783203125, z=-0.5498046875)",[0. 0. 0. 0. 0. 0. 0. 0. 0.],False
1731182654096329819,"std_msgs.msg.Header(stamp=builtin_interfaces.msg.Time(sec=1731182654, nanosec=95714300), frame_id='RL_myo')","geometry_msgs.msg.Quaternion(x=0.37897182617404324, y=0.7843111557958536, z=-0.4271901773863953, w=-0.24237350970158247)",[0. 0. 0. 0. 0. 0. 0. 0. 0.],"geometry_msgs.msg.Vector3(x=-3.8125, y=-7.3125, z=15.75)",[0. 0. 0. 0. 0. 0. 0. 0. 0.],"geometry_msgs.msg.Vector3(x=-0.08251953125, y=0.7548828125, z=-0.5712890625)",[0. 0. 0. 0. 0. 0. 0. 0. 0.],False
1731182654117082631,"std_msgs.msg.Header(stamp=builtin_interfaces.msg.Time(sec=1731182654, nanosec=116556284), frame_id='RL_myo')","geometry_msgs.msg.Quaternion(x=0.38188685355633034, y=0.7817175675802268, z=-0.4287606115124214, w=-0.24340175355324364)",[0. 0. 0. 0. 0. 0. 0. 0. 0.],"geometry_msgs.msg.Vector3(x=-15.625, y=-5.9375, z=13.25)",[0. 0. 0. 0. 0. 0. 0. 0. 0.],"geometry_msgs.msg.Vector3(x=-0.0185546875, y=0.81591796875, z=-0.53564453125)",[0. 0. 0. 0. 0. 0. 0. 0. 0.],False
1731182654139734857,"std_msgs.msg.Header(stamp=builtin_interfaces.msg.Time(sec=1731182654, nanosec=139184207), frame_id='RL_myo')","geometry_msgs.msg.Quaternion(x=0.38513789924075476, y=0.7789429271173554, z=-0.4300604814659838, w=-0.24487690202122156)",[0. 0. 0. 0. 0. 0. 0. 0. 0.],"geometry_msgs.msg.Vector3(x=-19.1875, y=-4.5625, z=15.0)",[0. 0. 0. 0. 0. 0. 0. 0. 0.],"geometry_msgs.msg.Vector3(x=-0.068359375, y=0.83154296875, z=-0.53955078125)",[0. 0. 0. 0. 0. 0. 0. 0. 0.],False
1731182654156756349,"std_msgs.msg.Header(stamp=builtin_interfaces.msg.Time(sec=1731182654, nanosec=156259972), frame_id='RL_myo')","geometry_msgs.msg.Quaternion(x=0.38904301503180005, y=0.7755835569515348, z=-0.4312188423595336, w=-0.2473175865875202)",[0. 0. 0. 0. 0. 0. 0. 0. 0.],"geometry_msgs.msg.Vector3(x=-25.0, y=-6.125, z=16.5625)",[0. 0. 0. 0. 0. 0. 0. 0. 0.],"geometry_msgs.msg.Vector3(x=-0.10009765625, y=0.865234375, z=-0.5341796875)",[0. 0. 0. 0. 0. 0. 0. 0. 0.],False
1731182654177292340,"std_msgs.msg.Header(stamp=builtin_interfaces.msg.Time(sec=1731182654, nanosec=176688435), frame_id='RL_myo')","geometry_msgs.msg.Quaternion(x=0.3934351190771298, y=0.7721606719585431, z=-0.4324978674806922, w=-0.24884191443956843)",[0. 0. 0. 0. 0. 0. 0. 0. 0.],"geometry_msgs.msg.Vector3(x=-27.0, y=-4.5, z=15.5625)",[0. 0. 0. 0. 0. 0. 0. 0. 0.],"geometry_msgs.msg.Vector3(x=-0.02392578125, y=0.8271484375, z=-0.53173828125)",[0. 0. 0. 0. 0. 0. 0. 0. 0.],False
1731182654193566461,"std_msgs.msg.Header(stamp=builtin_interfaces.msg.Time(sec=1731182654, nanosec=193079968), frame_id='RL_myo')","geometry_msgs.msg.Quaternion(x=0.3979008174035943, y=0.7687011649610165, z=-0.4347061852352199, w=-0.24860408487265526)",[0. 0. 0. 0. 0. 0. 0. 0. 0.],"geometry_msgs.msg.Vector3(x=-20.75, y=0.8125, z=22.6875)",[0. 0. 0. 0. 0. 0. 0. 0. 0.],"geometry_msgs.msg.Vector3(x=0.005859375, y=0.8046875, z=-0.4931640625)",[0. 0. 0. 0. 0. 0. 0. 0. 0.],False
1731182654215983311,"std_msgs.msg.Header(stamp=builtin_interfaces.msg.Time(sec=1731182654, nanosec=215567589), frame_id='RL_myo')","geometry_msgs.msg.Quaternion(x=0.4012524020721507, y=0.7658830455128303, z=-0.4373248343241496, w=-0.24731894329120085)",[0. 0. 0. 0. 0. 0. 0. 0. 0.],"geometry_msgs.msg.Vector3(x=-10.75, y=4.25, z=26.5)",[0. 0. 0. 0. 0. 0. 0. 0. 0.],"geometry_msgs.msg.Vector3(x=-0.03271484375, y=0.8671875, z=-0.51904296875)",[0. 0. 0. 0. 0. 0. 0. 0. 0.],False
1731182654237220936,"std_msgs.msg.Header(stamp=builtin_interfaces.msg.Time(sec=1731182654, nanosec=236633311), frame_id='RL_myo')","geometry_msgs.msg.Quaternion(x=0.4033205566540744, y=0.7639775132625679, z=-0.439270285447847, w=-0.24639907494135868)",[0. 0. 0. 0. 0. 0. 0. 0. 0.],"geometry_msgs.msg.Vector3(x=-5.8125, y=4.375, z=21.5)",[0. 0. 0. 0. 0. 0. 0. 0. 0.],"geometry_msgs.msg.Vector3(x=-0.080078125, y=0.931640625, z=-0.57568359375)",[0. 0. 0. 0. 0. 0. 0. 0. 0.],False
1731182654252775540,"std_msgs.msg.Header(stamp=builtin_interfaces.msg.Time(sec=1731182654, nanosec=252292016), frame_id='RL_myo')","geometry_msgs.msg.Quaternion(x=0.40637552194343846, y=0.7618472912132771, z=-0.44079964245652037, w=-0.24524134081837426)",[0. 0. 0. 0. 0. 0. 0. 0. 0.],"geometry_msgs.msg.Vector3(x=-10.6875, y=5.25, z=17.8125)",[0. 0. 0. 0. 0. 0. 0. 0. 0.],"geometry_msgs.msg.Vector3(x=0.00390625, y=0.9375, z=-0.56982421875)",[0. 0. 0. 0. 0. 0. 0. 0. 0.],False
1731182654276289882,"std_msgs.msg.Header(stamp=builtin_interfaces.msg.Time(sec=1731182654, nanosec=275756419), frame_id='RL_myo')","geometry_msgs.msg.Quaternion(x=0.4096040740782191, y=0.7598213557144613, z=-0.44195248106100204, w=-0.2440778858946205)",[0. 0. 0. 0. 0. 0. 0. 0. 0.],"geometry_msgs.msg.Vector3(x=-10.1875, y=7.875, z=17.75)",[0. 0. 0. 0. 0. 0. 0. 0. 0.],"geometry_msgs.msg.Vector3(x=-0.0166015625, y=0.935546875, z=-0.541015625)",[0. 0. 0. 0. 0. 0. 0. 0. 0.],False
1731182654299272264,"std_msgs.msg.Header(stamp=builtin_interfaces.msg.Time(sec=1731182654, nanosec=298777027), frame_id='RL_myo')","geometry_msgs.msg.Quaternion(x=0.41162250372596243, y=0.7584254494808436, z=-0.44317778759700666, w=-0.2427986832476095)",[0. 0. 0. 0. 0. 0. 0. 0. 0.],"geometry_msgs.msg.Vector3(x=-7.1875, y=7.875, z=17.5)",[0. 0. 0. 0. 0. 0. 0. 0. 0.],"geometry_msgs.msg.Vector3(x=-0.052734375, y=0.900390625, z=-0.58837890625)",[0. 0. 0. 0. 0. 0. 0. 0. 0.],False
1731182654319751305,"std_msgs.msg.Header(stamp=builtin_interfaces.msg.Time(sec=1731182654, nanosec=319212591), frame_id='RL_myo')","geometry_msgs.msg.Quaternion(x=0.41389250988315623, y=0.756676809470799, z=-0.4451435001589527, w=-0.24079132155862723)",[0. 0. 0. 0. 0. 0. 0. 0. 0.],"geometry_msgs.msg.Vector3(x=-4.625, y=7.125, z=20.5)",[0. 0. 0. 0. 0. 0. 0. 0. 0.],"geometry_msgs.msg.Vector3(x=0.00927734375, y=0.89501953125, z=-0.5478515625)",[0. 0. 0. 0. 0. 0. 0. 0. 0.],False
1731182654335943019,"std_msgs.msg.Header(stamp=builtin_interfaces.msg.Time(sec=1731182654, nanosec=335501837), frame_id='RL_myo')","geometry_msgs.msg.Quaternion(x=0.4161504543227822, y=0.7551501057321005, z=-0.4460585978572737, w=-0.2399975926073892)",[0. 0. 0. 0. 0. 0. 0. 0. 0.],"geometry_msgs.msg.Vector3(x=-3.9375, y=6.1875, z=15.125)",[0. 0. 0. 0. 0. 0. 0. 0. 0.],"geometry_msgs.msg.Vector3(x=-0.02685546875, y=0.9814453125, z=-0.52197265625)",[0. 0. 0. 0. 0. 0. 0. 0. 0.],False
1731182654358611095,"std_msgs.msg.Header(stamp=builtin_interfaces.msg.Time(sec=1731182654, nanosec=358127008), frame_id='RL_myo')","geometry_msgs.msg.Quaternion(x=0.41804214585410726, y=0.7540506161310616, z=-0.44532566741883, w=-0.24152325465684077)",[0. 0. 0. 0. 0. 0. 0. 0. 0.],"geometry_msgs.msg.Vector3(x=-11.125, y=1.625, z=3.3125)",[0. 0. 0. 0. 0. 0. 0. 0. 0.],"geometry_msgs.msg.Vector3(x=-0.07275390625, y=1.0234375, z=-0.56689453125)",[0. 0. 0. 0. 0. 0. 0. 0. 0.],False
1731182654372951092,"std_msgs.msg.Header(stamp=builtin_interfaces.msg.Time(sec=1731182654, nanosec=372459457), frame_id='RL_myo')","geometry_msgs.msg.Quaternion(x=0.4201175543477448, y=0.7527691119818011, z=-0.44514271739911415, w=-0.2422557857338659)",[0. 0. 0. 0. 0. 0. 0. 0. 0.],"geometry_msgs.msg.Vector3(x=-13.5, y=1.625, z=4.9375)",[0. 0. 0. 0. 0. 0. 0. 0. 0.],"geometry_msgs.msg.Vector3(x=-0.01123046875, y=0.92431640625, z=-0.5693359375)",[0. 0. 0. 0. 0. 0. 0. 0. 0.],False
1731182654395999077,"std_msgs.msg.Header(stamp=builtin_interfaces.msg.Time(sec=1731182654, nanosec=395633035), frame_id='RL_myo')","geometry_msgs.msg.Quaternion(x=0.4229753117303889, y=0.7507354017725517, z=-0.44696222334799973, w=-0.24023532856721655)",[0. 0. 0. 0. 0. 0. 0. 0. 0.],"geometry_msgs.msg.Vector3(x=-10.0, y=5.4375, z=16.6875)",[0. 0. 0. 0. 0. 0. 0. 0. 0.],"geometry_msgs.msg.Vector3(x=0.10205078125, y=0.84375, z=-0.52685546875)",[0. 0. 0. 0. 0. 0. 0. 0. 0.],False
1731182654418581434,"std_msgs.msg.Header(stamp=builtin_interfaces.msg.Time(sec=1731182654, nanosec=418100839), frame_id='RL_myo')","geometry_msgs.msg.Quaternion(x=0.42389471083754293, y=0.7502539648113863, z=-0.44794287729830495, w=-0.23828437021018972)",[0. 0. 0. 0. 0. 0. 0. 0. 0.],"geometry_msgs.msg.Vector3(x=1.5625, y=8.625, z=13.4375)",[0. 0. 0. 0. 0. 0. 0. 0. 0.],"geometry_msgs.msg.Vector3(x=-0.00732421875, y=0.92578125, z=-0.57080078125)",[0. 0. 0. 0. 0. 0. 0. 0. 0.],False
1731182654433629326,"std_msgs.msg.Header(stamp=builtin_interfaces.msg.Time(sec=1731182654, nanosec=433038996), frame_id='RL_myo')","geometry_msgs.msg.Quaternion(x=0.42321582082068576, y=0.7509120628146664, z=-0.4468973521847507, w=-0.23937877837593446)",[0. 0. 0. 0. 0. 0. 0. 0. 0.],"geometry_msgs.msg.Vector3(x=2.0, y=2.0, z=-2.125)",[0. 0. 0. 0. 0. 0. 0. 0. 0.],"geometry_msgs.msg.Vector3(x=-0.1025390625, y=0.99609375, z=-0.58642578125)",[0. 0. 0. 0. 0. 0. 0. 0. 0.],False
1731182654456145322,"std_msgs.msg.Header(stamp=builtin_interfaces.msg.Time(sec=1731182654, nanosec=455614804), frame_id='RL_myo')","geometry_msgs.msg.Quaternion(x=0.4240214932746475, y=0.7509337025706043, z=-0.44556742491793966, w=-0.2403622629214858)",[0. 0. 0. 0. 0. 0. 0. 0. 0.],"geometry_msgs.msg.Vector3(x=-6.5, y=0.1875, z=-8.375)",[0. 0. 0. 0. 0. 0. 0. 0. 0.],"geometry_msgs.msg.Vector3(x=0.0380859375, y=0.96826171875, z=-0.58056640625)",[0. 0. 0. 0. 0. 0. 0. 0. 0.],False
1731182654478544611,"std_msgs.msg.Header(stamp=builtin_interfaces.msg.Time(sec=1731182654, nanosec=477997621), frame_id='RL_myo')","geometry_msgs.msg.Quaternion(x=0.42602168169492394, y=0.7500545052075817, z=-0.445735865532669, w=-0.2392557295478656)",[0. 0. 0. 0. 0. 0. 0. 0. 0.],"geometry_msgs.msg.Vector3(x=-8.0, y=5.125, z=3.6875)",[0. 0. 0. 0. 0. 0. 0. 0. 0.],"geometry_msgs.msg.Vector3(x=0.0986328125, y=0.8818359375, z=-0.54296875)",[0. 0. 0. 0. 0. 0. 0. 0. 0.],False
1731182654492955937,"std_msgs.msg.Header(stamp=builtin_interfaces.msg.Time(sec=1731182654, nanosec=492412121), frame_id='RL_myo')","geometry_msgs.msg.Quaternion(x=0.42842072519904145, y=0.7489275250309501, z=-0.446304650613391, w=-0.23743505072293364)",[0. 0. 0. 0. 0. 0. 0. 0. 0.],"geometry_msgs.msg.Vector3(x=-6.6875, y=9.625, z=10.8125)",[0. 0. 0. 0. 0. 0. 0. 0. 0.],"geometry_msgs.msg.Vector3(x=0.064453125, y=0.8564453125, z=-0.50537109375)",[0. 0. 0. 0. 0. 0. 0. 0. 0.],False
1731182654516175547,"std_msgs.msg.Header(stamp=builtin_interfaces.msg.Time(sec=1731182654, nanosec=515750993), frame_id='RL_myo')","geometry_msgs.msg.Quaternion(x=0.42872775646372596, y=0.7493580105502795, z=-0.4455130829198086, w=-0.23700880955988723)",[0. 0. 0. 0. 0. 0. 0. 0. 0.],"geometry_msgs.msg.Vector3(x=1.375, y=7.9375, z=1.375)",[0. 0. 0. 0. 0. 0. 0. 0. 0.],"geometry_msgs.msg.Vector3(x=-0.04296875, y=0.900390625, z=-0.52197265625)",[0. 0. 0. 0. 0. 0. 0. 0. 0.],False
1731182654538717788,"std_msgs.msg.Header(stamp=builtin_interfaces.msg.Time(sec=1731182654, nanosec=538170576), frame_id='RL_myo')","geometry_msgs.msg.Quaternion(x=0.4282888337343858, y=0.7504972922328642, z=-0.44336469833925873, w=-0.2382230751126276)",[0. 0. 0. 0. 0. 0. 0. 0. 0.],"geometry_msgs.msg.Vector3(x=0.6875, y=2.4375, z=-12.125)",[0. 0. 0. 0. 0. 0. 0. 0. 0.],"geometry_msgs.msg.Vector3(x=-0.03857421875, y=0.970703125, z=-0.55712890625)",[0. 0. 0. 0. 0. 0. 0. 0. 0.],False
1731182654553008361,"std_msgs.msg.Header(stamp=builtin_interfaces.msg.Time(sec=1731182654, nanosec=552464707), frame_id='RL_myo')","geometry_msgs.msg.Quaternion(x=0.42939039429611037, y=0.7506244589983746, z=-0.44214698170305944, w=-0.23810261949525607)",[0. 0. 0. 0. 0. 0. 0. 0. 0.],"geometry_msgs.msg.Vector3(x=-4.75, y=5.3125, z=-5.75)",[0. 0. 0. 0. 0. 0. 0. 0. 0.],"geometry_msgs.msg.Vector3(x=0.05859375, y=0.900390625, z=-0.52734375)",[0. 0. 0. 0. 0. 0. 0. 0. 0.],False
1731182654576923455,"std_msgs.msg.Header(stamp=builtin_interfaces.msg.Time(sec=1731182654, nanosec=576338560), frame_id='RL_myo')","geometry_msgs.msg.Quaternion(x=0.43194483852861176, y=0.7496931541114792, z=-0.44280907213862913, w=-0.23516793314267925)",[0. 0. 0. 0. 0. 0. 0. 0. 0.],"geometry_msgs.msg.Vector3(x=-3.8125, y=13.0625, z=10.875)",[0. 0. 0. 0. 0. 0. 0. 0. 0.],"geometry_msgs.msg.Vector3(x=0.11083984375, y=0.81640625, z=-0.47314453125)",[0. 0. 0. 0. 0. 0. 0. 0. 0.],False
1731182654598222403,"std_msgs.msg.Header(stamp=builtin_interfaces.msg.Time(sec=1731182654, nanosec=597741906), frame_id='RL_myo')","geometry_msgs.msg.Quaternion(x=0.43250289693109784, y=0.7500745272913154, z=-0.44367253144117275, w=-0.23126636698728897)",[0. 0. 0. 0. 0. 0. 0. 0. 0.],"geometry_msgs.msg.Vector3(x=7.875, y=17.5, z=14.8125)",[0. 0. 0. 0. 0. 0. 0. 0. 0.],"geometry_msgs.msg.Vector3(x=0.0078125, y=0.7841796875, z=-0.5)",[0. 0. 0. 0. 0. 0. 0. 0. 0.],False
1731182654619843043,"std_msgs.msg.Header(stamp=builtin_interfaces.msg.Time(sec=1731182654, nanosec=619192637), frame_id='RL_myo')","geometry_msgs.msg.Quaternion(x=0.4306134071857966, y=0.751727104592526, z=-0.4440414652412006, w=-0.22870424333454004)",[0. 0. 0. 0. 0. 0. 0. 0. 0.],"geometry_msgs.msg.Vector3(x=15.0, y=12.0, z=7.9375)",[0. 0. 0. 0. 0. 0. 0. 0. 0.],"geometry_msgs.msg.Vector3(x=-0.07763671875, y=0.796875, z=-0.56982421875)",[0. 0. 0. 0. 0. 0. 0. 0. 0.],False
1731182654636252305,"std_msgs.msg.Header(stamp=builtin_interfaces.msg.Time(sec=1731182654, nanosec=635664993), frame_id='RL_myo')","geometry_msgs.msg.Quaternion(x=0.4287757471261547, y=0.7529973512164229, z=-0.44495020591454343, w=-0.22619828026327818)",[0. 0. 0. 0. 0. 0. 0. 0. 0.],"geometry_msgs.msg.Vector3(x=15.5625, y=5.9375, z=4.625)",[0. 0. 0. 0. 0. 0. 0. 0. 0.],"geometry_msgs.msg.Vector3(x=0.03564453125, y=0.857421875, z=-0.58447265625)",[0. 0. 0. 0. 0. 0. 0. 0. 0.],False
1731182654658450592,"std_msgs.msg.Header(stamp=builtin_interfaces.msg.Time(sec=1731182654, nanosec=657978080), frame_id='RL_myo')","geometry_msgs.msg.Quaternion(x=0.4326190271812287, y=0.7520783934716564, z=-0.44287297703541134, w=-0.22601414470260864)",[0. 0. 0. 0. 0. 0. 0. 0. 0.],"geometry_msgs.msg.Vector3(x=5.5, y=8.4375, z=-8.1875)",[0. 0. 0. 0. 0. 0. 0. 0. 0.],"geometry_msgs.msg.Vector3(x=0.1953125, y=1.5078125, z=-0.4873046875)",[0. 0. 0. 0. 0. 0. 0. 0. 0.],False
1731182654687276016,"std_msgs.msg.Header(stamp=builtin_interfaces.msg.Time(sec=1731182654, nanosec=686775697), frame_id='RL_myo')","geometry_msgs.msg.Quaternion(x=0.4313335410973165, y=0.755428787061198, z=-0.437803239039345, w=-0.2271718466059448)",[0. 0. 0. 0. 0. 0. 0. 0. 0.],"geometry_msgs.msg.Vector3(x=-5.9375, y=9.875, z=-33.8125)",[0. 0. 0. 0. 0. 0. 0. 0. 0.],"geometry_msgs.msg.Vector3(x=0.01123046875, y=0.85009765625, z=-0.69677734375)",[0. 0. 0. 0. 0. 0. 0. 0. 0.],False
1731182654701831411,"std_msgs.msg.Header(stamp=builtin_interfaces.msg.Time(sec=1731182654, nanosec=701289919), frame_id='RL_myo')","geometry_msgs.msg.Quaternion(x=0.4332339439601288, y=0.7534901434471386, z=-0.438788225292951, w=-0.22809175099732337)",[0. 0. 0. 0. 0. 0. 0. 0. 0.],"geometry_msgs.msg.Vector3(x=-14.125, y=-0.3125, z=15.375)",[0. 0. 0. 0. 0. 0. 0. 0. 0.],"geometry_msgs.msg.Vector3(x=-0.06005859375, y=0.9267578125, z=-0.5625)",[0. 0. 0. 0. 0. 0. 0. 0. 0.],False
1731182654719357769,"std_msgs.msg.Header(stamp=builtin_interfaces.msg.Time(sec=1731182654, nanosec=718830938), frame_id='RL_myo')","geometry_msgs.msg.Quaternion(x=0.43323607199516023, y=0.7532496991395142, z=-0.43891245332730305, w=-0.22864219860437732)",[0. 0. 0. 0. 0. 0. 0. 0. 0.],"geometry_msgs.msg.Vector3(x=-2.8125, y=-4.75, z=-3.0625)",[0. 0. 0. 0. 0. 0. 0. 0. 0.],"geometry_msgs.msg.Vector3(x=0.08251953125, y=0.9091796875, z=-0.5732421875)",[0. 0. 0. 0. 0. 0. 0. 0. 0.],False
1731182654739633485,"std_msgs.msg.Header(stamp=builtin_interfaces.msg.Time(sec=1731182654, nanosec=739101084), frame_id='RL_myo')","geometry_msgs.msg.Quaternion(x=0.43262348344898127, y=0.7544665461220171, z=-0.4372011867868303, w=-0.22906827502596314)",[0. 0. 0. 0. 0. 0. 0. 0. 0.],"geometry_msgs.msg.Vector3(x=6.625, y=0.0625, z=-15.8125)",[0. 0. 0. 0. 0. 0. 0. 0. 0.],"geometry_msgs.msg.Vector3(x=0.095703125, y=0.91162109375, z=-0.48291015625)",[0. 0. 0. 0. 0. 0. 0. 0. 0.],False
1731182654755812349,"std_msgs.msg.Header(stamp=builtin_interfaces.msg.Time(sec=1731182654, nanosec=755379137), frame_id='RL_myo')","geometry_msgs.msg.Quaternion(x=0.43024389996591555, y=0.7568483982944181, z=-0.4361644075977348, w=-0.22766488109985317)",[0. 0. 0. 0. 0. 0. 0. 0. 0.],"geometry_msgs.msg.Vector3(x=21.5625, y=6.0625, z=-9.1875)",[0. 0. 0. 0. 0. 0. 0. 0. 0.],"geometry_msgs.msg.Vector3(x=0.01953125, y=0.93896484375, z=-0.52734375)",[0. 0. 0. 0. 0. 0. 0. 0. 0.],False
1731182654778695271,"std_msgs.msg.Header(stamp=builtin_interfaces.msg.Time(sec=1731182654, nanosec=778157840), frame_id='RL_myo')","geometry_msgs.msg.Quaternion(x=0.42778679667279756, y=0.7593230899423989, z=-0.43517190188001803, w=-0.22594759898454794)",[0. 0. 0. 0. 0. 0. 0. 0. 0.],"geometry_msgs.msg.Vector3(x=24.75, y=8.0, z=-7.875)",[0. 0. 0. 0. 0. 0. 0. 0. 0.],"geometry_msgs.msg.Vector3(x=0.0009765625, y=0.91845703125, z=-0.49609375)",[0. 0. 0. 0. 0. 0. 0. 0. 0.],False
1731182654799625483,"std_msgs.msg.Header(stamp=builtin_interfaces.msg.Time(sec=1731182654, nanosec=799143356), frame_id='RL_myo')","geometry_msgs.msg.Quaternion(x=0.42670064879262676, y=0.7609932326057031, z=-0.43445218396594437, w=-0.22375691295576736)",[0. 0. 0. 0. 0. 0. 0. 0. 0.],"geometry_msgs.msg.Vector3(x=16.25, y=10.5, z=-3.375)",[0. 0. 0. 0. 0. 0. 0. 0. 0.],"geometry_msgs.msg.Vector3(x=0.03466796875, y=0.86279296875, z=-0.49560546875)",[0. 0. 0. 0. 0. 0. 0. 0. 0.],False
1731182654815971371,"std_msgs.msg.Header(stamp=builtin_interfaces.msg.Time(sec=1731182654, nanosec=815543954), frame_id='RL_myo')","geometry_msgs.msg.Quaternion(x=0.4262062708790253, y=0.7618978776146174, z=-0.4343239042782678, w=-0.2218616346334322)",[0. 0. 0. 0. 0. 0. 0. 0. 0.],"geometry_msgs.msg.Vector3(x=7.375, y=9.4375, z=2.4375)",[0. 0. 0. 0. 0. 0. 0. 0. 0.],"geometry_msgs.msg.Vector3(x=0.00537109375, y=0.8583984375, z=-0.576171875)",[0. 0. 0. 0. 0. 0. 0. 0. 0.],False
1731182654838503677,"std_msgs.msg.Header(stamp=builtin_interfaces.msg.Time(sec=1731182654, nanosec=837941932), frame_id='RL_myo')","geometry_msgs.msg.Quaternion(x=0.42328938167821933, y=0.763813024127071, z=-0.4342759842307903, w=-0.22095278466837118)",[0. 0. 0. 0. 0. 0. 0. 0. 0.],"geometry_msgs.msg.Vector3(x=13.75, y=1.3125, z=-3.4375)",[0. 0. 0. 0. 0. 0. 0. 0. 0.],"geometry_msgs.msg.Vector3(x=-0.01806640625, y=0.8427734375, z=-0.6484375)",[0. 0. 0. 0. 0. 0. 0. 0. 0.],False
1731182654859924018,"std_msgs.msg.Header(stamp=builtin_interfaces.msg.Time(sec=1731182654, nanosec=859482454), frame_id='RL_myo')","geometry_msgs.msg.Quaternion(x=0.42066434757047744, y=0.7651550001659178, z=-0.43415343938897355, w=-0.2215629108648916)",[0. 0. 0. 0. 0. 0. 0. 0. 0.],"geometry_msgs.msg.Vector3(x=7.6875, y=-7.0625, z=-8.6875)",[0. 0. 0. 0. 0. 0. 0. 0. 0.],"geometry_msgs.msg.Vector3(x=0.025390625, y=0.849609375, z=-0.6416015625)",[0. 0. 0. 0. 0. 0. 0. 0. 0.],False
1731182654883480264,"std_msgs.msg.Header(stamp=builtin_interfaces.msg.Time(sec=1731182654, nanosec=882945493), frame_id='RL_myo')","geometry_msgs.msg.Quaternion(x=0.42329249777492894, y=0.7636965727699944, z=-0.43275325295230654, w=-0.22431145339911518)",[0. 0. 0. 0. 0. 0. 0. 0. 0.],"geometry_msgs.msg.Vector3(x=-25.125, y=-7.375, z=-11.0)",[0. 0. 0. 0. 0. 0. 0. 0. 0.],"geometry_msgs.msg.Vector3(x=0.1123046875, y=0.873046875, z=-0.59228515625)",[0. 0. 0. 0. 0. 0. 0. 0. 0.],False
1731182654898683080,"std_msgs.msg.Header(stamp=builtin_interfaces.msg.Time(sec=1731182654, nanosec=898131333), frame_id='RL_myo')","geometry_msgs.msg.Quaternion(x=0.4305523849943618, y=0.7595398183824551, z=-0.43079653151264613, w=-0.22833803122539093)",[0. 0. 0. 0. 0. 0. 0. 0. 0.],"geometry_msgs.msg.Vector3(x=-59.6875, y=-5.5625, z=-7.5)",[0. 0. 0. 0. 0. 0. 0. 0. 0.],"geometry_msgs.msg.Vector3(x=0.1708984375, y=0.80859375, z=-0.58837890625)",[0. 0. 0. 0. 0. 0. 0. 0. 0.],False
1731182654919634362,"std_msgs.msg.Header(stamp=builtin_interfaces.msg.Time(sec=1731182654, nanosec=919121825), frame_id='RL_myo')","geometry_msgs.msg.Quaternion(x=0.4420330318307248, y=0.7527135250671773, z=-0.4279944240813369, w=-0.2342005997147875)",[0. 0. 0. 0. 0. 0. 0. 0. 0.],"geometry_msgs.msg.Vector3(x=-96.375, y=-6.875, z=-8.3125)",[0. 0. 0. 0. 0. 0. 0. 0. 0.],"geometry_msgs.msg.Vector3(x=0.24169921875, y=0.7080078125, z=-0.59326171875)",[0. 0. 0. 0. 0. 0. 0. 0. 0.],False
1731182654943663474,"std_msgs.msg.Header(stamp=builtin_interfaces.msg.Time(sec=1731182654, nanosec=943170997), frame_id='RL_myo')","geometry_msgs.msg.Quaternion(x=0.45683921071146494, y=0.7441871070414018, z=-0.4201577991366366, w=-0.24688237906852048)",[0. 0. 0. 0. 0. 0. 0. 0. 0.],"geometry_msgs.msg.Vector3(x=-130.9375, y=-12.375, z=-29.625)",[0. 0. 0. 0. 0. 0. 0. 0. 0.],"geometry_msgs.msg.Vector3(x=0.31396484375, y=0.70849609375, z=-0.61767578125)",[0. 0. 0. 0. 0. 0. 0. 0. 0.],False
1731182654958466730,"std_msgs.msg.Header(stamp=builtin_interfaces.msg.Time(sec=1731182654, nanosec=957992538), frame_id='RL_myo')","geometry_msgs.msg.Quaternion(x=0.47412588209568335, y=0.7341993094398784, z=-0.406498245978019, w=-0.26629907615647097)",[0. 0. 0. 0. 0. 0. 0. 0. 0.],"geometry_msgs.msg.Vector3(x=-169.625, y=-22.3125, z=-66.5625)",[0. 0. 0. 0. 0. 0. 0. 0. 0.],"geometry_msgs.msg.Vector3(x=0.3603515625, y=0.85107421875, z=-0.61328125)",[0. 0. 0. 0. 0. 0. 0. 0. 0.],False
1731182654979455748,"std_msgs.msg.Header(stamp=builtin_interfaces.msg.Time(sec=1731182654, nanosec=979012802), frame_id='RL_myo')","geometry_msgs.msg.Quaternion(x=0.493674433441023, y=0.7229937764724181, z=-0.3862477515844206, w=-0.29047930622475626)",[0. 0. 0. 0. 0. 0. 0. 0. 0.],"geometry_msgs.msg.Vector3(x=-203.0625, y=-21.5625, z=-102.8125)",[0. 0. 0. 0. 0. 0. 0. 0. 0.],"geometry_msgs.msg.Vector3(x=0.4658203125, y=0.88134765625, z=-0.49951171875)",[0. 0. 0. 0. 0. 0. 0. 0. 0.],False
1731182654996762729,"std_msgs.msg.Header(stamp=builtin_interfaces.msg.Time(sec=1731182654, nanosec=996214657), frame_id='RL_myo')","geometry_msgs.msg.Quaternion(x=0.5193634865939442, y=0.7077845799204815, z=-0.35877524670339683, w=-0.31714804046799083)",[0. 0. 0. 0. 0. 0. 0. 0. 0.],"geometry_msgs.msg.Vector3(x=-256.25, y=-5.0, z=-124.375)",[0. 0. 0. 0. 0. 0. 0. 0. 0.],"geometry_msgs.msg.Vector3(x=0.60595703125, y=0.822265625, z=-0.32421875)",[0. 0. 0. 0. 0. 0. 0. 0. 0.],False
1731182655018558730,"std_msgs.msg.Header(stamp=builtin_interfaces.msg.Time(sec=1731182655, nanosec=18077503), frame_id='RL_myo')","geometry_msgs.msg.Quaternion(x=0.5488951769952127, y=0.689216539378399, z=-0.324527483162854, w=-0.3440589472614271)",[0. 0. 0. 0. 0. 0. 0. 0. 0.],"geometry_msgs.msg.Vector3(x=-294.1875, y=16.875, z=-140.125)",[0. 0. 0. 0. 0. 0. 0. 0. 0.],"geometry_msgs.msg.Vector3(x=0.6884765625, y=0.67138671875, z=-0.16796875)",[0. 0. 0. 0. 0. 0. 0. 0. 0.],False
1731182655039882920,"std_msgs.msg.Header(stamp=builtin_interfaces.msg.Time(sec=1731182655, nanosec=39226361), frame_id='RL_myo')","geometry_msgs.msg.Quaternion(x=0.5781992283116203, y=0.6695099055579187, z=-0.2844303181602608, w=-0.36951526741249335)",[0. 0. 0. 0. 0. 0. 0. 0. 0.],"geometry_msgs.msg.Vector3(x=-304.0625, y=40.0625, z=-155.6875)",[0. 0. 0. 0. 0. 0. 0. 0. 0.],"geometry_msgs.msg.Vector3(x=0.5986328125, y=0.44091796875, z=0.01513671875)",[0. 0. 0. 0. 0. 0. 0. 0. 0.],False
1731182655056191473,"std_msgs.msg.Header(stamp=builtin_interfaces.msg.Time(sec=1731182655, nanosec=55630689), frame_id='RL_myo')","geometry_msgs.msg.Quaternion(x=0.6052837651102432, y=0.6492289411593887, z=-0.2409660486694807, w=-0.39251587107229746)",[0. 0. 0. 0. 0. 0. 0. 0. 0.],"geometry_msgs.msg.Vector3(x=-299.75, y=57.0625, z=-161.3125)",[0. 0. 0. 0. 0. 0. 0. 0. 0.],"geometry_msgs.msg.Vector3(x=0.41845703125, y=0.33154296875, z=0.10107421875)",[0. 0. 0. 0. 0. 0. 0. 0. 0.],False
1731182655078527795,"std_msgs.msg.Header(stamp=builtin_interfaces.msg.Time(sec=1731182655, nanosec=78063388), frame_id='RL_myo')","geometry_msgs.msg.Quaternion(x=0.6255678726660621, y=0.6320377911461676, z=-0.1984922160122972, w=-0.41206056282257636)",[0. 0. 0. 0. 0. 0. 0. 0. 0.],"geometry_msgs.msg.Vector3(x=-255.25, y=65.125, z=-161.4375)",[0. 0. 0. 0. 0. 0. 0. 0. 0.],"geometry_msgs.msg.Vector3(x=0.212890625, y=0.2568359375, z=0.18603515625)",[0. 0. 0. 0. 0. 0. 0. 0. 0.],False
1731182655099767998,"std_msgs.msg.Header(stamp=builtin_interfaces.msg.Time(sec=1731182655, nanosec=99133200), frame_id='RL_myo')","geometry_msgs.msg.Quaternion(x=0.6362978210378836, y=0.6198792010034289, z=-0.1615006268073132, w=-0.4298748732441069)",[0. 0. 0. 0. 0. 0. 0. 0. 0.],"geometry_msgs.msg.Vector3(x=-186.875, y=53.1875, z=-160.4375)",[0. 0. 0. 0. 0. 0. 0. 0. 0.],"geometry_msgs.msg.Vector3(x=0.02734375, y=0.20947265625, z=0.26171875)",[0. 0. 0. 0. 0. 0. 0. 0. 0.],False
1731182655115843508,"std_msgs.msg.Header(stamp=builtin_interfaces.msg.Time(sec=1731182655, nanosec=115380013), frame_id='RL_myo')","geometry_msgs.msg.Quaternion(x=0.6418430801465353, y=0.6099218238783118, z=-0.1296381420912173, w=-0.4463482735937251)",[0. 0. 0. 0. 0. 0. 0. 0. 0.],"geometry_msgs.msg.Vector3(x=-145.625, y=39.9375, z=-151.0)",[0. 0. 0. 0. 0. 0. 0. 0. 0.],"geometry_msgs.msg.Vector3(x=-0.091796875, y=0.29736328125, z=0.34716796875)",[0. 0. 0. 0. 0. 0. 0. 0. 0.],False
1731182655139315896,"std_msgs.msg.Header(stamp=builtin_interfaces.msg.Time(sec=1731182655, nanosec=138746723), frame_id='RL_myo')","geometry_msgs.msg.Quaternion(x=0.6433901312500349, y=0.6048758372723504, z=-0.10675356603323319, w=-0.4569223529587099)",[0. 0. 0. 0. 0. 0. 0. 0. 0.],"geometry_msgs.msg.Vector3(x=-86.25, y=37.125, z=-110.8125)",[0. 0. 0. 0. 0. 0. 0. 0. 0.],"geometry_msgs.msg.Vector3(x=-0.23876953125, y=0.45263671875, z=0.39892578125)",[0. 0. 0. 0. 0. 0. 0. 0. 0.],False
1731182655160989638,"std_msgs.msg.Header(stamp=builtin_interfaces.msg.Time(sec=1731182655, nanosec=160470086), frame_id='RL_myo')","geometry_msgs.msg.Quaternion(x=0.6399887803713786, y=0.6067838307746185, z=-0.09491488349809192, w=-0.4617563303299456)",[0. 0. 0. 0. 0. 0. 0. 0. 0.],"geometry_msgs.msg.Vector3(x=2.5, y=35.0, z=-57.5)",[0. 0. 0. 0. 0. 0. 0. 0. 0.],"geometry_msgs.msg.Vector3(x=-0.4677734375, y=0.5400390625, z=0.439453125)",[0. 0. 0. 0. 0. 0. 0. 0. 0.],False
1731182655175616431,"std_msgs.msg.Header(stamp=builtin_interfaces.msg.Time(sec=1731182655, nanosec=175017566), frame_id='RL_myo')","geometry_msgs.msg.Quaternion(x=0.6391126339215795, y=0.6075567909517144, z=-0.09204296169933548, w=-0.46253419347318586)",[0. 0. 0. 0. 0. 0. 0. 0. 0.],"geometry_msgs.msg.Vector3(x=15.875, y=16.0, z=-5.875)",[0. 0. 0. 0. 0. 0. 0. 0. 0.],"geometry_msgs.msg.Vector3(x=-0.55322265625, y=0.76513671875, z=0.51806640625)",[0. 0. 0. 0. 0. 0. 0. 0. 0.],False
1731182655198597733,"std_msgs.msg.Header(stamp=builtin_interfaces.msg.Time(sec=1731182655, nanosec=198105393), frame_id='RL_myo')","geometry_msgs.msg.Quaternion(x=0.6467631429632722, y=0.5998856331675197, z=-0.09784459401379061, w=-0.4607180259613796)",[0. 0. 0. 0. 0. 0. 0. 0. 0.],"geometry_msgs.msg.Vector3(x=-31.5, y=-26.375, z=46.3125)",[0. 0. 0. 0. 0. 0. 0. 0. 0.],"geometry_msgs.msg.Vector3(x=-0.4345703125, y=1.033203125, z=0.42236328125)",[0. 0. 0. 0. 0. 0. 0. 0. 0.],False
1731182655221351292,"std_msgs.msg.Header(stamp=builtin_interfaces.msg.Time(sec=1731182655, nanosec=220711105), frame_id='RL_myo')","geometry_msgs.msg.Quaternion(x=0.6654774609038324, y=0.58106442518614, z=-0.10650813255775361, w=-0.4562454388935291)",[0. 0. 0. 0. 0. 0. 0. 0. 0.],"geometry_msgs.msg.Vector3(x=-109.9375, y=-57.1875, z=107.9375)",[0. 0. 0. 0. 0. 0. 0. 0. 0.],"geometry_msgs.msg.Vector3(x=-0.6494140625, y=1.2470703125, z=0.34716796875)",[0. 0. 0. 0. 0. 0. 0. 0. 0.],False
1731182655235373903,"std_msgs.msg.Header(stamp=builtin_interfaces.msg.Time(sec=1731182655, nanosec=234896044), frame_id='RL_myo')","geometry_msgs.msg.Quaternion(x=0.6932420552638546, y=0.5483436013814466, z=-0.12274254033594044, w=-0.4512970379134479)",[0. 0. 0. 0. 0. 0. 0. 0. 0.],"geometry_msgs.msg.Vector3(x=-173.375, y=-118.1875, z=175.0625)",[0. 0. 0. 0. 0. 0. 0. 0. 0.],"geometry_msgs.msg.Vector3(x=-1.04150390625, y=1.1298828125, z=0.40625)",[0. 0. 0. 0. 0. 0. 0. 0. 0.],False
1731182655258618113,"std_msgs.msg.Header(stamp=builtin_interfaces.msg.Time(sec=1731182655, nanosec=258061481), frame_id='RL_myo')","geometry_msgs.msg.Quaternion(x=0.7247325778959468, y=0.49859697059390173, z=-0.14550803989421737, w=-0.4527594966171579)",[0. 0. 0. 0. 0. 0. 0. 0. 0.],"geometry_msgs.msg.Vector3(x=-238.1875, y=-207.8125, z=195.1875)",[0. 0. 0. 0. 0. 0. 0. 0. 0.],"geometry_msgs.msg.Vector3(x=-1.06201171875, y=0.7978515625, z=0.5107421875)",[0. 0. 0. 0. 0. 0. 0. 0. 0.],False
1731182655281666972,"std_msgs.msg.Header(stamp=builtin_interfaces.msg.Time(sec=1731182655, nanosec=281187767), frame_id='RL_myo')","geometry_msgs.msg.Quaternion(x=0.7486623290270509, y=0.44513242830542005, z=-0.17614866146845498, w=-0.4586212897692206)",[0. 0. 0. 0. 0. 0. 0. 0. 0.],"geometry_msgs.msg.Vector3(x=-214.6875, y=-268.375, z=179.125)",[0. 0. 0. 0. 0. 0. 0. 0. 0.],"geometry_msgs.msg.Vector3(x=-0.716796875, y=0.6044921875, z=0.50341796875)",[0. 0. 0. 0. 0. 0. 0. 0. 0.],False
1731182655302943374,"std_msgs.msg.Header(stamp=builtin_interfaces.msg.Time(sec=1731182655, nanosec=302329094), frame_id='RL_myo')","geometry_msgs.msg.Quaternion(x=0.7617890196908069, y=0.39935786842696497, z=-0.21832540048345617, w=-0.46100412352573233)",[0. 0. 0. 0. 0. 0. 0. 0. 0.],"geometry_msgs.msg.Vector3(x=-117.4375, y=-299.9375, z=187.0)",[0. 0. 0. 0. 0. 0. 0. 0. 0.],"geometry_msgs.msg.Vector3(x=-0.607421875, y=0.52001953125, z=0.70849609375)",[0. 0. 0. 0. 0. 0. 0. 0. 0.],False
1731182655318504125,"std_msgs.msg.Header(stamp=builtin_interfaces.msg.Time(sec=1731182655, nanosec=318039139), frame_id='RL_myo')","geometry_msgs.msg.Quaternion(x=0.7719100122034483, y=0.3541862734890971, z=-0.259337838368977, w=-0.45983790874838143)",[0. 0. 0. 0. 0. 0. 0. 0. 0.],"geometry_msgs.msg.Vector3(x=-110.0625, y=-293.375, z=195.125)",[0. 0. 0. 0. 0. 0. 0. 0. 0.],"geometry_msgs.msg.Vector3(x=-0.8359375, y=0.8935546875, z=0.7802734375)",[0. 0. 0. 0. 0. 0. 0. 0. 0.],False
1731182655341137604,"std_msgs.msg.Header(stamp=builtin_interfaces.msg.Time(sec=1731182655, nanosec=340541433), frame_id='RL_myo')","geometry_msgs.msg.Quaternion(x=0.77612467467282, y=0.3117071967249207, z=-0.2920538351926269, w=-0.4638681603895432)",[0. 0. 0. 0. 0. 0. 0. 0. 0.],"geometry_msgs.msg.Vector3(x=-125.0625, y=-267.1875, z=134.5)",[0. 0. 0. 0. 0. 0. 0. 0. 0.],"geometry_msgs.msg.Vector3(x=-0.5400390625, y=1.65673828125, z=0.7705078125)",[0. 0. 0. 0. 0. 0. 0. 0. 0.],False
1731182655355421691,"std_msgs.msg.Header(stamp=builtin_interfaces.msg.Time(sec=1731182655, nanosec=354958508), frame_id='RL_myo')","geometry_msgs.msg.Quaternion(x=0.7799073979800252, y=0.26605230456995854, z=-0.3026123711993242, w=-0.4789429763616574)",[0. 0. 0. 0. 0. 0. 0. 0. 0.],"geometry_msgs.msg.Vector3(x=-222.8125, y=-195.5, z=50.3125)",[0. 0. 0. 0. 0. 0. 0. 0. 0.],"geometry_msgs.msg.Vector3(x=-0.4072265625, y=1.88525390625, z=0.5634765625)",[0. 0. 0. 0. 0. 0. 0. 0. 0.],False
1731182655378539826,"std_msgs.msg.Header(stamp=builtin_interfaces.msg.Time(sec=1731182655, nanosec=378132020), frame_id='RL_myo')","geometry_msgs.msg.Quaternion(x=0.7893830527521161, y=0.20190822999335034, z=-0.30927116123830295, w=-0.49036599751105703)",[0. 0. 0. 0. 0. 0. 0. 0. 0.],"geometry_msgs.msg.Vector3(x=-312.125, y=-209.625, z=102.0)",[0. 0. 0. 0. 0. 0. 0. 0. 0.],"geometry_msgs.msg.Vector3(x=-0.0517578125, y=1.0361328125, z=0.39501953125)",[0. 0. 0. 0. 0. 0. 0. 0. 0.],False
1731182655402321241,"std_msgs.msg.Header(stamp=builtin_interfaces.msg.Time(sec=1731182655, nanosec=401743289), frame_id='RL_myo')","geometry_msgs.msg.Quaternion(x=0.799331929377501, y=0.1444730205281418, z=-0.30573103499174575, w=-0.4967137478065137)",[0. 0. 0. 0. 0. 0. 0. 0. 0.],"geometry_msgs.msg.Vector3(x=-300.125, y=-140.1875, z=103.5)",[0. 0. 0. 0. 0. 0. 0. 0. 0.],"geometry_msgs.msg.Vector3(x=-0.06396484375, y=0.9775390625, z=0.68310546875)",[0. 0. 0. 0. 0. 0. 0. 0. 0.],False
1731182655422730457,"std_msgs.msg.Header(stamp=builtin_interfaces.msg.Time(sec=1731182655, nanosec=422216794), frame_id='RL_myo')","geometry_msgs.msg.Quaternion(x=0.8065709573553503, y=0.09393210014149711, z=-0.3092007922786383, w=-0.4949898194590913)",[0. 0. 0. 0. 0. 0. 0. 0. 0.],"geometry_msgs.msg.Vector3(x=-226.0625, y=-151.0625, z=124.125)",[0. 0. 0. 0. 0. 0. 0. 0. 0.],"geometry_msgs.msg.Vector3(x=0.0244140625, y=0.5869140625, z=0.83447265625)",[0. 0. 0. 0. 0. 0. 0. 0. 0.],False
1731182655446883778,"std_msgs.msg.Header(stamp=builtin_interfaces.msg.Time(sec=1731182655, nanosec=446347215), frame_id='RL_myo')","geometry_msgs.msg.Quaternion(x=0.8084116534071896, y=0.0659790862463701, z=-0.3302006073939521, w=-0.48278868844476175)",[0. 0. 0. 0. 0. 0. 0. 0. 0.],"geometry_msgs.msg.Vector3(x=-41.4375, y=-169.875, z=120.0)",[0. 0. 0. 0. 0. 0. 0. 0. 0.],"geometry_msgs.msg.Vector3(x=0.19189453125, y=-0.17724609375, z=0.7265625)",[0. 0. 0. 0. 0. 0. 0. 0. 0.],False
1731182655448393778,"std_msgs.msg.Header(stamp=builtin_interfaces.msg.Time(sec=1731182655, nanosec=447938240), frame_id='RL_myo')","geometry_msgs.msg.Quaternion(x=0.8119072623298689, y=0.06915433229737945, z=-0.3472975734969895, w=-0.46412139698964994)",[0. 0. 0. 0. 0. 0. 0. 0. 0.],"geometry_msgs.msg.Vector3(x=101.75, y=-62.8125, z=96.1875)",[0. 0. 0. 0. 0. 0. 0. 0. 0.],"geometry_msgs.msg.Vector3(x=0.521484375, y=0.4404296875, z=1.48583984375)",[0. 0. 0. 0. 0. 0. 0. 0. 0.],False
1731182655466519065,"std_msgs.msg.Header(stamp=builtin_interfaces.msg.Time(sec=1731182655, nanosec=466012326), frame_id='RL_myo')","geometry_msgs.msg.Quaternion(x=0.8069999665503378, y=0.07965020090365987, z=-0.3887296011918849, w=-0.43737420664798976)",[0. 0. 0. 0. 0. 0. 0. 0. 0.],"geometry_msgs.msg.Vector3(x=210.4375, y=-159.875, z=107.25)",[0. 0. 0. 0. 0. 0. 0. 0. 0.],"geometry_msgs.msg.Vector3(x=1.203125, y=1.01416015625, z=1.01806640625)",[0. 0. 0. 0. 0. 0. 0. 0. 0.],False
1731182655489351812,"std_msgs.msg.Header(stamp=builtin_interfaces.msg.Time(sec=1731182655, nanosec=488647563), frame_id='RL_myo')","geometry_msgs.msg.Quaternion(x=0.8060092253577068, y=0.10107157937243394, z=-0.41869023822155604, w=-0.40599525723757884)",[0. 0. 0. 0. 0. 0. 0. 0. 0.],"geometry_msgs.msg.Vector3(x=248.875, y=-71.6875, z=104.25)",[0. 0. 0. 0. 0. 0. 0. 0. 0.],"geometry_msgs.msg.Vector3(x=0.74560546875, y=0.19970703125, z=0.7099609375)",[0. 0. 0. 0. 0. 0. 0. 0. 0.],False
1731182655503949449,"std_msgs.msg.Header(stamp=builtin_interfaces.msg.Time(sec=1731182655, nanosec=503484021), frame_id='RL_myo')","geometry_msgs.msg.Quaternion(x=0.8058553425789908, y=0.11035268191947402, z=-0.43951861864055997, w=-0.3811073815847322)",[0. 0. 0. 0. 0. 0. 0. 0. 0.],"geometry_msgs.msg.Vector3(x=156.625, y=-61.125, z=99.4375)",[0. 0. 0. 0. 0. 0. 0. 0. 0.],"geometry_msgs.msg.Vector3(x=0.71435546875, y=0.1064453125, z=0.75146484375)",[0. 0. 0. 0. 0. 0. 0. 0. 0.],False
1731182655526264455,"std_msgs.msg.Header(stamp=builtin_interfaces.msg.Time(sec=1731182655, nanosec=525896286), frame_id='RL_myo')","geometry_msgs.msg.Quaternion(x=0.807932983377086, y=0.1107802647752067, z=-0.45221541692534784, w=-0.361210802721583)",[0. 0. 0. 0. 0. 0. 0. 0. 0.],"geometry_msgs.msg.Vector3(x=79.375, y=-40.375, z=102.6875)",[0. 0. 0. 0. 0. 0. 0. 0. 0.],"geometry_msgs.msg.Vector3(x=1.0224609375, y=0.7275390625, z=0.91552734375)",[0. 0. 0. 0. 0. 0. 0. 0. 0.],False
1731182655557733701,"std_msgs.msg.Header(stamp=builtin_interfaces.msg.Time(sec=1731182655, nanosec=557140364), frame_id='RL_myo')","geometry_msgs.msg.Quaternion(x=0.8119008696565104, y=0.10571435169486362, z=-0.45239883069418546, w=-0.35352051097959014)",[0. 0. 0. 0. 0. 0. 0. 0. 0.],"geometry_msgs.msg.Vector3(x=3.3125, y=-0.3125, z=50.125)",[0. 0. 0. 0. 0. 0. 0. 0. 0.],"geometry_msgs.msg.Vector3(x=0.96240234375, y=0.57275390625, z=0.916015625)",[0. 0. 0. 0. 0. 0. 0. 0. 0.],False
1731182655588131503,"std_msgs.msg.Header(stamp=builtin_interfaces.msg.Time(sec=1731182655, nanosec=587416659), frame_id='RL_myo')","geometry_msgs.msg.Quaternion(x=0.8138607238067442, y=0.11029295994591172, z=-0.4503883516551647, w=-0.35016641461521614)",[0. 0. 0. 0. 0. 0. 0. 0. 0.],"geometry_msgs.msg.Vector3(x=34.125, y=19.5625, z=1.25)",[0. 0. 0. 0. 0. 0. 0. 0. 0.],"geometry_msgs.msg.Vector3(x=0.6201171875, y=0.35546875, z=0.67529296875)",[0. 0. 0. 0. 0. 0. 0. 0. 0.],False
1731182655597572834,"std_msgs.msg.Header(stamp=builtin_interfaces.msg.Time(sec=1731182655, nanosec=597002334), frame_id='RL_myo')","geometry_msgs.msg.Quaternion(x=0.8120159386291271, y=0.12200991140406083, z=-0.4536156385967884, w=-0.346376311764905)",[0. 0. 0. 0. 0. 0. 0. 0. 0.],"geometry_msgs.msg.Vector3(x=68.75, y=11.5625, z=-15.75)",[0. 0. 0. 0. 0. 0. 0. 0. 0.],"geometry_msgs.msg.Vector3(x=0.60986328125, y=0.44775390625, z=0.4033203125)",[0. 0. 0. 0. 0. 0. 0. 0. 0.],False
1731182655618559452,"std_msgs.msg.Header(stamp=builtin_interfaces.msg.Time(sec=1731182655, nanosec=618003157), frame_id='RL_myo')","geometry_msgs.msg.Quaternion(x=0.8112959303443293, y=0.12915303856519716, z=-0.4553316009907235, w=-0.34320772015694884)",[0. 0. 0. 0. 0. 0. 0. 0. 0.],"geometry_msgs.msg.Vector3(x=41.0, y=12.6875, z=-4.9375)",[0. 0. 0. 0. 0. 0. 0. 0. 0.],"geometry_msgs.msg.Vector3(x=0.61181640625, y=0.4736328125, z=0.3818359375)",[0. 0. 0. 0. 0. 0. 0. 0. 0.],False
1731182655624024981,"std_msgs.msg.Header(stamp=builtin_interfaces.msg.Time(sec=1731182655, nanosec=623521860), frame_id='RL_myo')","geometry_msgs.msg.Quaternion(x=0.812388475187178, y=0.1297013906666231, z=-0.45660993109506226, w=-0.338688478498396)",[0. 0. 0. 0. 0. 0. 0. 0. 0.],"geometry_msgs.msg.Vector3(x=9.875, y=11.25, z=20.375)",[0. 0. 0. 0. 0. 0. 0. 0. 0.],"geometry_msgs.msg.Vector3(x=0.65625, y=0.47021484375, z=0.33447265625)",[0. 0. 0. 0. 0. 0. 0. 0. 0.],False
1731182655653947109,"std_msgs.msg.Header(stamp=builtin_interfaces.msg.Time(sec=1731182655, nanosec=653429073), frame_id='RL_myo')","geometry_msgs.msg.Quaternion(x=0.8146561042985756, y=0.12359920665352629, z=-0.4567372164880678, w=-0.33533532906393754)",[0. 0. 0. 0. 0. 0. 0. 0. 0.],"geometry_msgs.msg.Vector3(x=-23.625, y=6.6875, z=29.5)",[0. 0. 0. 0. 0. 0. 0. 0. 0.],"geometry_msgs.msg.Vector3(x=0.7392578125, y=0.4248046875, z=0.39013671875)",[0. 0. 0. 0. 0. 0. 0. 0. 0.],False
1731182655669071807,"std_msgs.msg.Header(stamp=builtin_interfaces.msg.Time(sec=1731182655, nanosec=668564784), frame_id='RL_myo')","geometry_msgs.msg.Quaternion(x=0.817095958276511, y=0.11627457985484077, z=-0.4558207676409191, w=-0.3332594257256854)",[0. 0. 0. 0. 0. 0. 0. 0. 0.],"geometry_msgs.msg.Vector3(x=-29.875, y=5.4375, z=23.375)",[0. 0. 0. 0. 0. 0. 0. 0. 0.],"geometry_msgs.msg.Vector3(x=0.76513671875, y=0.365234375, z=0.47998046875)",[0. 0. 0. 0. 0. 0. 0. 0. 0.],False
1731182655691587885,"std_msgs.msg.Header(stamp=builtin_interfaces.msg.Time(sec=1731182655, nanosec=690994421), frame_id='RL_myo')","geometry_msgs.msg.Quaternion(x=0.8188571600775677, y=0.11218391921754393, z=-0.45502237092861264, w=-0.3314247450224503)",[0. 0. 0. 0. 0. 0. 0. 0. 0.],"geometry_msgs.msg.Vector3(x=-12.3125, y=6.375, z=12.0625)",[0. 0. 0. 0. 0. 0. 0. 0. 0.],"geometry_msgs.msg.Vector3(x=0.744140625, y=0.32861328125, z=0.5185546875)",[0. 0. 0. 0. 0. 0. 0. 0. 0.],False
1731182655714894444,"std_msgs.msg.Header(stamp=builtin_interfaces.msg.Time(sec=1731182655, nanosec=714466647), frame_id='RL_myo')","geometry_msgs.msg.Quaternion(x=0.8194127010720335, y=0.1112081893000555, z=-0.4546596059803037, w=-0.3308779331479697)",[0. 0. 0. 0. 0. 0. 0. 0. 0.],"geometry_msgs.msg.Vector3(x=-1.3125, y=6.625, z=-1.9375)",[0. 0. 0. 0. 0. 0. 0. 0. 0.],"geometry_msgs.msg.Vector3(x=0.75341796875, y=0.37744140625, z=0.53173828125)",[0. 0. 0. 0. 0. 0. 0. 0. 0.],False
1731182655754157187,"std_msgs.msg.Header(stamp=builtin_interfaces.msg.Time(sec=1731182655, nanosec=753652389), frame_id='RL_myo')","geometry_msgs.msg.Quaternion(x=0.8195817115778202, y=0.111816629104153, z=-0.45367522059561644, w=-0.3316046648050564)",[0. 0. 0. 0. 0. 0. 0. 0. 0.],"geometry_msgs.msg.Vector3(x=1.75, y=8.6875, z=-11.25)",[0. 0. 0. 0. 0. 0. 0. 0. 0.],"geometry_msgs.msg.Vector3(x=0.7216796875, y=0.39794921875, z=0.54150390625)",[0. 0. 0. 0. 0. 0. 0. 0. 0.],False
1731182655756544361,"std_msgs.msg.Header(stamp=builtin_interfaces.msg.Time(sec=1731182655, nanosec=756025584), frame_id='RL_myo')","geometry_msgs.msg.Quaternion(x=0.8195126761233544, y=0.11254795373288638, z=-0.45281630626045777, w=-0.33270005195117336)",[0. 0. 0. 0. 0. 0. 0. 0. 0.],"geometry_msgs.msg.Vector3(x=-0.4375, y=6.75, z=-10.5625)",[0. 0. 0. 0. 0. 0. 0. 0. 0.],"geometry_msgs.msg.Vector3(x=0.65966796875, y=0.4208984375, z=0.50927734375)",[0. 0. 0. 0. 0. 0. 0. 0. 0.],False
1731182655776102410,"std_msgs.msg.Header(stamp=builtin_interfaces.msg.Time(sec=1731182655, nanosec=775542838), frame_id='RL_myo')","geometry_msgs.msg.Quaternion(x=0.8193026254015152, y=0.11377338104361352, z=-0.452835146975627, w=-0.3327749321082516)",[0. 0. 0. 0. 0. 0. 0. 0. 0.],"geometry_msgs.msg.Vector3(x=2.625, y=5.6875, z=-3.5)",[0. 0. 0. 0. 0. 0. 0. 0. 0.],"geometry_msgs.msg.Vector3(x=0.63330078125, y=0.46875, z=0.4482421875)",[0. 0. 0. 0. 0. 0. 0. 0. 0.],False
1731182655781464014,"std_msgs.msg.Header(stamp=builtin_interfaces.msg.Time(sec=1731182655, nanosec=780979327), frame_id='RL_myo')","geometry_msgs.msg.Quaternion(x=0.8192367551917994, y=0.11578692628511723, z=-0.4528935124067316, w=-0.33216260033927675)",[0. 0. 0. 0. 0. 0. 0. 0. 0.],"geometry_msgs.msg.Vector3(x=4.3125, y=7.375, z=2.4375)",[0. 0. 0. 0. 0. 0. 0. 0. 0.],"geometry_msgs.msg.Vector3(x=0.5791015625, y=0.53466796875, z=0.416015625)",[0. 0. 0. 0. 0. 0. 0. 0. 0.],False
1731182655803964335,"std_msgs.msg.Header(stamp=builtin_interfaces.msg.Time(sec=1731182655, nanosec=803392119), frame_id='RL_myo')","geometry_msgs.msg.Quaternion(x=0.8193556100513874, y=0.11780067993140476, z=-0.452830696586058, w=-0.331245746107634)",[0. 0. 0. 0. 0. 0. 0. 0. 0.],"geometry_msgs.msg.Vector3(x=3.9375, y=7.875, z=5.875)",[0. 0. 0. 0. 0. 0. 0. 0. 0.],"geometry_msgs.msg.Vector3(x=0.56884765625, y=0.56103515625, z=0.416015625)",[0. 0. 0. 0. 0. 0. 0. 0. 0.],False
1731182655859279768,"std_msgs.msg.Header(stamp=builtin_interfaces.msg.Time(sec=1731182655, nanosec=858770346), frame_id='RL_myo')","geometry_msgs.msg.Quaternion(x=0.8197847584099861, y=0.11908272382234256, z=-0.45283174169039436, w=-0.3297205915367988)",[0. 0. 0. 0. 0. 0. 0. 0. 0.],"geometry_msgs.msg.Vector3(x=5.25, y=7.0625, z=7.625)",[0. 0. 0. 0. 0. 0. 0. 0. 0.],"geometry_msgs.msg.Vector3(x=0.61767578125, y=0.52587890625, z=0.470703125)",[0. 0. 0. 0. 0. 0. 0. 0. 0.],False
1731182655861477260,"std_msgs.msg.Header(stamp=builtin_interfaces.msg.Time(sec=1731182655, nanosec=861051685), frame_id='RL_myo')","geometry_msgs.msg.Quaternion(x=0.8202023675813189, y=0.12072929625508624, z=-0.453192631291211, w=-0.32758045146665715)",[0. 0. 0. 0. 0. 0. 0. 0. 0.],"geometry_msgs.msg.Vector3(x=15.5625, y=3.625, z=4.4375)",[0. 0. 0. 0. 0. 0. 0. 0. 0.],"geometry_msgs.msg.Vector3(x=0.6416015625, y=0.43017578125, z=0.54638671875)",[0. 0. 0. 0. 0. 0. 0. 0. 0.],False
1731182655867806312,"std_msgs.msg.Header(stamp=builtin_interfaces.msg.Time(sec=1731182655, nanosec=867191026), frame_id='RL_myo')","geometry_msgs.msg.Quaternion(x=0.8198934365267945, y=0.1235363891558276, z=-0.4545333448831265, w=-0.3254427010765181)",[0. 0. 0. 0. 0. 0. 0. 0. 0.],"geometry_msgs.msg.Vector3(x=26.875, y=-2.625, z=-1.3125)",[0. 0. 0. 0. 0. 0. 0. 0. 0.],"geometry_msgs.msg.Vector3(x=0.64111328125, y=0.38623046875, z=0.58837890625)",[0. 0. 0. 0. 0. 0. 0. 0. 0.],False
1731182655889456077,"std_msgs.msg.Header(stamp=builtin_interfaces.msg.Time(sec=1731182655, nanosec=888953500), frame_id='RL_myo')","geometry_msgs.msg.Quaternion(x=0.8190765237461212, y=0.127866268051276, z=-0.45659548987665666, w=-0.3229309900999051)",[0. 0. 0. 0. 0. 0. 0. 0. 0.],"geometry_msgs.msg.Vector3(x=35.5, y=-4.9375, z=-2.0)",[0. 0. 0. 0. 0. 0. 0. 0. 0.],"geometry_msgs.msg.Vector3(x=0.609375, y=0.4091796875, z=0.56201171875)",[0. 0. 0. 0. 0. 0. 0. 0. 0.],False
1731182655909126636,"std_msgs.msg.Header(stamp=builtin_interfaces.msg.Time(sec=1731182655, nanosec=908529587), frame_id='RL_myo')","geometry_msgs.msg.Quaternion(x=0.8173176502016273, y=0.13311700359119924, z=-0.4596534406443474, w=-0.3209212310327949)",[0. 0. 0. 0. 0. 0. 0. 0. 0.],"geometry_msgs.msg.Vector3(x=38.1875, y=-10.5, z=-4.625)",[0. 0. 0. 0. 0. 0. 0. 0. 0.],"geometry_msgs.msg.Vector3(x=0.5830078125, y=0.46630859375, z=0.5302734375)",[0. 0. 0. 0. 0. 0. 0. 0. 0.],False
1731182655926871275,"std_msgs.msg.Header(stamp=builtin_interfaces.msg.Time(sec=1731182655, nanosec=926389892), frame_id='RL_myo')","geometry_msgs.msg.Quaternion(x=0.8150234005558322, y=0.13696641285458605, z=-0.46363496971632606, w=-0.3194051864830877)",[0. 0. 0. 0. 0. 0. 0. 0. 0.],"geometry_msgs.msg.Vector3(x=28.5625, y=-15.875, z=-1.1875)",[0. 0. 0. 0. 0. 0. 0. 0. 0.],"geometry_msgs.msg.Vector3(x=0.625, y=0.54931640625, z=0.49169921875)",[0. 0. 0. 0. 0. 0. 0. 0. 0.],False
1731182655946520468,"std_msgs.msg.Header(stamp=builtin_interfaces.msg.Time(sec=1731182655, nanosec=946006942), frame_id='RL_myo')","geometry_msgs.msg.Quaternion(x=0.8133534635106987, y=0.1383665242217285, z=-0.46673524954722445, w=-0.31854207759735376)",[0. 0. 0. 0. 0. 0. 0. 0. 0.],"geometry_msgs.msg.Vector3(x=13.125, y=-12.4375, z=-0.5625)",[0. 0. 0. 0. 0. 0. 0. 0. 0.],"geometry_msgs.msg.Vector3(x=0.69970703125, y=0.5419921875, z=0.47412109375)",[0. 0. 0. 0. 0. 0. 0. 0. 0.],False
1731182655978538030,"std_msgs.msg.Header(stamp=builtin_interfaces.msg.Time(sec=1731182655, nanosec=978029200), frame_id='RL_myo')","geometry_msgs.msg.Quaternion(x=0.8121242515494317, y=0.13915852198502213, z=-0.46789001295490334, w=-0.31963735948928107)",[0. 0. 0. 0. 0. 0. 0. 0. 0.],"geometry_msgs.msg.Vector3(x=2.5, y=-7.0, z=-8.0625)",[0. 0. 0. 0. 0. 0. 0. 0. 0.],"geometry_msgs.msg.Vector3(x=0.650390625, y=0.52197265625, z=0.486328125)",[0. 0. 0. 0. 0. 0. 0. 0. 0.],False
1731182655984016197,"std_msgs.msg.Header(stamp=builtin_interfaces.msg.Time(sec=1731182655, nanosec=983528037), frame_id='RL_myo')","geometry_msgs.msg.Quaternion(x=0.8117746454686101, y=0.13946654623276497, z=-0.46789958136559134, w=-0.3203763243657695)",[0. 0. 0. 0. 0. 0. 0. 0. 0.],"geometry_msgs.msg.Vector3(x=-1.0625, y=-1.625, z=-3.0625)",[0. 0. 0. 0. 0. 0. 0. 0. 0.],"geometry_msgs.msg.Vector3(x=0.59814453125, y=0.50390625, z=0.482421875)",[0. 0. 0. 0. 0. 0. 0. 0. 0.],False
1731182656006524593,"std_msgs.msg.Header(stamp=builtin_interfaces.msg.Time(sec=1731182656, nanosec=5969325), frame_id='RL_myo')","geometry_msgs.msg.Quaternion(x=0.8122074384954041, y=0.13904024535150902, z=-0.468024846951436, w=-0.31927986103325007)",[0. 0. 0. 0. 0. 0. 0. 0. 0.],"geometry_msgs.msg.Vector3(x=0.125, y=0.3125, z=7.875)",[0. 0. 0. 0. 0. 0. 0. 0. 0.],"geometry_msgs.msg.Vector3(x=0.59912109375, y=0.48828125, z=0.47021484375)",[0. 0. 0. 0. 0. 0. 0. 0. 0.],False
1731182656029010912,"std_msgs.msg.Header(stamp=builtin_interfaces.msg.Time(sec=1731182656, nanosec=28451750), frame_id='RL_myo')","geometry_msgs.msg.Quaternion(x=0.8131047145179344, y=0.13854884416421792, z=-0.4684415766345253, w=-0.3165871606518935)",[0. 0. 0. 0. 0. 0. 0. 0. 0.],"geometry_msgs.msg.Vector3(x=5.125, y=1.5625, z=15.6875)",[0. 0. 0. 0. 0. 0. 0. 0. 0.],"geometry_msgs.msg.Vector3(x=0.61474609375, y=0.47607421875, z=0.47998046875)",[0. 0. 0. 0. 0. 0. 0. 0. 0.],False
1731182656068583589,"std_msgs.msg.Header(stamp=builtin_interfaces.msg.Time(sec=1731182656, nanosec=68053870), frame_id='RL_myo')","geometry_msgs.msg.Quaternion(x=0.8142292057216302, y=0.13812598894663036, z=-0.4690668250352869, w=-0.3129350178211992)",[0. 0. 0. 0. 0. 0. 0. 0. 0.],"geometry_msgs.msg.Vector3(x=8.625, y=2.375, z=20.0625)",[0. 0. 0. 0. 0. 0. 0. 0. 0.],"geometry_msgs.msg.Vector3(x=0.62451171875, y=0.4638671875, z=0.478515625)",[0. 0. 0. 0. 0. 0. 0. 0. 0.],False
1731182656070879268,"std_msgs.msg.Header(stamp=builtin_interfaces.msg.Time(sec=1731182656, nanosec=70448203), frame_id='RL_myo')","geometry_msgs.msg.Quaternion(x=0.815513509677863, y=0.1380043443890164, z=-0.46986176165707577, w=-0.3084192623607695)",[0. 0. 0. 0. 0. 0. 0. 0. 0.],"geometry_msgs.msg.Vector3(x=13.125, y=3.875, z=21.9375)",[0. 0. 0. 0. 0. 0. 0. 0. 0.],"geometry_msgs.msg.Vector3(x=0.65185546875, y=0.44091796875, z=0.48193359375)",[0. 0. 0. 0. 0. 0. 0. 0. 0.],False
1731182656098406760,"std_msgs.msg.Header(stamp=builtin_interfaces.msg.Time(sec=1731182656, nanosec=97871635), frame_id='RL_myo')","geometry_msgs.msg.Quaternion(x=0.8168450884276816, y=0.1378193386886128, z=-0.47058773307759283, w=-0.30383731974841205)",[0. 0. 0. 0. 0. 0. 0. 0. 0.],"geometry_msgs.msg.Vector3(x=13.0, y=5.25, z=21.5)",[0. 0. 0. 0. 0. 0. 0. 0. 0.],"geometry_msgs.msg.Vector3(x=0.66162109375, y=0.42431640625, z=0.46484375)",[0. 0. 0. 0. 0. 0. 0. 0. 0.],False
1731182656104016230,"std_msgs.msg.Header(stamp=builtin_interfaces.msg.Time(sec=1731182656, nanosec=103461897), frame_id='RL_myo')","geometry_msgs.msg.Quaternion(x=0.8184287946325315, y=0.1370253295510503, z=-0.47076898299654824, w=-0.29962465156619417)",[0. 0. 0. 0. 0. 0. 0. 0. 0.],"geometry_msgs.msg.Vector3(x=8.0625, y=7.0, z=21.25)",[0. 0. 0. 0. 0. 0. 0. 0. 0.],"geometry_msgs.msg.Vector3(x=0.666015625, y=0.4150390625, z=0.46923828125)",[0. 0. 0. 0. 0. 0. 0. 0. 0.],False
1731182656136353256,"std_msgs.msg.Header(stamp=builtin_interfaces.msg.Time(sec=1731182656, nanosec=135708083), frame_id='RL_myo')","geometry_msgs.msg.Quaternion(x=0.8200582811398598, y=0.135862588107869, z=-0.47051423707257956, w=-0.29607790427280883)",[0. 0. 0. 0. 0. 0. 0. 0. 0.],"geometry_msgs.msg.Vector3(x=3.875, y=8.0, z=18.4375)",[0. 0. 0. 0. 0. 0. 0. 0. 0.],"geometry_msgs.msg.Vector3(x=0.67431640625, y=0.41357421875, z=0.4697265625)",[0. 0. 0. 0. 0. 0. 0. 0. 0.],False
1731182656158411978,"std_msgs.msg.Header(stamp=builtin_interfaces.msg.Time(sec=1731182656, nanosec=157994866), frame_id='RL_myo')","geometry_msgs.msg.Quaternion(x=0.8217802535873426, y=0.13446092533072754, z=-0.4696671903858141, w=-0.2932749642370158)",[0. 0. 0. 0. 0. 0. 0. 0. 0.],"geometry_msgs.msg.Vector3(x=0.25, y=9.625, z=15.3125)",[0. 0. 0. 0. 0. 0. 0. 0. 0.],"geometry_msgs.msg.Vector3(x=0.68603515625, y=0.40771484375, z=0.4931640625)",[0. 0. 0. 0. 0. 0. 0. 0. 0.],False
1731182656163997360,"std_msgs.msg.Header(stamp=builtin_interfaces.msg.Time(sec=1731182656, nanosec=163515698), frame_id='RL_myo')","geometry_msgs.msg.Quaternion(x=0.8233871942888954, y=0.13269412604774342, z=-0.4686409842661334, w=-0.2912068423982446)",[0. 0. 0. 0. 0. 0. 0. 0. 0.],"geometry_msgs.msg.Vector3(x=-3.375, y=9.0625, z=11.9375)",[0. 0. 0. 0. 0. 0. 0. 0. 0.],"geometry_msgs.msg.Vector3(x=0.69189453125, y=0.4033203125, z=0.49755859375)",[0. 0. 0. 0. 0. 0. 0. 0. 0.],False
1731182656186472869,"std_msgs.msg.Header(stamp=builtin_interfaces.msg.Time(sec=1731182656, nanosec=186023386), frame_id='RL_myo')","geometry_msgs.msg.Quaternion(x=0.8247714477138176, y=0.13073784067216734, z=-0.4675922490146937, w=-0.2898571453557996)",[0. 0. 0. 0. 0. 0. 0. 0. 0.],"geometry_msgs.msg.Vector3(x=-6.3125, y=7.375, z=9.8125)",[0. 0. 0. 0. 0. 0. 0. 0. 0.],"geometry_msgs.msg.Vector3(x=0.68505859375, y=0.4111328125, z=0.5048828125)",[0. 0. 0. 0. 0. 0. 0. 0. 0.],False
1731182656205115959,"std_msgs.msg.Header(stamp=builtin_interfaces.msg.Time(sec=1731182656, nanosec=204539636), frame_id='RL_myo')","geometry_msgs.msg.Quaternion(x=0.8258742385136301, y=0.1284191410710722, z=-0.46674010065137306, w=-0.2891261745502229)",[0. 0. 0. 0. 0. 0. 0. 0. 0.],"geometry_msgs.msg.Vector3(x=-9.375, y=4.125, z=7.3125)",[0. 0. 0. 0. 0. 0. 0. 0. 0.],"geometry_msgs.msg.Vector3(x=0.685546875, y=0.40869140625, z=0.50830078125)",[0. 0. 0. 0. 0. 0. 0. 0. 0.],False
1731182656224122479,"std_msgs.msg.Header(stamp=builtin_interfaces.msg.Time(sec=1731182656, nanosec=223573264), frame_id='RL_myo')","geometry_msgs.msg.Quaternion(x=0.8265238747442205, y=0.1268899081076085, z=-0.4662395421039064, w=-0.2887523594310225)",[0. 0. 0. 0. 0. 0. 0. 0. 0.],"geometry_msgs.msg.Vector3(x=-6.5625, y=3.0, z=4.3125)",[0. 0. 0. 0. 0. 0. 0. 0. 0.],"geometry_msgs.msg.Vector3(x=0.69091796875, y=0.42333984375, z=0.5068359375)",[0. 0. 0. 0. 0. 0. 0. 0. 0.],False
1731182656253937789,"std_msgs.msg.Header(stamp=builtin_interfaces.msg.Time(sec=1731182656, nanosec=253445787), frame_id='RL_myo')","geometry_msgs.msg.Quaternion(x=0.8270994822204105, y=0.12585633033270507, z=-0.4656440078119336, w=-0.2885173974212885)",[0. 0. 0. 0. 0. 0. 0. 0. 0.],"geometry_msgs.msg.Vector3(x=-5.8125, y=4.375, z=2.875)",[0. 0. 0. 0. 0. 0. 0. 0. 0.],"geometry_msgs.msg.Vector3(x=0.68408203125, y=0.44384765625, z=0.48876953125)",[0. 0. 0. 0. 0. 0. 0. 0. 0.],False
1731182656279817961,"std_msgs.msg.Header(stamp=builtin_interfaces.msg.Time(sec=1731182656, nanosec=279258602), frame_id='RL_myo')","geometry_msgs.msg.Quaternion(x=0.8277024314855654, y=0.1247565644094459, z=-0.4649074124788402, w=-0.28845377857095955)",[0. 0. 0. 0. 0. 0. 0. 0. 0.],"geometry_msgs.msg.Vector3(x=-7.6875, y=5.375, z=3.0)",[0. 0. 0. 0. 0. 0. 0. 0. 0.],"geometry_msgs.msg.Vector3(x=0.671875, y=0.44287109375, z=0.47607421875)",[0. 0. 0. 0. 0. 0. 0. 0. 0.],False
1731182656283796375,"std_msgs.msg.Header(stamp=builtin_interfaces.msg.Time(sec=1731182656, nanosec=283366531), frame_id='RL_myo')","geometry_msgs.msg.Quaternion(x=0.8282015496883556, y=0.12311021635503082, z=-0.4643031312903914, w=-0.28870169725299744)",[0. 0. 0. 0. 0. 0. 0. 0. 0.],"geometry_msgs.msg.Vector3(x=-10.3125, y=2.875, z=3.0)",[0. 0. 0. 0. 0. 0. 0. 0. 0.],"geometry_msgs.msg.Vector3(x=0.66259765625, y=0.43212890625, z=0.47705078125)",[0. 0. 0. 0. 0. 0. 0. 0. 0.],False
1731182656314112156,"std_msgs.msg.Header(stamp=builtin_interfaces.msg.Time(sec=1731182656, nanosec=313570395), frame_id='RL_myo')","geometry_msgs.msg.Quaternion(x=0.8284933312820156, y=0.12097198928841572, z=-0.46392940998044796, w=-0.28936841635538796)",[0. 0. 0. 0. 0. 0. 0. 0. 0.],"geometry_msgs.msg.Vector3(x=-12.75, y=-0.0625, z=1.125)",[0. 0. 0. 0. 0. 0. 0. 0. 0.],"geometry_msgs.msg.Vector3(x=0.67041015625, y=0.41845703125, z=0.4873046875)",[0. 0. 0. 0. 0. 0. 0. 0. 0.],False
1731182656324442402,"std_msgs.msg.Header(stamp=builtin_interfaces.msg.Time(sec=1731182656, nanosec=323954961), frame_id='RL_myo')","geometry_msgs.msg.Quaternion(x=0.8285026477193488, y=0.11908123365997124, z=-0.46375151888696126, w=-0.29040928229325635)",[0. 0. 0. 0. 0. 0. 0. 0. 0.],"geometry_msgs.msg.Vector3(x=-11.4375, y=-1.5625, z=-2.0625)",[0. 0. 0. 0. 0. 0. 0. 0. 0.],"geometry_msgs.msg.Vector3(x=0.6796875, y=0.4140625, z=0.4970703125)",[0. 0. 0. 0. 0. 0. 0. 0. 0.],False
1731182656345447520,"std_msgs.msg.Header(stamp=builtin_interfaces.msg.Time(sec=1731182656, nanosec=344938755), frame_id='RL_myo')","geometry_msgs.msg.Quaternion(x=0.8284067436924347, y=0.11730625221961685, z=-0.4637320001897236, w=-0.2914346276527942)",[0. 0. 0. 0. 0. 0. 0. 0. 0.],"geometry_msgs.msg.Vector3(x=-10.25, y=-2.4375, z=-2.4375)",[0. 0. 0. 0. 0. 0. 0. 0. 0.],"geometry_msgs.msg.Vector3(x=0.68408203125, y=0.41015625, z=0.50439453125)",[0. 0. 0. 0. 0. 0. 0. 0. 0.],False
1731182656384318146,"std_msgs.msg.Header(stamp=builtin_interfaces.msg.Time(sec=1731182656, nanosec=383731123), frame_id='RL_myo')","geometry_msgs.msg.Quaternion(x=0.8281335934180506, y=0.11560178551988412, z=-0.4638720010301581, w=-0.2926666111762642)",[0. 0. 0. 0. 0. 0. 0. 0. 0.],"geometry_msgs.msg.Vector3(x=-11.25, y=-2.8125, z=-3.4375)",[0. 0. 0. 0. 0. 0. 0. 0. 0.],"geometry_msgs.msg.Vector3(x=0.6962890625, y=0.421875, z=0.4912109375)",[0. 0. 0. 0. 0. 0. 0. 0. 0.],False
1731182656386466850,"std_msgs.msg.Header(stamp=builtin_interfaces.msg.Time(sec=1731182656, nanosec=385988079), frame_id='RL_myo')","geometry_msgs.msg.Quaternion(x=0.8277199893035504, y=0.1138336243677547, z=-0.4640017224899041, w=-0.2943194298666559)",[0. 0. 0. 0. 0. 0. 0. 0. 0.],"geometry_msgs.msg.Vector3(x=-12.8125, y=-2.8125, z=-5.5)",[0. 0. 0. 0. 0. 0. 0. 0. 0.],"geometry_msgs.msg.Vector3(x=0.6943359375, y=0.42724609375, z=0.4833984375)",[0. 0. 0. 0. 0. 0. 0. 0. 0.],False
1731182656414493010,"std_msgs.msg.Header(stamp=builtin_interfaces.msg.Time(sec=1731182656, nanosec=413958965), frame_id='RL_myo')","geometry_msgs.msg.Quaternion(x=0.8272539989819597, y=0.1118752088043332, z=-0.463918964605421, w=-0.2965028719975181)",[0. 0. 0. 0. 0. 0. 0. 0. 0.],"geometry_msgs.msg.Vector3(x=-15.625, y=-3.375, z=-7.0625)",[0. 0. 0. 0. 0. 0. 0. 0. 0.],"geometry_msgs.msg.Vector3(x=0.68212890625, y=0.42431640625, z=0.4833984375)",[0. 0. 0. 0. 0. 0. 0. 0. 0.],False
1731182656444281035,"std_msgs.msg.Header(stamp=builtin_interfaces.msg.Time(sec=1731182656, nanosec=443777174), frame_id='RL_myo')","geometry_msgs.msg.Quaternion(x=0.8267673105077227, y=0.10961716297592426, z=-0.46379778477396905, w=-0.29888376786920995)",[0. 0. 0. 0. 0. 0. 0. 0. 0.],"geometry_msgs.msg.Vector3(x=-17.875, y=-3.5625, z=-7.125)",[0. 0. 0. 0. 0. 0. 0. 0. 0.],"geometry_msgs.msg.Vector3(x=0.67626953125, y=0.4228515625, z=0.4765625)",[0. 0. 0. 0. 0. 0. 0. 0. 0.],False
1731182656446709717,"std_msgs.msg.Header(stamp=builtin_interfaces.msg.Time(sec=1731182656, nanosec=446209964), frame_id='RL_myo')","geometry_msgs.msg.Quaternion(x=0.8262609363847128, y=0.10779174216262116, z=-0.4635777359711822, w=-0.30127975046132394)",[0. 0. 0. 0. 0. 0. 0. 0. 0.],"geometry_msgs.msg.Vector3(x=-16.25, y=-3.5625, z=-7.4375)",[0. 0. 0. 0. 0. 0. 0. 0. 0.],"geometry_msgs.msg.Vector3(x=0.66162109375, y=0.43310546875, z=0.48388671875)",[0. 0. 0. 0. 0. 0. 0. 0. 0.],False
1731182656464155499,"std_msgs.msg.Header(stamp=builtin_interfaces.msg.Time(sec=1731182656, nanosec=463608150), frame_id='RL_myo')","geometry_msgs.msg.Quaternion(x=0.8256779018354009, y=0.10656664818189014, z=-0.46331467717567476, w=-0.303708843844837)",[0. 0. 0. 0. 0. 0. 0. 0. 0.],"geometry_msgs.msg.Vector3(x=-13.4375, y=-3.125, z=-8.625)",[0. 0. 0. 0. 0. 0. 0. 0. 0.],"geometry_msgs.msg.Vector3(x=0.642578125, y=0.439453125, z=0.4853515625)",[0. 0. 0. 0. 0. 0. 0. 0. 0.],False
1731182656486517198,"std_msgs.msg.Header(stamp=builtin_interfaces.msg.Time(sec=1731182656, nanosec=485972086), frame_id='RL_myo')","geometry_msgs.msg.Quaternion(x=0.8251942396439521, y=0.10595689349274415, z=-0.4628289881079947, w=-0.30596884048336775)",[0. 0. 0. 0. 0. 0. 0. 0. 0.],"geometry_msgs.msg.Vector3(x=-10.8125, y=-2.25, z=-8.25)",[0. 0. 0. 0. 0. 0. 0. 0. 0.],"geometry_msgs.msg.Vector3(x=0.62939453125, y=0.4541015625, z=0.5078125)",[0. 0. 0. 0. 0. 0. 0. 0. 0.],False
1731182656505149548,"std_msgs.msg.Header(stamp=builtin_interfaces.msg.Time(sec=1731182656, nanosec=504628944), frame_id='RL_myo')","geometry_msgs.msg.Quaternion(x=0.8249522106126798, y=0.10510267140241451, z=-0.462280855517937, w=-0.30773964530254005)",[0. 0. 0. 0. 0. 0. 0. 0. 0.],"geometry_msgs.msg.Vector3(x=-10.875, y=-1.5625, z=-4.3125)",[0. 0. 0. 0. 0. 0. 0. 0. 0.],"geometry_msgs.msg.Vector3(x=0.62548828125, y=0.46240234375, z=0.5166015625)",[0. 0. 0. 0. 0. 0. 0. 0. 0.],False
1731182656531604009,"std_msgs.msg.Header(stamp=builtin_interfaces.msg.Time(sec=1731182656, nanosec=531073172), frame_id='RL_myo')","geometry_msgs.msg.Quaternion(x=0.8250959065862982, y=0.10425091052296177, z=-0.461682603744545, w=-0.3085411901016228)",[0. 0. 0. 0. 0. 0. 0. 0. 0.],"geometry_msgs.msg.Vector3(x=-7.9375, y=0.4375, z=0.1875)",[0. 0. 0. 0. 0. 0. 0. 0. 0.],"geometry_msgs.msg.Vector3(x=0.6416015625, y=0.453125, z=0.5234375)",[0. 0. 0. 0. 0. 0. 0. 0. 0.],False
1731182656554096338,"std_msgs.msg.Header(stamp=builtin_interfaces.msg.Time(sec=1731182656, nanosec=553535077), frame_id='RL_myo')","geometry_msgs.msg.Quaternion(x=0.8255065926784467, y=0.10357742608320326, z=-0.4610629797480951, w=-0.30859603198389846)",[0. 0. 0. 0. 0. 0. 0. 0. 0.],"geometry_msgs.msg.Vector3(x=-4.5, y=1.8125, z=1.9375)",[0. 0. 0. 0. 0. 0. 0. 0. 0.],"geometry_msgs.msg.Vector3(x=0.64892578125, y=0.43310546875, z=0.53759765625)",[0. 0. 0. 0. 0. 0. 0. 0. 0.],False
1731182656564553515,"std_msgs.msg.Header(stamp=builtin_interfaces.msg.Time(sec=1731182656, nanosec=564037309), frame_id='RL_myo')","geometry_msgs.msg.Quaternion(x=0.826006044620373, y=0.10309053494153625, z=-0.46064195808393965, w=-0.30805087616929155)",[0. 0. 0. 0. 0. 0. 0. 0. 0.],"geometry_msgs.msg.Vector3(x=-0.875, y=1.875, z=3.75)",[0. 0. 0. 0. 0. 0. 0. 0. 0.],"geometry_msgs.msg.Vector3(x=0.65625, y=0.40966796875, z=0.53369140625)",[0. 0. 0. 0. 0. 0. 0. 0. 0.],False
1731182656591542866,"std_msgs.msg.Header(stamp=builtin_interfaces.msg.Time(sec=1731182656, nanosec=591002008), frame_id='RL_myo')","geometry_msgs.msg.Quaternion(x=0.8265949932939489, y=0.10290475955797075, z=-0.46056898910109567, w=-0.30663909372434467)",[0. 0. 0. 0. 0. 0. 0. 0. 0.],"geometry_msgs.msg.Vector3(x=3.8125, y=2.1875, z=6.625)",[0. 0. 0. 0. 0. 0. 0. 0. 0.],"geometry_msgs.msg.Vector3(x=0.65380859375, y=0.39306640625, z=0.5234375)",[0. 0. 0. 0. 0. 0. 0. 0. 0.],False
1731182656608317296,"std_msgs.msg.Header(stamp=builtin_interfaces.msg.Time(sec=1731182656, nanosec=607716699), frame_id='RL_myo')","geometry_msgs.msg.Quaternion(x=0.827358749567571, y=0.10327488043292735, z=-0.4604033233484462, w=-0.30469751957516156)",[0. 0. 0. 0. 0. 0. 0. 0. 0.],"geometry_msgs.msg.Vector3(x=7.75, y=3.3125, z=8.5625)",[0. 0. 0. 0. 0. 0. 0. 0. 0.],"geometry_msgs.msg.Vector3(x=0.640625, y=0.39599609375, z=0.53515625)",[0. 0. 0. 0. 0. 0. 0. 0. 0.],False
1731182656624585109,"std_msgs.msg.Header(stamp=builtin_interfaces.msg.Time(sec=1731182656, nanosec=623998973), frame_id='RL_myo')","geometry_msgs.msg.Quaternion(x=0.8281341903859464, y=0.10376091713267312, z=-0.46039329290103137, w=-0.3024325555249384)",[0. 0. 0. 0. 0. 0. 0. 0. 0.],"geometry_msgs.msg.Vector3(x=9.3125, y=3.1875, z=9.625)",[0. 0. 0. 0. 0. 0. 0. 0. 0.],"geometry_msgs.msg.Vector3(x=0.64990234375, y=0.39208984375, z=0.53466796875)",[0. 0. 0. 0. 0. 0. 0. 0. 0.],False
1731182656651658230,"std_msgs.msg.Header(stamp=builtin_interfaces.msg.Time(sec=1731182656, nanosec=651083117), frame_id='RL_myo')","geometry_msgs.msg.Quaternion(x=0.8289269027360847, y=0.10424910904007309, z=-0.460453910186365, w=-0.2999908494917794)",[0. 0. 0. 0. 0. 0. 0. 0. 0.],"geometry_msgs.msg.Vector3(x=9.6875, y=4.0, z=10.0625)",[0. 0. 0. 0. 0. 0. 0. 0. 0.],"geometry_msgs.msg.Vector3(x=0.65087890625, y=0.3896484375, z=0.52294921875)",[0. 0. 0. 0. 0. 0. 0. 0. 0.],False
1731182656674016537,"std_msgs.msg.Header(stamp=builtin_interfaces.msg.Time(sec=1731182656, nanosec=673484484), frame_id='RL_myo')","geometry_msgs.msg.Quaternion(x=0.8298844557362157, y=0.10461292616988113, z=-0.46007715138189265, w=-0.2977867367461202)",[0. 0. 0. 0. 0. 0. 0. 0. 0.],"geometry_msgs.msg.Vector3(x=7.25, y=5.3125, z=10.625)",[0. 0. 0. 0. 0. 0. 0. 0. 0.],"geometry_msgs.msg.Vector3(x=0.63818359375, y=0.3984375, z=0.51806640625)",[0. 0. 0. 0. 0. 0. 0. 0. 0.],False
1731182656685355254,"std_msgs.msg.Header(stamp=builtin_interfaces.msg.Time(sec=1731182656, nanosec=684782408), frame_id='RL_myo')","geometry_msgs.msg.Quaternion(x=0.8310676333918269, y=0.10449381524433075, z=-0.45941877765425093, w=-0.29553683026463173)",[0. 0. 0. 0. 0. 0. 0. 0. 0.],"geometry_msgs.msg.Vector3(x=4.3125, y=7.25, z=11.8125)",[0. 0. 0. 0. 0. 0. 0. 0. 0.],"geometry_msgs.msg.Vector3(x=0.6328125, y=0.38525390625, z=0.50537109375)",[0. 0. 0. 0. 0. 0. 0. 0. 0.],False
1731182656713248004,"std_msgs.msg.Header(stamp=builtin_interfaces.msg.Time(sec=1731182656, nanosec=712633575), frame_id='RL_myo')","geometry_msgs.msg.Quaternion(x=0.8323085676102856, y=0.10437427769240161, z=-0.45875852113221666, w=-0.29310250378883773)",[0. 0. 0. 0. 0. 0. 0. 0. 0.],"geometry_msgs.msg.Vector3(x=4.8125, y=7.1875, z=12.375)",[0. 0. 0. 0. 0. 0. 0. 0. 0.],"geometry_msgs.msg.Vector3(x=0.6396484375, y=0.3798828125, z=0.51513671875)",[0. 0. 0. 0. 0. 0. 0. 0. 0.],False
1731182656728051409,"std_msgs.msg.Header(stamp=builtin_interfaces.msg.Time(sec=1731182656, nanosec=727560502), frame_id='RL_myo')","geometry_msgs.msg.Quaternion(x=0.8332490632178909, y=0.10418665037451948, z=-0.45861657347049756, w=-0.2907094409688554)",[0. 0. 0. 0. 0. 0. 0. 0. 0.],"geometry_msgs.msg.Vector3(x=6.6875, y=5.125, z=10.3125)",[0. 0. 0. 0. 0. 0. 0. 0. 0.],"geometry_msgs.msg.Vector3(x=0.6689453125, y=0.357421875, z=0.5146484375)",[0. 0. 0. 0. 0. 0. 0. 0. 0.],False
1731182656744405497,"std_msgs.msg.Header(stamp=builtin_interfaces.msg.Time(sec=1731182656, nanosec=743949586), frame_id='RL_myo')","geometry_msgs.msg.Quaternion(x=0.8340410245738511, y=0.10436956838794624, z=-0.45867678738913215, w=-0.28826752719080123)",[0. 0. 0. 0. 0. 0. 0. 0. 0.],"geometry_msgs.msg.Vector3(x=9.0, y=5.25, z=8.4375)",[0. 0. 0. 0. 0. 0. 0. 0. 0.],"geometry_msgs.msg.Vector3(x=0.6962890625, y=0.353515625, z=0.51806640625)",[0. 0. 0. 0. 0. 0. 0. 0. 0.],False
1731182656765832116,"std_msgs.msg.Header(stamp=builtin_interfaces.msg.Time(sec=1731182656, nanosec=765234571), frame_id='RL_myo')","geometry_msgs.msg.Quaternion(x=0.8343612503697908, y=0.10492077464416023, z=-0.45911231348072906, w=-0.28644164945028733)",[0. 0. 0. 0. 0. 0. 0. 0. 0.],"geometry_msgs.msg.Vector3(x=9.25, y=3.1875, z=4.125)",[0. 0. 0. 0. 0. 0. 0. 0. 0.],"geometry_msgs.msg.Vector3(x=0.7060546875, y=0.36083984375, z=0.505859375)",[0. 0. 0. 0. 0. 0. 0. 0. 0.],False
1731182656786543643,"std_msgs.msg.Header(stamp=builtin_interfaces.msg.Time(sec=1731182656, nanosec=786020635), frame_id='RL_myo')","geometry_msgs.msg.Quaternion(x=0.8344539738735443, y=0.10510018600133435, z=-0.4597065046237226, w=-0.285149865852633)",[0. 0. 0. 0. 0. 0. 0. 0. 0.],"geometry_msgs.msg.Vector3(x=5.6875, y=2.25, z=2.5)",[0. 0. 0. 0. 0. 0. 0. 0. 0.],"geometry_msgs.msg.Vector3(x=0.72705078125, y=0.37158203125, z=0.4921875)",[0. 0. 0. 0. 0. 0. 0. 0. 0.],False
1731182656805369138,"std_msgs.msg.Header(stamp=builtin_interfaces.msg.Time(sec=1731182656, nanosec=804770543), frame_id='RL_myo')","geometry_msgs.msg.Quaternion(x=0.8344234349158174, y=0.10485988305064547, z=-0.46015055781071956, w=-0.2846109631345517)",[0. 0. 0. 0. 0. 0. 0. 0. 0.],"geometry_msgs.msg.Vector3(x=0.625, y=2.1875, z=0.5625)",[0. 0. 0. 0. 0. 0. 0. 0. 0.],"geometry_msgs.msg.Vector3(x=0.72607421875, y=0.390625, z=0.478515625)",[0. 0. 0. 0. 0. 0. 0. 0. 0.],False
1731182656831593173,"std_msgs.msg.Header(stamp=builtin_interfaces.msg.Time(sec=1731182656, nanosec=831008588), frame_id='RL_myo')","geometry_msgs.msg.Quaternion(x=0.8341945731132745, y=0.10443454412795877, z=-0.46028106210925607, w=-0.2852265486323503)",[0. 0. 0. 0. 0. 0. 0. 0. 0.],"geometry_msgs.msg.Vector3(x=-4.4375, y=1.4375, z=-3.5)",[0. 0. 0. 0. 0. 0. 0. 0. 0.],"geometry_msgs.msg.Vector3(x=0.70947265625, y=0.41015625, z=0.482421875)",[0. 0. 0. 0. 0. 0. 0. 0. 0.],False
1731182656846286059,"std_msgs.msg.Header(stamp=builtin_interfaces.msg.Time(sec=1731182656, nanosec=845816570), frame_id='RL_myo')","geometry_msgs.msg.Quaternion(x=0.8337477741087714, y=0.10382173966025038, z=-0.46020923988141554, w=-0.2868678285732962)",[0. 0. 0. 0. 0. 0. 0. 0. 0.],"geometry_msgs.msg.Vector3(x=-9.125, y=0.0, z=-6.8125)",[0. 0. 0. 0. 0. 0. 0. 0. 0.],"geometry_msgs.msg.Vector3(x=0.68408203125, y=0.42919921875, z=0.48291015625)",[0. 0. 0. 0. 0. 0. 0. 0. 0.],False
1731182656865180503,"std_msgs.msg.Header(stamp=builtin_interfaces.msg.Time(sec=1731182656, nanosec=864593284), frame_id='RL_myo')","geometry_msgs.msg.Quaternion(x=0.8332412534797191, y=0.10296498642105817, z=-0.45983296247554967, w=-0.28924189131558664)",[0. 0. 0. 0. 0. 0. 0. 0. 0.],"geometry_msgs.msg.Vector3(x=-13.3125, y=-0.4375, z=-8.5)",[0. 0. 0. 0. 0. 0. 0. 0. 0.],"geometry_msgs.msg.Vector3(x=0.66162109375, y=0.439453125, z=0.47802734375)",[0. 0. 0. 0. 0. 0. 0. 0. 0.],False
1731182656885328968,"std_msgs.msg.Header(stamp=builtin_interfaces.msg.Time(sec=1731182656, nanosec=884936216), frame_id='RL_myo')","geometry_msgs.msg.Quaternion(x=0.8327622246621541, y=0.10162335855046076, z=-0.45910564745739685, w=-0.29223582026402767)",[0. 0. 0. 0. 0. 0. 0. 0. 0.],"geometry_msgs.msg.Vector3(x=-17.625, y=-1.125, z=-9.5625)",[0. 0. 0. 0. 0. 0. 0. 0. 0.],"geometry_msgs.msg.Vector3(x=0.63671875, y=0.44580078125, z=0.4921875)",[0. 0. 0. 0. 0. 0. 0. 0. 0.],False
1731182656906569482,"std_msgs.msg.Header(stamp=builtin_interfaces.msg.Time(sec=1731182656, nanosec=906040770), frame_id='RL_myo')","geometry_msgs.msg.Quaternion(x=0.8323576244911672, y=0.09997813220770932, z=-0.4582025875966263, w=-0.29535664331691414)",[0. 0. 0. 0. 0. 0. 0. 0. 0.],"geometry_msgs.msg.Vector3(x=-18.4375, y=-2.0625, z=-9.8125)",[0. 0. 0. 0. 0. 0. 0. 0. 0.],"geometry_msgs.msg.Vector3(x=0.63037109375, y=0.43505859375, z=0.51708984375)",[0. 0. 0. 0. 0. 0. 0. 0. 0.],False
1731182656939376387,"std_msgs.msg.Header(stamp=builtin_interfaces.msg.Time(sec=1731182656, nanosec=938808716), frame_id='RL_myo')","geometry_msgs.msg.Quaternion(x=0.8319516954123037, y=0.09850854936508387, z=-0.4574483131916379, w=-0.29815010139308223)",[0. 0. 0. 0. 0. 0. 0. 0. 0.],"geometry_msgs.msg.Vector3(x=-15.75, y=-2.6875, z=-9.25)",[0. 0. 0. 0. 0. 0. 0. 0. 0.],"geometry_msgs.msg.Vector3(x=0.6318359375, y=0.41796875, z=0.52587890625)",[0. 0. 0. 0. 0. 0. 0. 0. 0.],False
1731182656951636352,"std_msgs.msg.Header(stamp=builtin_interfaces.msg.Time(sec=1731182656, nanosec=951077473), frame_id='RL_myo')","geometry_msgs.msg.Quaternion(x=0.8315120136121542, y=0.09772082021530198, z=-0.45704778374277405, w=-0.3002427949026049)",[0. 0. 0. 0. 0. 0. 0. 0. 0.],"geometry_msgs.msg.Vector3(x=-10.1875, y=-2.75, z=-7.9375)",[0. 0. 0. 0. 0. 0. 0. 0. 0.],"geometry_msgs.msg.Vector3(x=0.63623046875, y=0.416015625, z=0.52734375)",[0. 0. 0. 0. 0. 0. 0. 0. 0.],False
1731182656969409500,"std_msgs.msg.Header(stamp=builtin_interfaces.msg.Time(sec=1731182656, nanosec=968882707), frame_id='RL_myo')","geometry_msgs.msg.Quaternion(x=0.8310747358551784, y=0.09753653260109982, z=-0.4569202021600959, w=-0.3017040554738651)",[0. 0. 0. 0. 0. 0. 0. 0. 0.],"geometry_msgs.msg.Vector3(x=-4.5, y=-2.8125, z=-6.5)",[0. 0. 0. 0. 0. 0. 0. 0. 0.],"geometry_msgs.msg.Vector3(x=0.638671875, y=0.416015625, z=0.54052734375)",[0. 0. 0. 0. 0. 0. 0. 0. 0.],False
1731182656984603192,"std_msgs.msg.Header(stamp=builtin_interfaces.msg.Time(sec=1731182656, nanosec=984114330), frame_id='RL_myo')","geometry_msgs.msg.Quaternion(x=0.8306208242641488, y=0.09789961070759753, z=-0.4571496784288688, w=-0.3024878246052702)",[0. 0. 0. 0. 0. 0. 0. 0. 0.],"geometry_msgs.msg.Vector3(x=0.5, y=-3.3125, z=-4.625)",[0. 0. 0. 0. 0. 0. 0. 0. 0.],"geometry_msgs.msg.Vector3(x=0.6376953125, y=0.4169921875, z=0.53564453125)",[0. 0. 0. 0. 0. 0. 0. 0. 0.],False
1731182657005619401,"std_msgs.msg.Header(stamp=builtin_interfaces.msg.Time(sec=1731182657, nanosec=5030930), frame_id='RL_myo')","geometry_msgs.msg.Quaternion(x=0.8301423160800482, y=0.09869422285871907, z=-0.45764334136962, w=-0.30279656128763466)",[0. 0. 0. 0. 0. 0. 0. 0. 0.],"geometry_msgs.msg.Vector3(x=3.375, y=-2.75, z=-2.875)",[0. 0. 0. 0. 0. 0. 0. 0. 0.],"geometry_msgs.msg.Vector3(x=0.6416015625, y=0.42919921875, z=0.52734375)",[0. 0. 0. 0. 0. 0. 0. 0. 0.],False
1731182657033987711,"std_msgs.msg.Header(stamp=builtin_interfaces.msg.Time(sec=1731182657, nanosec=33475593), frame_id='RL_myo')","geometry_msgs.msg.Quaternion(x=0.8299180266283452, y=0.09936798906751093, z=-0.45802050980503806, w=-0.30262069397832875)",[0. 0. 0. 0. 0. 0. 0. 0. 0.],"geometry_msgs.msg.Vector3(x=3.8125, y=-1.5625, z=-0.625)",[0. 0. 0. 0. 0. 0. 0. 0. 0.],"geometry_msgs.msg.Vector3(x=0.64599609375, y=0.41943359375, z=0.52099609375)",[0. 0. 0. 0. 0. 0. 0. 0. 0.],False
1731182657044502846,"std_msgs.msg.Header(stamp=builtin_interfaces.msg.Time(sec=1731182657, nanosec=43986435), frame_id='RL_myo')","geometry_msgs.msg.Quaternion(x=0.8298498466620531, y=0.09985542432620763, z=-0.45832174893978794, w=-0.3021908348649474)",[0. 0. 0. 0. 0. 0. 0. 0. 0.],"geometry_msgs.msg.Vector3(x=4.0625, y=-0.5625, z=0.9375)",[0. 0. 0. 0. 0. 0. 0. 0. 0.],"geometry_msgs.msg.Vector3(x=0.64794921875, y=0.4140625, z=0.5224609375)",[0. 0. 0. 0. 0. 0. 0. 0. 0.],False
1731182657079476770,"std_msgs.msg.Header(stamp=builtin_interfaces.msg.Time(sec=1731182657, nanosec=78927459), frame_id='RL_myo')","geometry_msgs.msg.Quaternion(x=0.8299639482350498, y=0.10040378694268694, z=-0.45843941867873655, w=-0.3015165395117772)",[0. 0. 0. 0. 0. 0. 0. 0. 0.],"geometry_msgs.msg.Vector3(x=4.8125, y=0.8125, z=1.5625)",[0. 0. 0. 0. 0. 0. 0. 0. 0.],"geometry_msgs.msg.Vector3(x=0.65234375, y=0.40283203125, z=0.51806640625)",[0. 0. 0. 0. 0. 0. 0. 0. 0.],False
1731182657105240984,"std_msgs.msg.Header(stamp=builtin_interfaces.msg.Time(sec=1731182657, nanosec=104614737), frame_id='RL_myo')","geometry_msgs.msg.Quaternion(x=0.8302751769953064, y=0.10083177184417012, z=-0.4583817230930494, w=-0.3006031939058946)",[0. 0. 0. 0. 0. 0. 0. 0. 0.],"geometry_msgs.msg.Vector3(x=4.6875, y=2.375, z=3.125)",[0. 0. 0. 0. 0. 0. 0. 0. 0.],"geometry_msgs.msg.Vector3(x=0.64013671875, y=0.39697265625, z=0.51513671875)",[0. 0. 0. 0. 0. 0. 0. 0. 0.],False
1731182657109066717,"std_msgs.msg.Header(stamp=builtin_interfaces.msg.Time(sec=1731182657, nanosec=108532821), frame_id='RL_myo')","geometry_msgs.msg.Quaternion(x=0.8307659161024334, y=0.10089310552621573, z=-0.4580778929063818, w=-0.29968853486613384)",[0. 0. 0. 0. 0. 0. 0. 0. 0.],"geometry_msgs.msg.Vector3(x=3.125, y=2.375, z=4.0)",[0. 0. 0. 0. 0. 0. 0. 0. 0.],"geometry_msgs.msg.Vector3(x=0.63427734375, y=0.3828125, z=0.525390625)",[0. 0. 0. 0. 0. 0. 0. 0. 0.],False
1731182657127837889,"std_msgs.msg.Header(stamp=builtin_interfaces.msg.Time(sec=1731182657, nanosec=127242234), frame_id='RL_myo')","geometry_msgs.msg.Quaternion(x=0.8312428667977229, y=0.10064758699973897, z=-0.45782750156764224, w=-0.2988299490301528)",[0. 0. 0. 0. 0. 0. 0. 0. 0.],"geometry_msgs.msg.Vector3(x=1.75, y=1.75, z=4.125)",[0. 0. 0. 0. 0. 0. 0. 0. 0.],"geometry_msgs.msg.Vector3(x=0.640625, y=0.37744140625, z=0.5322265625)",[0. 0. 0. 0. 0. 0. 0. 0. 0.],False
1731182657142768105,"std_msgs.msg.Header(stamp=builtin_interfaces.msg.Time(sec=1731182657, nanosec=142249481), frame_id='RL_myo')","geometry_msgs.msg.Quaternion(x=0.8317503700029262, y=0.10022265410910726, z=-0.45747185904248416, w=-0.29810441088238726)",[0. 0. 0. 0. 0. 0. 0. 0. 0.],"geometry_msgs.msg.Vector3(x=0.875, y=1.8125, z=3.625)",[0. 0. 0. 0. 0. 0. 0. 0. 0.],"geometry_msgs.msg.Vector3(x=0.65576171875, y=0.3798828125, z=0.541015625)",[0. 0. 0. 0. 0. 0. 0. 0. 0.],False
1731182657164599137,"std_msgs.msg.Header(stamp=builtin_interfaces.msg.Time(sec=1731182657, nanosec=164050091), frame_id='RL_myo')","geometry_msgs.msg.Quaternion(x=0.8321656834386207, y=0.09985499912759158, z=-0.4570380400167517, w=-0.297733915491682)",[0. 0. 0. 0. 0. 0. 0. 0. 0.],"geometry_msgs.msg.Vector3(x=-0.8125, y=2.625, z=1.8125)",[0. 0. 0. 0. 0. 0. 0. 0. 0.],"geometry_msgs.msg.Vector3(x=0.66259765625, y=0.38427734375, z=0.53173828125)",[0. 0. 0. 0. 0. 0. 0. 0. 0.],False
1731182657186792921,"std_msgs.msg.Header(stamp=builtin_interfaces.msg.Time(sec=1731182657, nanosec=186421900), frame_id='RL_myo')","geometry_msgs.msg.Quaternion(x=0.832655682684602, y=0.09912277002490791, z=-0.45618447239295673, w=-0.29791763577067454)",[0. 0. 0. 0. 0. 0. 0. 0. 0.],"geometry_msgs.msg.Vector3(x=-4.75, y=4.125, z=0.5625)",[0. 0. 0. 0. 0. 0. 0. 0. 0.],"geometry_msgs.msg.Vector3(x=0.65478515625, y=0.388671875, z=0.5244140625)",[0. 0. 0. 0. 0. 0. 0. 0. 0.],False
1731182657213983306,"std_msgs.msg.Header(stamp=builtin_interfaces.msg.Time(sec=1731182657, nanosec=213449354), frame_id='RL_myo')","geometry_msgs.msg.Quaternion(x=0.833184640446353, y=0.09814379179823716, z=-0.4550746962982937, w=-0.2984596653565794)",[0. 0. 0. 0. 0. 0. 0. 0. 0.],"geometry_msgs.msg.Vector3(x=-8.4375, y=4.8125, z=0.0)",[0. 0. 0. 0. 0. 0. 0. 0. 0.],"geometry_msgs.msg.Vector3(x=0.65625, y=0.40380859375, z=0.5263671875)",[0. 0. 0. 0. 0. 0. 0. 0. 0.],False
1731182657230050555,"std_msgs.msg.Header(stamp=builtin_interfaces.msg.Time(sec=1731182657, nanosec=229531024), frame_id='RL_myo')","geometry_msgs.msg.Quaternion(x=0.8336897106491543, y=0.09710815796491723, z=-0.4540462521062346, w=-0.2989539646210965)",[0. 0. 0. 0. 0. 0. 0. 0. 0.],"geometry_msgs.msg.Vector3(x=-7.8125, y=3.875, z=0.1875)",[0. 0. 0. 0. 0. 0. 0. 0. 0.],"geometry_msgs.msg.Vector3(x=0.6533203125, y=0.3974609375, z=0.54150390625)",[0. 0. 0. 0. 0. 0. 0. 0. 0.],False
1731182657246533193,"std_msgs.msg.Header(stamp=builtin_interfaces.msg.Time(sec=1731182657, nanosec=245886781), frame_id='RL_myo')","geometry_msgs.msg.Quaternion(x=0.8340667518257293, y=0.09649905119915683, z=-0.4533197047793408, w=-0.2992019917636096)",[0. 0. 0. 0. 0. 0. 0. 0. 0.],"geometry_msgs.msg.Vector3(x=-5.25, y=3.0625, z=0.8125)",[0. 0. 0. 0. 0. 0. 0. 0. 0.],"geometry_msgs.msg.Vector3(x=0.6455078125, y=0.40771484375, z=0.53076171875)",[0. 0. 0. 0. 0. 0. 0. 0. 0.],False
1731182657267581984,"std_msgs.msg.Header(stamp=builtin_interfaces.msg.Time(sec=1731182657, nanosec=267061336), frame_id='RL_myo')","geometry_msgs.msg.Quaternion(x=0.834350472488291, y=0.09613035802260851, z=-0.4528807977954001, w=-0.2991942952551282)",[0. 0. 0. 0. 0. 0. 0. 0. 0.],"geometry_msgs.msg.Vector3(x=-2.6875, y=2.0, z=1.75)",[0. 0. 0. 0. 0. 0. 0. 0. 0.],"geometry_msgs.msg.Vector3(x=0.6552734375, y=0.41162109375, z=0.53759765625)",[0. 0. 0. 0. 0. 0. 0. 0. 0.],False
1731182657283793237,"std_msgs.msg.Header(stamp=builtin_interfaces.msg.Time(sec=1731182657, nanosec=283160955), frame_id='RL_myo')","geometry_msgs.msg.Quaternion(x=0.8345254125813003, y=0.096068382900824, z=-0.4528153321100466, w=-0.2988251605352188)",[0. 0. 0. 0. 0. 0. 0. 0. 0.],"geometry_msgs.msg.Vector3(x=0.0625, y=1.4375, z=1.8125)",[0. 0. 0. 0. 0. 0. 0. 0. 0.],"geometry_msgs.msg.Vector3(x=0.66455078125, y=0.40771484375, z=0.53466796875)",[0. 0. 0. 0. 0. 0. 0. 0. 0.],False
1731182657307191204,"std_msgs.msg.Header(stamp=builtin_interfaces.msg.Time(sec=1731182657, nanosec=306550552), frame_id='RL_myo')","geometry_msgs.msg.Quaternion(x=0.8345254125813003, y=0.096068382900824, z=-0.4528153321100466, w=-0.2988251605352188)",[0. 0. 0. 0. 0. 0. 0. 0. 0.],"geometry_msgs.msg.Vector3(x=0.5, y=0.5, z=0.6875)",[0. 0. 0. 0. 0. 0. 0. 0. 0.],"geometry_msgs.msg.Vector3(x=0.6669921875, y=0.39990234375, z=0.5341796875)",[0. 0. 0. 0. 0. 0. 0. 0. 0.],False
1731182657320780875,"std_msgs.msg.Header(stamp=builtin_interfaces.msg.Time(sec=1731182657, nanosec=320190264), frame_id='RL_myo')","geometry_msgs.msg.Quaternion(x=0.8345303043018228, y=0.096007911114369, z=-0.45281798636840664, w=-0.2988269121525433)",[0. 0. 0. 0. 0. 0. 0. 0. 0.],"geometry_msgs.msg.Vector3(x=0.9375, y=0.375, z=0.0625)",[0. 0. 0. 0. 0. 0. 0. 0. 0.],"geometry_msgs.msg.Vector3(x=0.66748046875, y=0.39892578125, z=0.53515625)",[0. 0. 0. 0. 0. 0. 0. 0. 0.],False
1731182657350126159,"std_msgs.msg.Header(stamp=builtin_interfaces.msg.Time(sec=1731182657, nanosec=349626218), frame_id='RL_myo')","geometry_msgs.msg.Quaternion(x=0.8344583195123473, y=0.09618975362430217, z=-0.45299514682713876, w=-0.29870092273942567)",[0. 0. 0. 0. 0. 0. 0. 0. 0.],"geometry_msgs.msg.Vector3(x=1.3125, y=0.0, z=-0.25)",[0. 0. 0. 0. 0. 0. 0. 0. 0.],"geometry_msgs.msg.Vector3(x=0.66162109375, y=0.400390625, z=0.529296875)",[0. 0. 0. 0. 0. 0. 0. 0. 0.],False
1731182657366813857,"std_msgs.msg.Header(stamp=builtin_interfaces.msg.Time(sec=1731182657, nanosec=366248735), frame_id='RL_myo')","geometry_msgs.msg.Quaternion(x=0.8343182139647655, y=0.09637782279979258, z=-0.4533236795022543, w=-0.29853320539188444)",[0. 0. 0. 0. 0. 0. 0. 0. 0.],"geometry_msgs.msg.Vector3(x=2.3125, y=-1.4375, z=-0.625)",[0. 0. 0. 0. 0. 0. 0. 0. 0.],"geometry_msgs.msg.Vector3(x=0.6494140625, y=0.3876953125, z=0.52685546875)",[0. 0. 0. 0. 0. 0. 0. 0. 0.],False
1731182657387155749,"std_msgs.msg.Header(stamp=builtin_interfaces.msg.Time(sec=1731182657, nanosec=386593064), frame_id='RL_myo')","geometry_msgs.msg.Quaternion(x=0.8339676778226517, y=0.09698292155007271, z=-0.4539704030770553, w=-0.29833387069651063)",[0. 0. 0. 0. 0. 0. 0. 0. 0.],"geometry_msgs.msg.Vector3(x=4.5625, y=-2.0625, z=-1.1875)",[0. 0. 0. 0. 0. 0. 0. 0. 0.],"geometry_msgs.msg.Vector3(x=0.6494140625, y=0.3955078125, z=0.51220703125)",[0. 0. 0. 0. 0. 0. 0. 0. 0.],False
1731182657410082181,"std_msgs.msg.Header(stamp=builtin_interfaces.msg.Time(sec=1731182657, nanosec=409497886), frame_id='RL_myo')","geometry_msgs.msg.Quaternion(x=0.8336422868451152, y=0.09790322361250291, z=-0.4544809245752473, w=-0.29816536617648176)",[0. 0. 0. 0. 0. 0. 0. 0. 0.],"geometry_msgs.msg.Vector3(x=4.6875, y=-1.0, z=-1.0625)",[0. 0. 0. 0. 0. 0. 0. 0. 0.],"geometry_msgs.msg.Vector3(x=0.6435546875, y=0.416015625, z=0.505859375)",[0. 0. 0. 0. 0. 0. 0. 0. 0.],False
1731182657426166128,"std_msgs.msg.Header(stamp=builtin_interfaces.msg.Time(sec=1731182657, nanosec=425638465), frame_id='RL_myo')","geometry_msgs.msg.Quaternion(x=0.8334777250890145, y=0.09850857119900919, z=-0.4547018930809284, w=-0.29808913366540324)",[0. 0. 0. 0. 0. 0. 0. 0. 0.],"geometry_msgs.msg.Vector3(x=2.4375, y=0.0, z=-0.1875)",[0. 0. 0. 0. 0. 0. 0. 0. 0.],"geometry_msgs.msg.Vector3(x=0.64013671875, y=0.423828125, z=0.51416015625)",[0. 0. 0. 0. 0. 0. 0. 0. 0.],False
1731182657440486208,"std_msgs.msg.Header(stamp=builtin_interfaces.msg.Time(sec=1731182657, nanosec=440002867), frame_id='RL_myo')","geometry_msgs.msg.Quaternion(x=0.8334540760683179, y=0.09857402657270842, z=-0.4547222897626487, w=-0.298102505127621)",[0. 0. 0. 0. 0. 0. 0. 0. 0.],"geometry_msgs.msg.Vector3(x=0.0, y=0.5, z=0.125)",[0. 0. 0. 0. 0. 0. 0. 0. 0.],"geometry_msgs.msg.Vector3(x=0.638671875, y=0.42236328125, z=0.5126953125)",[0. 0. 0. 0. 0. 0. 0. 0. 0.],False
1731182657463823411,"std_msgs.msg.Header(stamp=builtin_interfaces.msg.Time(sec=1731182657, nanosec=463184948), frame_id='RL_myo')","geometry_msgs.msg.Quaternion(x=0.8335635350949351, y=0.09845046365293478, z=-0.45447126618707523, w=-0.29822006534918744)",[0. 0. 0. 0. 0. 0. 0. 0. 0.],"geometry_msgs.msg.Vector3(x=-2.125, y=1.25, z=1.0)",[0. 0. 0. 0. 0. 0. 0. 0. 0.],"geometry_msgs.msg.Vector3(x=0.63916015625, y=0.41943359375, z=0.5205078125)",[0. 0. 0. 0. 0. 0. 0. 0. 0.],False
1731182657492592359,"std_msgs.msg.Header(stamp=builtin_interfaces.msg.Time(sec=1731182657, nanosec=492108008), frame_id='RL_myo')","geometry_msgs.msg.Quaternion(x=0.8338658133648996, y=0.09814494421686126, z=-0.4541034732421939, w=-0.29803592202172485)",[0. 0. 0. 0. 0. 0. 0. 0. 0.],"geometry_msgs.msg.Vector3(x=-1.8125, y=1.5625, z=1.875)",[0. 0. 0. 0. 0. 0. 0. 0. 0.],"geometry_msgs.msg.Vector3(x=0.6484375, y=0.40283203125, z=0.53271484375)",[0. 0. 0. 0. 0. 0. 0. 0. 0.],False
1731182657509578954,"std_msgs.msg.Header(stamp=builtin_interfaces.msg.Time(sec=1731182657, nanosec=509034335), frame_id='RL_myo')","geometry_msgs.msg.Quaternion(x=0.834113199086405, y=0.09790118332610813, z=-0.4538610967661721, w=-0.29779293855865435)",[0. 0. 0. 0. 0. 0. 0. 0. 0.],"geometry_msgs.msg.Vector3(x=-0.5, y=1.625, z=1.5)",[0. 0. 0. 0. 0. 0. 0. 0. 0.],"geometry_msgs.msg.Vector3(x=0.6484375, y=0.38818359375, z=0.53125)",[0. 0. 0. 0. 0. 0. 0. 0. 0.],False
1731182657523700181,"std_msgs.msg.Header(stamp=builtin_interfaces.msg.Time(sec=1731182657, nanosec=523137340), frame_id='RL_myo')","geometry_msgs.msg.Quaternion(x=0.8343506341145754, y=0.0979614314377391, z=-0.4536133074425402, w=-0.29748536873990056)",[0. 0. 0. 0. 0. 0. 0. 0. 0.],"geometry_msgs.msg.Vector3(x=1.5, y=1.4375, z=0.8125)",[0. 0. 0. 0. 0. 0. 0. 0. 0.],"geometry_msgs.msg.Vector3(x=0.64794921875, y=0.38720703125, z=0.5400390625)",[0. 0. 0. 0. 0. 0. 0. 0. 0.],False
1731182657546848575,"std_msgs.msg.Header(stamp=builtin_interfaces.msg.Time(sec=1731182657, nanosec=546371559), frame_id='RL_myo')","geometry_msgs.msg.Quaternion(x=0.8344737100853262, y=0.09820569042768358, z=-0.45361385410723704, w=-0.2970584806162436)",[0. 0. 0. 0. 0. 0. 0. 0. 0.],"geometry_msgs.msg.Vector3(x=3.1875, y=0.6875, z=0.25)",[0. 0. 0. 0. 0. 0. 0. 0. 0.],"geometry_msgs.msg.Vector3(x=0.65283203125, y=0.3837890625, z=0.53515625)",[0. 0. 0. 0. 0. 0. 0. 0. 0.],False
1731182657560652167,"std_msgs.msg.Header(stamp=builtin_interfaces.msg.Time(sec=1731182657, nanosec=560090072), frame_id='RL_myo')","geometry_msgs.msg.Quaternion(x=0.8344911269243918, y=0.09863499569264315, z=-0.4536843582818172, w=-0.2967594981792271)",[0. 0. 0. 0. 0. 0. 0. 0. 0.],"geometry_msgs.msg.Vector3(x=3.5, y=-0.0625, z=0.3125)",[0. 0. 0. 0. 0. 0. 0. 0. 0.],"geometry_msgs.msg.Vector3(x=0.65283203125, y=0.39794921875, z=0.54296875)",[0. 0. 0. 0. 0. 0. 0. 0. 0.],False
1731182657597131616,"std_msgs.msg.Header(stamp=builtin_interfaces.msg.Time(sec=1731182657, nanosec=596604012), frame_id='RL_myo')","geometry_msgs.msg.Quaternion(x=0.834373722772733, y=0.09912384241279579, z=-0.4539920811985068, w=-0.2964559745067421)",[0. 0. 0. 0. 0. 0. 0. 0. 0.],"geometry_msgs.msg.Vector3(x=4.0, y=-0.5625, z=-0.6875)",[0. 0. 0. 0. 0. 0. 0. 0. 0.],"geometry_msgs.msg.Vector3(x=0.65966796875, y=0.39990234375, z=0.5322265625)",[0. 0. 0. 0. 0. 0. 0. 0. 0.],False
1731182657606282161,"std_msgs.msg.Header(stamp=builtin_interfaces.msg.Time(sec=1731182657, nanosec=605722802), frame_id='RL_myo')","geometry_msgs.msg.Quaternion(x=0.8342267721864203, y=0.09960916682822929, z=-0.45416164851032725, w=-0.2964471343656309)",[0. 0. 0. 0. 0. 0. 0. 0. 0.],"geometry_msgs.msg.Vector3(x=2.6875, y=-0.375, z=-1.5)",[0. 0. 0. 0. 0. 0. 0. 0. 0.],"geometry_msgs.msg.Vector3(x=0.65478515625, y=0.40478515625, z=0.53173828125)",[0. 0. 0. 0. 0. 0. 0. 0. 0.],False
1731182657627617544,"std_msgs.msg.Header(stamp=builtin_interfaces.msg.Time(sec=1731182657, nanosec=627126096), frame_id='RL_myo')","geometry_msgs.msg.Quaternion(x=0.8340641417061556, y=0.09997783125610558, z=-0.45429487059779844, w=-0.29657648478230586)",[0. 0. 0. 0. 0. 0. 0. 0. 0.],"geometry_msgs.msg.Vector3(x=1.5625, y=-0.5, z=-1.5)",[0. 0. 0. 0. 0. 0. 0. 0. 0.],"geometry_msgs.msg.Vector3(x=0.64599609375, y=0.40966796875, z=0.52490234375)",[0. 0. 0. 0. 0. 0. 0. 0. 0.],False
1731182657657764447,"std_msgs.msg.Header(stamp=builtin_interfaces.msg.Time(sec=1731182657, nanosec=657221821), frame_id='RL_myo')","geometry_msgs.msg.Quaternion(x=0.8338701748105042, y=0.1003427439165912, z=-0.45453309850781914, w=-0.29663365902349953)",[0. 0. 0. 0. 0. 0. 0. 0. 0.],"geometry_msgs.msg.Vector3(x=1.3125, y=-0.75, z=-1.0)",[0. 0. 0. 0. 0. 0. 0. 0. 0.],"geometry_msgs.msg.Vector3(x=0.65185546875, y=0.4169921875, z=0.52392578125)",[0. 0. 0. 0. 0. 0. 0. 0. 0.],False
1731182657667817328,"std_msgs.msg.Header(stamp=builtin_interfaces.msg.Time(sec=1731182657, nanosec=667196497), frame_id='RL_myo')","geometry_msgs.msg.Quaternion(x=0.8337409083614135, y=0.1007080892237432, z=-0.45465124644100796, w=-0.2966921343737065)",[0. 0. 0. 0. 0. 0. 0. 0. 0.],"geometry_msgs.msg.Vector3(x=1.625, y=-0.5625, z=-0.5625)",[0. 0. 0. 0. 0. 0. 0. 0. 0.],"geometry_msgs.msg.Vector3(x=0.6396484375, y=0.4189453125, z=0.5224609375)",[0. 0. 0. 0. 0. 0. 0. 0. 0.],False
1731182657687648028,"std_msgs.msg.Header(stamp=builtin_interfaces.msg.Time(sec=1731182657, nanosec=687077368), frame_id='RL_myo')","geometry_msgs.msg.Quaternion(x=0.8336163101032983, y=0.10119606400287513, z=-0.4547719378078544, w=-0.29669123469117975)",[0. 0. 0. 0. 0. 0. 0. 0. 0.],"geometry_msgs.msg.Vector3(x=1.5625, y=-0.75, z=-0.125)",[0. 0. 0. 0. 0. 0. 0. 0. 0.],"geometry_msgs.msg.Vector3(x=0.63427734375, y=0.42578125, z=0.525390625)",[0. 0. 0. 0. 0. 0. 0. 0. 0.],False
1731182657703634763,"std_msgs.msg.Header(stamp=builtin_interfaces.msg.Time(sec=1731182657, nanosec=703121220), frame_id='RL_myo')","geometry_msgs.msg.Quaternion(x=0.8334989426157876, y=0.10150181177285111, z=-0.4549576097142707, w=-0.29663187325078555)",[0. 0. 0. 0. 0. 0. 0. 0. 0.],"geometry_msgs.msg.Vector3(x=1.3125, y=-1.125, z=0.5)",[0. 0. 0. 0. 0. 0. 0. 0. 0.],"geometry_msgs.msg.Vector3(x=0.6396484375, y=0.4248046875, z=0.52880859375)",[0. 0. 0. 0. 0. 0. 0. 0. 0.],False
1731182657726868167,"std_msgs.msg.Header(stamp=builtin_interfaces.msg.Time(sec=1731182657, nanosec=726366505), frame_id='RL_myo')","geometry_msgs.msg.Quaternion(x=0.8333841538020285, y=0.10150269867971096, z=-0.4552057286550116, w=-0.29657342927523483)",[0. 0. 0. 0. 0. 0. 0. 0. 0.],"geometry_msgs.msg.Vector3(x=0.0, y=-1.125, z=1.125)",[0. 0. 0. 0. 0. 0. 0. 0. 0.],"geometry_msgs.msg.Vector3(x=0.65185546875, y=0.4267578125, z=0.52490234375)",[0. 0. 0. 0. 0. 0. 0. 0. 0.],False
1731182657747880454,"std_msgs.msg.Header(stamp=builtin_interfaces.msg.Time(sec=1731182657, nanosec=747308602), frame_id='RL_myo')","geometry_msgs.msg.Quaternion(x=0.833308192128495, y=0.10143984584469046, z=-0.4554417146167751, w=-0.2964460476941405)",[0. 0. 0. 0. 0. 0. 0. 0. 0.],"geometry_msgs.msg.Vector3(x=-0.25, y=-1.0, z=1.1875)",[0. 0. 0. 0. 0. 0. 0. 0. 0.],"geometry_msgs.msg.Vector3(x=0.65234375, y=0.4189453125, z=0.5166015625)",[0. 0. 0. 0. 0. 0. 0. 0. 0.],False
1731182657771983481,"std_msgs.msg.Header(stamp=builtin_interfaces.msg.Time(sec=1731182657, nanosec=771429478), frame_id='RL_myo')","geometry_msgs.msg.Quaternion(x=0.8331925226783344, y=0.10125751923839696, z=-0.45581142475729264, w=-0.2962652190374797)",[0. 0. 0. 0. 0. 0. 0. 0. 0.],"geometry_msgs.msg.Vector3(x=0.5, y=-1.75, z=0.8125)",[0. 0. 0. 0. 0. 0. 0. 0. 0.],"geometry_msgs.msg.Vector3(x=0.66357421875, y=0.40380859375, z=0.5224609375)",[0. 0. 0. 0. 0. 0. 0. 0. 0.],False
1731182657799484042,"std_msgs.msg.Header(stamp=builtin_interfaces.msg.Time(sec=1731182657, nanosec=798948126), frame_id='RL_myo')","geometry_msgs.msg.Quaternion(x=0.8329358271836761, y=0.10137806176830702, z=-0.456414898195906, w=-0.2960166162409928)",[0. 0. 0. 0. 0. 0. 0. 0. 0.],"geometry_msgs.msg.Vector3(x=2.375, y=-2.5625, z=0.0)",[0. 0. 0. 0. 0. 0. 0. 0. 0.],"geometry_msgs.msg.Vector3(x=0.66064453125, y=0.4013671875, z=0.515625)",[0. 0. 0. 0. 0. 0. 0. 0. 0.],False
1731182657810539404,"std_msgs.msg.Header(stamp=builtin_interfaces.msg.Time(sec=1731182657, nanosec=809839799), frame_id='RL_myo')","geometry_msgs.msg.Quaternion(x=0.8326426360252932, y=0.1018678023402884, z=-0.4571538882736729, w=-0.29553259372778695)",[0. 0. 0. 0. 0. 0. 0. 0. 0.],"geometry_msgs.msg.Vector3(x=5.1875, y=-2.75, z=0.1875)",[0. 0. 0. 0. 0. 0. 0. 0. 0.],"geometry_msgs.msg.Vector3(x=0.65771484375, y=0.3974609375, z=0.515625)",[0. 0. 0. 0. 0. 0. 0. 0. 0.],False
1731182657830013246,"std_msgs.msg.Header(stamp=builtin_interfaces.msg.Time(sec=1731182657, nanosec=829507529), frame_id='RL_myo')","geometry_msgs.msg.Quaternion(x=0.8322781965622216, y=0.10284458501080547, z=-0.45807039199174776, w=-0.2948007985769676)",[0. 0. 0. 0. 0. 0. 0. 0. 0.],"geometry_msgs.msg.Vector3(x=8.375, y=-3.25, z=1.0625)",[0. 0. 0. 0. 0. 0. 0. 0. 0.],"geometry_msgs.msg.Vector3(x=0.642578125, y=0.40673828125, z=0.513671875)",[0. 0. 0. 0. 0. 0. 0. 0. 0.],False
1731182657846229917,"std_msgs.msg.Header(stamp=builtin_interfaces.msg.Time(sec=1731182657, nanosec=845689520), frame_id='RL_myo')","geometry_msgs.msg.Quaternion(x=0.831790522557275, y=0.10388226220960392, z=-0.4592304000382255, w=-0.29400755409145835)",[0. 0. 0. 0. 0. 0. 0. 0. 0.],"geometry_msgs.msg.Vector3(x=8.875, y=-4.375, z=1.375)",[0. 0. 0. 0. 0. 0. 0. 0. 0.],"geometry_msgs.msg.Vector3(x=0.64990234375, y=0.41943359375, z=0.51171875)",[0. 0. 0. 0. 0. 0. 0. 0. 0.],False
1731182657867495977,"std_msgs.msg.Header(stamp=builtin_interfaces.msg.Time(sec=1731182657, nanosec=866988433), frame_id='RL_myo')","geometry_msgs.msg.Quaternion(x=0.8311613166221091, y=0.1052226545642911, z=-0.4603796307299581, w=-0.2935126135728978)",[0. 0. 0. 0. 0. 0. 0. 0. 0.],"geometry_msgs.msg.Vector3(x=8.4375, y=-4.25, z=-0.1875)",[0. 0. 0. 0. 0. 0. 0. 0. 0.],"geometry_msgs.msg.Vector3(x=0.6474609375, y=0.43798828125, z=0.501953125)",[0. 0. 0. 0. 0. 0. 0. 0. 0.],False
1731182657883756940,"std_msgs.msg.Header(stamp=builtin_interfaces.msg.Time(sec=1731182657, nanosec=883181287), frame_id='RL_myo')","geometry_msgs.msg.Quaternion(x=0.8305554316913599, y=0.10674907775045478, z=-0.46123658122366307, w=-0.2933310850021073)",[0. 0. 0. 0. 0. 0. 0. 0. 0.],"geometry_msgs.msg.Vector3(x=8.4375, y=-3.5625, z=-1.9375)",[0. 0. 0. 0. 0. 0. 0. 0. 0.],"geometry_msgs.msg.Vector3(x=0.63720703125, y=0.4423828125, z=0.509765625)",[0. 0. 0. 0. 0. 0. 0. 0. 0.],False
1731182657906864251,"std_msgs.msg.Header(stamp=builtin_interfaces.msg.Time(sec=1731182657, nanosec=906284509), frame_id='RL_myo')","geometry_msgs.msg.Quaternion(x=0.830051477173932, y=0.10803670230148243, z=-0.4618721617600664, w=-0.29328607602182094)",[0. 0. 0. 0. 0. 0. 0. 0. 0.],"geometry_msgs.msg.Vector3(x=6.8125, y=-2.9375, z=-2.125)",[0. 0. 0. 0. 0. 0. 0. 0. 0.],"geometry_msgs.msg.Vector3(x=0.63134765625, y=0.43896484375, z=0.509765625)",[0. 0. 0. 0. 0. 0. 0. 0. 0.],False
1731182657929349678,"std_msgs.msg.Header(stamp=builtin_interfaces.msg.Time(sec=1731182657, nanosec=928824427), frame_id='RL_myo')","geometry_msgs.msg.Quaternion(x=0.8296780134081414, y=0.10876820568625822, z=-0.46229539274282816, w=-0.29340559188206694)",[0. 0. 0. 0. 0. 0. 0. 0. 0.],"geometry_msgs.msg.Vector3(x=3.0, y=-2.25, z=-1.4375)",[0. 0. 0. 0. 0. 0. 0. 0. 0.],"geometry_msgs.msg.Vector3(x=0.64013671875, y=0.43896484375, z=0.50537109375)",[0. 0. 0. 0. 0. 0. 0. 0. 0.],False
1731182657944301207,"std_msgs.msg.Header(stamp=builtin_interfaces.msg.Time(sec=1731182657, nanosec=943793213), frame_id='RL_myo')","geometry_msgs.msg.Quaternion(x=0.8294815474923593, y=0.1091326715906062, z=-0.4624100223548281, w=-0.29364501287606626)",[0. 0. 0. 0. 0. 0. 0. 0. 0.],"geometry_msgs.msg.Vector3(x=0.6875, y=-0.5, z=-1.25)",[0. 0. 0. 0. 0. 0. 0. 0. 0.],"geometry_msgs.msg.Vector3(x=0.64892578125, y=0.43798828125, z=0.50927734375)",[0. 0. 0. 0. 0. 0. 0. 0. 0.],False
1731182657966992484,"std_msgs.msg.Header(stamp=builtin_interfaces.msg.Time(sec=1731182657, nanosec=966426506), frame_id='RL_myo')","geometry_msgs.msg.Quaternion(x=0.8295669320065483, y=0.10900577844053085, z=-0.46202337222554224, w=-0.2940592612130334)",[0. 0. 0. 0. 0. 0. 0. 0. 0.],"geometry_msgs.msg.Vector3(x=-2.5625, y=0.625, z=-1.0625)",[0. 0. 0. 0. 0. 0. 0. 0. 0.],"geometry_msgs.msg.Vector3(x=0.640625, y=0.42919921875, z=0.51611328125)",[0. 0. 0. 0. 0. 0. 0. 0. 0.],False
1731182657986916818,"std_msgs.msg.Header(stamp=builtin_interfaces.msg.Time(sec=1731182657, nanosec=986419710), frame_id='RL_myo')","geometry_msgs.msg.Quaternion(x=0.8298424672311866, y=0.10839954558712764, z=-0.46143049810736764, w=-0.2944366035542251)",[0. 0. 0. 0. 0. 0. 0. 0. 0.],"geometry_msgs.msg.Vector3(x=-5.1875, y=1.75, z=0.1875)",[0. 0. 0. 0. 0. 0. 0. 0. 0.],"geometry_msgs.msg.Vector3(x=0.646484375, y=0.42578125, z=0.51708984375)",[0. 0. 0. 0. 0. 0. 0. 0. 0.],False
1731182658009652291,"std_msgs.msg.Header(stamp=builtin_interfaces.msg.Time(sec=1731182658, nanosec=9156491), frame_id='RL_myo')","geometry_msgs.msg.Quaternion(x=0.8301915326924951, y=0.10821420287191545, z=-0.4608106213665886, w=-0.2944915560389126)",[0. 0. 0. 0. 0. 0. 0. 0. 0.],"geometry_msgs.msg.Vector3(x=-2.625, y=3.4375, z=0.9375)",[0. 0. 0. 0. 0. 0. 0. 0. 0.],"geometry_msgs.msg.Vector3(x=0.64599609375, y=0.42626953125, z=0.51171875)",[0. 0. 0. 0. 0. 0. 0. 0. 0.],False
1731182658040227174,"std_msgs.msg.Header(stamp=builtin_interfaces.msg.Time(sec=1731182658, nanosec=39750560), frame_id='RL_myo')","geometry_msgs.msg.Quaternion(x=0.8306679758897698, y=0.10778542582081803, z=-0.46013268701197463, w=-0.29436529373375164)",[0. 0. 0. 0. 0. 0. 0. 0. 0.],"geometry_msgs.msg.Vector3(x=-2.8125, y=3.25, z=2.125)",[0. 0. 0. 0. 0. 0. 0. 0. 0.],"geometry_msgs.msg.Vector3(x=0.64990234375, y=0.4169921875, z=0.5244140625)",[0. 0. 0. 0. 0. 0. 0. 0. 0.],False
1731182658050653140,"std_msgs.msg.Header(stamp=builtin_interfaces.msg.Time(sec=1731182658, nanosec=50121319), frame_id='RL_myo')","geometry_msgs.msg.Quaternion(x=0.8313453663374111, y=0.1072368995415044, z=-0.4594646441368498, w=-0.2936960504232892)",[0. 0. 0. 0. 0. 0. 0. 0. 0.],"geometry_msgs.msg.Vector3(x=-1.0, y=3.875, z=4.3125)",[0. 0. 0. 0. 0. 0. 0. 0. 0.],"geometry_msgs.msg.Vector3(x=0.65966796875, y=0.3994140625, z=0.533203125)",[0. 0. 0. 0. 0. 0. 0. 0. 0.],False
1731182658064431780,"std_msgs.msg.Header(stamp=builtin_interfaces.msg.Time(sec=1731182658, nanosec=63885018), frame_id='RL_myo')","geometry_msgs.msg.Quaternion(x=0.8319927447928045, y=0.10699752634596041, z=-0.4591188780229973, w=-0.2924883891898701)",[0. 0. 0. 0. 0. 0. 0. 0. 0.],"geometry_msgs.msg.Vector3(x=1.8125, y=4.0625, z=5.8125)",[0. 0. 0. 0. 0. 0. 0. 0. 0.],"geometry_msgs.msg.Vector3(x=0.6630859375, y=0.39501953125, z=0.51953125)",[0. 0. 0. 0. 0. 0. 0. 0. 0.],False
1731182658086848951,"std_msgs.msg.Header(stamp=builtin_interfaces.msg.Time(sec=1731182658, nanosec=86286994), frame_id='RL_myo')","geometry_msgs.msg.Quaternion(x=0.8327201763147929, y=0.10687480969927453, z=-0.45856678770454, w=-0.2913269370043617)",[0. 0. 0. 0. 0. 0. 0. 0. 0.],"geometry_msgs.msg.Vector3(x=1.75, y=4.6875, z=6.3125)",[0. 0. 0. 0. 0. 0. 0. 0. 0.],"geometry_msgs.msg.Vector3(x=0.6572265625, y=0.404296875, z=0.52685546875)",[0. 0. 0. 0. 0. 0. 0. 0. 0.],False
1731182658108745394,"std_msgs.msg.Header(stamp=builtin_interfaces.msg.Time(sec=1731182658, nanosec=108210119), frame_id='RL_myo')","geometry_msgs.msg.Quaternion(x=0.8334799279601807, y=0.10693151975587555, z=-0.45787686142042144, w=-0.2902165390634636)",[0. 0. 0. 0. 0. 0. 0. 0. 0.],"geometry_msgs.msg.Vector3(x=2.25, y=4.375, z=5.875)",[0. 0. 0. 0. 0. 0. 0. 0. 0.],"geometry_msgs.msg.Vector3(x=0.63916015625, y=0.40869140625, z=0.5419921875)",[0. 0. 0. 0. 0. 0. 0. 0. 0.],False
1731182658123864503,"std_msgs.msg.Header(stamp=builtin_interfaces.msg.Time(sec=1731182658, nanosec=123281975), frame_id='RL_myo')","geometry_msgs.msg.Quaternion(x=0.8341114574142661, y=0.10693423630834144, z=-0.4573391738917822, w=-0.28924734353038245)",[0. 0. 0. 0. 0. 0. 0. 0. 0.],"geometry_msgs.msg.Vector3(x=2.25, y=3.1875, z=5.75)",[0. 0. 0. 0. 0. 0. 0. 0. 0.],"geometry_msgs.msg.Vector3(x=0.62939453125, y=0.404296875, z=0.5361328125)",[0. 0. 0. 0. 0. 0. 0. 0. 0.],False
1731182658152510324,"std_msgs.msg.Header(stamp=builtin_interfaces.msg.Time(sec=1731182658, nanosec=152010094), frame_id='RL_myo')","geometry_msgs.msg.Quaternion(x=0.8347333604520478, y=0.10663053383370338, z=-0.45673513719381936, w=-0.28851890866165764)",[0. 0. 0. 0. 0. 0. 0. 0. 0.],"geometry_msgs.msg.Vector3(x=-0.25, y=2.625, z=5.375)",[0. 0. 0. 0. 0. 0. 0. 0. 0.],"geometry_msgs.msg.Vector3(x=0.63623046875, y=0.40625, z=0.53857421875)",[0. 0. 0. 0. 0. 0. 0. 0. 0.],False
1731182658169398055,"std_msgs.msg.Header(stamp=builtin_interfaces.msg.Time(sec=1731182658, nanosec=168855321), frame_id='RL_myo')","geometry_msgs.msg.Quaternion(x=0.8352566510398368, y=0.10626100324883857, z=-0.4562936589823763, w=-0.28783853608358567)",[0. 0. 0. 0. 0. 0. 0. 0. 0.],"geometry_msgs.msg.Vector3(x=-1.0625, y=3.25, z=4.5)",[0. 0. 0. 0. 0. 0. 0. 0. 0.],"geometry_msgs.msg.Vector3(x=0.6494140625, y=0.40673828125, z=0.52197265625)",[0. 0. 0. 0. 0. 0. 0. 0. 0.],False
1731182658190113875,"std_msgs.msg.Header(stamp=builtin_interfaces.msg.Time(sec=1731182658, nanosec=189637289), frame_id='RL_myo')","geometry_msgs.msg.Quaternion(x=0.8358427081984796, y=0.10589945222172938, z=-0.45564231172058206, w=-0.2873018568343978)",[0. 0. 0. 0. 0. 0. 0. 0. 0.],"geometry_msgs.msg.Vector3(x=-1.6875, y=4.25, z=4.1875)",[0. 0. 0. 0. 0. 0. 0. 0. 0.],"geometry_msgs.msg.Vector3(x=0.654296875, y=0.4091796875, z=0.525390625)",[0. 0. 0. 0. 0. 0. 0. 0. 0.],False
1731182658213693377,"std_msgs.msg.Header(stamp=builtin_interfaces.msg.Time(sec=1731182658, nanosec=213154339), frame_id='RL_myo')","geometry_msgs.msg.Quaternion(x=0.8363813626248959, y=0.10553188177613991, z=-0.4550871662943315, w=-0.2867488609510152)",[0. 0. 0. 0. 0. 0. 0. 0. 0.],"geometry_msgs.msg.Vector3(x=-1.375, y=4.25, z=3.8125)",[0. 0. 0. 0. 0. 0. 0. 0. 0.],"geometry_msgs.msg.Vector3(x=0.6552734375, y=0.40380859375, z=0.52294921875)",[0. 0. 0. 0. 0. 0. 0. 0. 0.],False
1731182658228737384,"std_msgs.msg.Header(stamp=builtin_interfaces.msg.Time(sec=1731182658, nanosec=228259104), frame_id='RL_myo')","geometry_msgs.msg.Quaternion(x=0.8367459957202291, y=0.10528753684567768, z=-0.4547811229200837, w=-0.2862600277137555)",[0. 0. 0. 0. 0. 0. 0. 0. 0.],"geometry_msgs.msg.Vector3(x=-0.6875, y=3.3125, z=2.1875)",[0. 0. 0. 0. 0. 0. 0. 0. 0.],"geometry_msgs.msg.Vector3(x=0.66015625, y=0.392578125, z=0.50830078125)",[0. 0. 0. 0. 0. 0. 0. 0. 0.],False
1731182658250206214,"std_msgs.msg.Header(stamp=builtin_interfaces.msg.Time(sec=1731182658, nanosec=249639621), frame_id='RL_myo')","geometry_msgs.msg.Quaternion(x=0.8369220783448512, y=0.10553079590564816, z=-0.4545941977474075, w=-0.28595244581721324)",[0. 0. 0. 0. 0. 0. 0. 0. 0.],"geometry_msgs.msg.Vector3(x=1.625, y=3.1875, z=0.0)",[0. 0. 0. 0. 0. 0. 0. 0. 0.],"geometry_msgs.msg.Vector3(x=0.66552734375, y=0.392578125, z=0.505859375)",[0. 0. 0. 0. 0. 0. 0. 0. 0.],False
1731182658266280994,"std_msgs.msg.Header(stamp=builtin_interfaces.msg.Time(sec=1731182658, nanosec=265743420), frame_id='RL_myo')","geometry_msgs.msg.Quaternion(x=0.8368426243719448, y=0.10638295487421047, z=-0.45458419271550177, w=-0.2858851179752162)",[0. 0. 0. 0. 0. 0. 0. 0. 0.],"geometry_msgs.msg.Vector3(x=3.8125, y=2.375, z=-2.0625)",[0. 0. 0. 0. 0. 0. 0. 0. 0.],"geometry_msgs.msg.Vector3(x=0.66259765625, y=0.4130859375, z=0.5146484375)",[0. 0. 0. 0. 0. 0. 0. 0. 0.],False
1731182658289451244,"std_msgs.msg.Header(stamp=builtin_interfaces.msg.Time(sec=1731182658, nanosec=288906542), frame_id='RL_myo')","geometry_msgs.msg.Quaternion(x=0.8364928883027599, y=0.10754472595326252, z=-0.45514246392365415, w=-0.2855855690892823)",[0. 0. 0. 0. 0. 0. 0. 0. 0.],"geometry_msgs.msg.Vector3(x=6.5, y=-0.4375, z=-1.5)",[0. 0. 0. 0. 0. 0. 0. 0. 0.],"geometry_msgs.msg.Vector3(x=0.66552734375, y=0.4248046875, z=0.51806640625)",[0. 0. 0. 0. 0. 0. 0. 0. 0.],False
1731182658312070557,"std_msgs.msg.Header(stamp=builtin_interfaces.msg.Time(sec=1731182658, nanosec=311546050), frame_id='RL_myo')","geometry_msgs.msg.Quaternion(x=0.8359967226178754, y=0.10858130755181428, z=-0.4561147337463227, w=-0.2850945967254213)",[0. 0. 0. 0. 0. 0. 0. 0. 0.],"geometry_msgs.msg.Vector3(x=7.75, y=-3.75, z=-0.625)",[0. 0. 0. 0. 0. 0. 0. 0. 0.],"geometry_msgs.msg.Vector3(x=0.6708984375, y=0.42138671875, z=0.525390625)",[0. 0. 0. 0. 0. 0. 0. 0. 0.],False
1731182658326882982,"std_msgs.msg.Header(stamp=builtin_interfaces.msg.Time(sec=1731182658, nanosec=326371141), frame_id='RL_myo')","geometry_msgs.msg.Quaternion(x=0.8353510156875144, y=0.10998849410119106, z=-0.457410529852567, w=-0.2843709178787176)",[0. 0. 0. 0. 0. 0. 0. 0. 0.],"geometry_msgs.msg.Vector3(x=10.875, y=-4.3125, z=-0.9375)",[0. 0. 0. 0. 0. 0. 0. 0. 0.],"geometry_msgs.msg.Vector3(x=0.67529296875, y=0.42236328125, z=0.52392578125)",[0. 0. 0. 0. 0. 0. 0. 0. 0.],False
1731182658354494540,"std_msgs.msg.Header(stamp=builtin_interfaces.msg.Time(sec=1731182658, nanosec=353989848), frame_id='RL_myo')","geometry_msgs.msg.Quaternion(x=0.8346655423039415, y=0.11206186001243412, z=-0.458501466456103, w=-0.28381680231907336)",[0. 0. 0. 0. 0. 0. 0. 0. 0.],"geometry_msgs.msg.Vector3(x=13.25, y=-3.875, z=-2.5)",[0. 0. 0. 0. 0. 0. 0. 0. 0.],"geometry_msgs.msg.Vector3(x=0.650390625, y=0.4287109375, z=0.52490234375)",[0. 0. 0. 0. 0. 0. 0. 0. 0.],False
1731182658369544967,"std_msgs.msg.Header(stamp=builtin_interfaces.msg.Time(sec=1731182658, nanosec=369111258), frame_id='RL_myo')","geometry_msgs.msg.Quaternion(x=0.8339101961022827, y=0.11401187486782288, z=-0.4595874827380655, w=-0.2835038323131891)",[0. 0. 0. 0. 0. 0. 0. 0. 0.],"geometry_msgs.msg.Vector3(x=12.3125, y=-5.125, z=-2.75)",[0. 0. 0. 0. 0. 0. 0. 0. 0.],"geometry_msgs.msg.Vector3(x=0.63818359375, y=0.4375, z=0.52294921875)",[0. 0. 0. 0. 0. 0. 0. 0. 0.],False
1731182658386384705,"std_msgs.msg.Header(stamp=builtin_interfaces.msg.Time(sec=1731182658, nanosec=385953968), frame_id='RL_myo')","geometry_msgs.msg.Quaternion(x=0.8330522820768183, y=0.11541518539140329, z=-0.4608673003122613, w=-0.28338059533172155)",[0. 0. 0. 0. 0. 0. 0. 0. 0.],"geometry_msgs.msg.Vector3(x=8.5625, y=-6.5, z=-2.25)",[0. 0. 0. 0. 0. 0. 0. 0. 0.],"geometry_msgs.msg.Vector3(x=0.640625, y=0.44287109375, z=0.5087890625)",[0. 0. 0. 0. 0. 0. 0. 0. 0.],False
1731182658414921272,"std_msgs.msg.Header(stamp=builtin_interfaces.msg.Time(sec=1731182658, nanosec=414458760), frame_id='RL_myo')","geometry_msgs.msg.Quaternion(x=0.8321709847472518, y=0.11609133144999802, z=-0.4621680135327997, w=-0.28357535537155143)",[0. 0. 0. 0. 0. 0. 0. 0. 0.],"geometry_msgs.msg.Vector3(x=4.5, y=-6.8125, z=-2.4375)",[0. 0. 0. 0. 0. 0. 0. 0. 0.],"geometry_msgs.msg.Vector3(x=0.65478515625, y=0.4384765625, z=0.4951171875)",[0. 0. 0. 0. 0. 0. 0. 0. 0.],False
1731182658424840113,"std_msgs.msg.Header(stamp=builtin_interfaces.msg.Time(sec=1731182658, nanosec=424368614), frame_id='RL_myo')","geometry_msgs.msg.Quaternion(x=0.8314063818466202, y=0.1166361470935906, z=-0.46318771339260023, w=-0.28393058936650106)",[0. 0. 0. 0. 0. 0. 0. 0. 0.],"geometry_msgs.msg.Vector3(x=2.9375, y=-5.5, z=-3.8125)",[0. 0. 0. 0. 0. 0. 0. 0. 0.],"geometry_msgs.msg.Vector3(x=0.6494140625, y=0.4248046875, z=0.48583984375)",[0. 0. 0. 0. 0. 0. 0. 0. 0.],False
1731182658446618638,"std_msgs.msg.Header(stamp=builtin_interfaces.msg.Time(sec=1731182658, nanosec=446188445), frame_id='RL_myo')","geometry_msgs.msg.Quaternion(x=0.8306991994056977, y=0.11749419242145247, z=-0.4639342112184209, w=-0.28442749957608754)",[0. 0. 0. 0. 0. 0. 0. 0. 0.],"geometry_msgs.msg.Vector3(x=3.5, y=-3.8125, z=-4.5625)",[0. 0. 0. 0. 0. 0. 0. 0. 0.],"geometry_msgs.msg.Vector3(x=0.6376953125, y=0.4287109375, z=0.4755859375)",[0. 0. 0. 0. 0. 0. 0. 0. 0.],False
1731182658481629573,"std_msgs.msg.Header(stamp=builtin_interfaces.msg.Time(sec=1731182658, nanosec=481269255), frame_id='RL_myo')","geometry_msgs.msg.Quaternion(x=0.8299585065173649, y=0.11846958825931793, z=-0.4646009818804369, w=-0.2850960570629954)",[0. 0. 0. 0. 0. 0. 0. 0. 0.],"geometry_msgs.msg.Vector3(x=3.4375, y=-3.5, z=-5.375)",[0. 0. 0. 0. 0. 0. 0. 0. 0.],"geometry_msgs.msg.Vector3(x=0.6328125, y=0.439453125, z=0.4814453125)",[0. 0. 0. 0. 0. 0. 0. 0. 0.],False
1731182658492337534,"std_msgs.msg.Header(stamp=builtin_interfaces.msg.Time(sec=1731182658, nanosec=491982189), frame_id='RL_myo')","geometry_msgs.msg.Quaternion(x=0.8291725470900455, y=0.11950826994496201, z=-0.4653986508326534, w=-0.2856479588061401)",[0. 0. 0. 0. 0. 0. 0. 0. 0.],"geometry_msgs.msg.Vector3(x=4.0625, y=-4.1875, z=-5.0)",[0. 0. 0. 0. 0. 0. 0. 0. 0.],"geometry_msgs.msg.Vector3(x=0.64404296875, y=0.447265625, z=0.48486328125)",[0. 0. 0. 0. 0. 0. 0. 0. 0.],False
1731182658505972223,"std_msgs.msg.Header(stamp=builtin_interfaces.msg.Time(sec=1731182658, nanosec=505557590), frame_id='RL_myo')","geometry_msgs.msg.Quaternion(x=0.8284241007757818, y=0.12048251491427049, z=-0.4661831048202624, w=-0.2861307142442249)",[0. 0. 0. 0. 0. 0. 0. 0. 0.],"geometry_msgs.msg.Vector3(x=3.625, y=-4.1875, z=-4.125)",[0. 0. 0. 0. 0. 0. 0. 0. 0.],"geometry_msgs.msg.Vector3(x=0.650390625, y=0.46142578125, z=0.4873046875)",[0. 0. 0. 0. 0. 0. 0. 0. 0.],False
1731182658529129996,"std_msgs.msg.Header(stamp=builtin_interfaces.msg.Time(sec=1731182658, nanosec=528653059), frame_id='RL_myo')","geometry_msgs.msg.Quaternion(x=0.8278891896454666, y=0.12097289692401318, z=-0.4667405362148985, w=-0.28656294200718563)",[0. 0. 0. 0. 0. 0. 0. 0. 0.],"geometry_msgs.msg.Vector3(x=0.8125, y=-3.0625, z=-1.9375)",[0. 0. 0. 0. 0. 0. 0. 0. 0.],"geometry_msgs.msg.Vector3(x=0.658203125, y=0.47607421875, z=0.49267578125)",[0. 0. 0. 0. 0. 0. 0. 0. 0.],False
1731182658542667103,"std_msgs.msg.Header(stamp=builtin_interfaces.msg.Time(sec=1731182658, nanosec=542346861), frame_id='RL_myo')","geometry_msgs.msg.Quaternion(x=0.8278166756063012, y=0.12054397510303362, z=-0.46679509953822845, w=-0.2868641432831686)",[0. 0. 0. 0. 0. 0. 0. 0. 0.],"geometry_msgs.msg.Vector3(x=-3.1875, y=-2.5625, z=1.0625)",[0. 0. 0. 0. 0. 0. 0. 0. 0.],"geometry_msgs.msg.Vector3(x=0.6513671875, y=0.46484375, z=0.5146484375)",[0. 0. 0. 0. 0. 0. 0. 0. 0.],False
1731182658572410905,"std_msgs.msg.Header(stamp=builtin_interfaces.msg.Time(sec=1731182658, nanosec=572071544), frame_id='RL_myo')","geometry_msgs.msg.Quaternion(x=0.82775778996437, y=0.11999497235436893, z=-0.4670404519102905, w=-0.28686488813099387)",[0. 0. 0. 0. 0. 0. 0. 0. 0.],"geometry_msgs.msg.Vector3(x=-1.625, y=-3.4375, z=2.0)",[0. 0. 0. 0. 0. 0. 0. 0. 0.],"geometry_msgs.msg.Vector3(x=0.65234375, y=0.43798828125, z=0.52392578125)",[0. 0. 0. 0. 0. 0. 0. 0. 0.],False
1731182658588782583,"std_msgs.msg.Header(stamp=builtin_interfaces.msg.Time(sec=1731182658, nanosec=588440970), frame_id='RL_myo')","geometry_msgs.msg.Quaternion(x=0.8275172179068325, y=0.11999548977760972, z=-0.467652819265537, w=-0.28656094837531926)",[0. 0. 0. 0. 0. 0. 0. 0. 0.],"geometry_msgs.msg.Vector3(x=3.3125, y=-5.0625, z=0.75)",[0. 0. 0. 0. 0. 0. 0. 0. 0.],"geometry_msgs.msg.Vector3(x=0.65234375, y=0.42041015625, z=0.5205078125)",[0. 0. 0. 0. 0. 0. 0. 0. 0.],False
1731182658617439556,"std_msgs.msg.Header(stamp=builtin_interfaces.msg.Time(sec=1731182658, nanosec=617057615), frame_id='RL_myo')","geometry_msgs.msg.Quaternion(x=0.8270368409512331, y=0.12072906800011357, z=-0.4685728286334034, w=-0.28613643619036017)",[0. 0. 0. 0. 0. 0. 0. 0. 0.],"geometry_msgs.msg.Vector3(x=7.5625, y=-5.1875, z=-0.5)",[0. 0. 0. 0. 0. 0. 0. 0. 0.],"geometry_msgs.msg.Vector3(x=0.6552734375, y=0.423828125, z=0.5166015625)",[0. 0. 0. 0. 0. 0. 0. 0. 0.],False
1731182658635754718,"std_msgs.msg.Header(stamp=builtin_interfaces.msg.Time(sec=1731182658, nanosec=635260892), frame_id='RL_myo')","geometry_msgs.msg.Quaternion(x=0.8265282945915735, y=0.1215805909634038, z=-0.4694768602863966, w=-0.2857632163105706)",[0. 0. 0. 0. 0. 0. 0. 0. 0.],"geometry_msgs.msg.Vector3(x=7.6875, y=-5.0, z=-1.375)",[0. 0. 0. 0. 0. 0. 0. 0. 0.],"geometry_msgs.msg.Vector3(x=0.650390625, y=0.42578125, z=0.51025390625)",[0. 0. 0. 0. 0. 0. 0. 0. 0.],False
1731182658654775886,"std_msgs.msg.Header(stamp=builtin_interfaces.msg.Time(sec=1731182658, nanosec=654282338), frame_id='RL_myo')","geometry_msgs.msg.Quaternion(x=0.8261044556384115, y=0.12170316103014353, z=-0.46996707117959136, w=-0.2861306012584317)",[0. 0. 0. 0. 0. 0. 0. 0. 0.],"geometry_msgs.msg.Vector3(x=2.1875, y=-4.875, z=-2.6875)",[0. 0. 0. 0. 0. 0. 0. 0. 0.],"geometry_msgs.msg.Vector3(x=0.6474609375, y=0.42333984375, z=0.51318359375)",[0. 0. 0. 0. 0. 0. 0. 0. 0.],False
1731182658669895663,"std_msgs.msg.Header(stamp=builtin_interfaces.msg.Time(sec=1731182658, nanosec=669512665), frame_id='RL_myo')","geometry_msgs.msg.Quaternion(x=0.8257176000477456, y=0.1213428880022855, z=-0.4701731721738457, w=-0.28706016211003454)",[0. 0. 0. 0. 0. 0. 0. 0. 0.],"geometry_msgs.msg.Vector3(x=-2.8125, y=-4.6875, z=-4.1875)",[0. 0. 0. 0. 0. 0. 0. 0. 0.],"geometry_msgs.msg.Vector3(x=0.6494140625, y=0.42724609375, z=0.50927734375)",[0. 0. 0. 0. 0. 0. 0. 0. 0.],False
1731182658686152934,"std_msgs.msg.Header(stamp=builtin_interfaces.msg.Time(sec=1731182658, nanosec=685630710), frame_id='RL_myo')","geometry_msgs.msg.Quaternion(x=0.8253640683717184, y=0.12090854244208935, z=-0.47020666884091683, w=-0.2882029971789732)",[0. 0. 0. 0. 0. 0. 0. 0. 0.],"geometry_msgs.msg.Vector3(x=-4.125, y=-3.6875, z=-4.9375)",[0. 0. 0. 0. 0. 0. 0. 0. 0.],"geometry_msgs.msg.Vector3(x=0.64697265625, y=0.4287109375, z=0.50390625)",[0. 0. 0. 0. 0. 0. 0. 0. 0.],False
1731182658709180466,"std_msgs.msg.Header(stamp=builtin_interfaces.msg.Time(sec=1731182658, nanosec=708779637), frame_id='RL_myo')","geometry_msgs.msg.Quaternion(x=0.8250206697958166, y=0.12085084901943603, z=-0.47021966709380564, w=-0.2891875366939838)",[0. 0. 0. 0. 0. 0. 0. 0. 0.],"geometry_msgs.msg.Vector3(x=-1.9375, y=-2.75, z=-5.0)",[0. 0. 0. 0. 0. 0. 0. 0. 0.],"geometry_msgs.msg.Vector3(x=0.64404296875, y=0.431640625, z=0.5048828125)",[0. 0. 0. 0. 0. 0. 0. 0. 0.],False
1731182658729917550,"std_msgs.msg.Header(stamp=builtin_interfaces.msg.Time(sec=1731182658, nanosec=729471447), frame_id='RL_myo')","geometry_msgs.msg.Quaternion(x=0.8245291644295946, y=0.1212165904624454, z=-0.4704619734564598, w=-0.29004090527570014)",[0. 0. 0. 0. 0. 0. 0. 0. 0.],"geometry_msgs.msg.Vector3(x=0.625, y=-3.9375, z=-5.25)",[0. 0. 0. 0. 0. 0. 0. 0. 0.],"geometry_msgs.msg.Vector3(x=0.64306640625, y=0.4375, z=0.50634765625)",[0. 0. 0. 0. 0. 0. 0. 0. 0.],False
1731182658746985596,"std_msgs.msg.Header(stamp=builtin_interfaces.msg.Time(sec=1731182658, nanosec=746447615), frame_id='RL_myo')","geometry_msgs.msg.Quaternion(x=0.8238660525976862, y=0.12201127864444915, z=-0.47107706282033945, w=-0.2905931453858041)",[0. 0. 0. 0. 0. 0. 0. 0. 0.],"geometry_msgs.msg.Vector3(x=3.5625, y=-3.6875, z=-4.875)",[0. 0. 0. 0. 0. 0. 0. 0. 0.],"geometry_msgs.msg.Vector3(x=0.6533203125, y=0.4501953125, z=0.490234375)",[0. 0. 0. 0. 0. 0. 0. 0. 0.],False
1731182658768561365,"std_msgs.msg.Header(stamp=builtin_interfaces.msg.Time(sec=1731182658, nanosec=768110471), frame_id='RL_myo')","geometry_msgs.msg.Quaternion(x=0.8233158192930268, y=0.12310979372185002, z=-0.47156483207487027, w=-0.29089800539332533)",[0. 0. 0. 0. 0. 0. 0. 0. 0.],"geometry_msgs.msg.Vector3(x=4.3125, y=-1.6875, z=-4.0625)",[0. 0. 0. 0. 0. 0. 0. 0. 0.],"geometry_msgs.msg.Vector3(x=0.65380859375, y=0.462890625, z=0.47265625)",[0. 0. 0. 0. 0. 0. 0. 0. 0.],False
1731182658789887341,"std_msgs.msg.Header(stamp=builtin_interfaces.msg.Time(sec=1731182658, nanosec=789452895), frame_id='RL_myo')","geometry_msgs.msg.Quaternion(x=0.8227875803758717, y=0.12390643829102518, z=-0.4718210679751846, w=-0.29163791239138837)",[0. 0. 0. 0. 0. 0. 0. 0. 0.],"geometry_msgs.msg.Vector3(x=0.6875, y=-0.625, z=-5.375)",[0. 0. 0. 0. 0. 0. 0. 0. 0.],"geometry_msgs.msg.Vector3(x=0.6572265625, y=0.46875, z=0.46435546875)",[0. 0. 0. 0. 0. 0. 0. 0. 0.],False
1731182658806487083,"std_msgs.msg.Header(stamp=builtin_interfaces.msg.Time(sec=1731182658, nanosec=806091027), frame_id='RL_myo')","geometry_msgs.msg.Quaternion(x=0.8222045071440914, y=0.12438963592603802, z=-0.4719237806575692, w=-0.2929076853822652)",[0. 0. 0. 0. 0. 0. 0. 0. 0.],"geometry_msgs.msg.Vector3(x=-2.0, y=-0.9375, z=-7.1875)",[0. 0. 0. 0. 0. 0. 0. 0. 0.],"geometry_msgs.msg.Vector3(x=0.66064453125, y=0.47265625, z=0.47119140625)",[0. 0. 0. 0. 0. 0. 0. 0. 0.],False
1731182658828372697,"std_msgs.msg.Header(stamp=builtin_interfaces.msg.Time(sec=1731182658, nanosec=827925703), frame_id='RL_myo')","geometry_msgs.msg.Quaternion(x=0.8215227809619742, y=0.12505944860260662, z=-0.4721009443343886, w=-0.2942467553504961)",[0. 0. 0. 0. 0. 0. 0. 0. 0.],"geometry_msgs.msg.Vector3(x=-1.75, y=-1.25, z=-8.125)",[0. 0. 0. 0. 0. 0. 0. 0. 0.],"geometry_msgs.msg.Vector3(x=0.66162109375, y=0.4794921875, z=0.46435546875)",[0. 0. 0. 0. 0. 0. 0. 0. 0.],False
1731182658849914668,"std_msgs.msg.Header(stamp=builtin_interfaces.msg.Time(sec=1731182658, nanosec=849487464), frame_id='RL_myo')","geometry_msgs.msg.Quaternion(x=0.8206318027235604, y=0.12665012946458817, z=-0.47242024195465654, w=-0.29553731415302936)",[0. 0. 0. 0. 0. 0. 0. 0. 0.],"geometry_msgs.msg.Vector3(x=2.75, y=-1.8125, z=-8.625)",[0. 0. 0. 0. 0. 0. 0. 0. 0.],"geometry_msgs.msg.Vector3(x=0.66064453125, y=0.5185546875, z=0.4833984375)",[0. 0. 0. 0. 0. 0. 0. 0. 0.],False
1731182658872516634,"std_msgs.msg.Header(stamp=builtin_interfaces.msg.Time(sec=1731182658, nanosec=872058559), frame_id='RL_myo')","geometry_msgs.msg.Quaternion(x=0.819447138822867, y=0.1298810897821437, z=-0.47326032432835624, w=-0.2960776158520578)",[0. 0. 0. 0. 0. 0. 0. 0. 0.],"geometry_msgs.msg.Vector3(x=13.6875, y=-1.9375, z=-9.625)",[0. 0. 0. 0. 0. 0. 0. 0. 0.],"geometry_msgs.msg.Vector3(x=0.69775390625, y=0.552734375, z=0.5166015625)",[0. 0. 0. 0. 0. 0. 0. 0. 0.],False
1731182658897059787,"std_msgs.msg.Header(stamp=builtin_interfaces.msg.Time(sec=1731182658, nanosec=896428678), frame_id='RL_myo')","geometry_msgs.msg.Quaternion(x=0.8180451528966075, y=0.13635103122965167, z=-0.4743599886825661, w=-0.29528482054120625)",[0. 0. 0. 0. 0. 0. 0. 0. 0.],"geometry_msgs.msg.Vector3(x=39.0625, y=1.25, z=-19.25)",[0. 0. 0. 0. 0. 0. 0. 0. 0.],"geometry_msgs.msg.Vector3(x=0.8642578125, y=0.55419921875, z=0.66357421875)",[0. 0. 0. 0. 0. 0. 0. 0. 0.],False
1731182658909630851,"std_msgs.msg.Header(stamp=builtin_interfaces.msg.Time(sec=1731182658, nanosec=909200726), frame_id='RL_myo')","geometry_msgs.msg.Quaternion(x=0.8143842034731558, y=0.15734710908744626, z=-0.4760085740003853, w=-0.2922945327462297)",[0. 0. 0. 0. 0. 0. 0. 0. 0.],"geometry_msgs.msg.Vector3(x=114.75, y=20.5625, z=-51.6875)",[0. 0. 0. 0. 0. 0. 0. 0. 0.],"geometry_msgs.msg.Vector3(x=1.2255859375, y=0.62939453125, z=0.8642578125)",[0. 0. 0. 0. 0. 0. 0. 0. 0.],False
1731182658926098251,"std_msgs.msg.Header(stamp=builtin_interfaces.msg.Time(sec=1731182658, nanosec=925617305), frame_id='RL_myo')","geometry_msgs.msg.Quaternion(x=0.8104908730554603, y=0.19775513432485062, z=-0.4739409314915015, w=-0.28174003087762667)",[0. 0. 0. 0. 0. 0. 0. 0. 0.],"geometry_msgs.msg.Vector3(x=220.4375, y=77.9375, z=-75.25)",[0. 0. 0. 0. 0. 0. 0. 0. 0.],"geometry_msgs.msg.Vector3(x=1.77734375, y=1.06640625, z=1.13818359375)",[0. 0. 0. 0. 0. 0. 0. 0. 0.],False
1731182658948455483,"std_msgs.msg.Header(stamp=builtin_interfaces.msg.Time(sec=1731182658, nanosec=948098388), frame_id='RL_myo')","geometry_msgs.msg.Quaternion(x=0.8095902874418407, y=0.24970098506668956, z=-0.45734770987648615, w=-0.2702703402286241)",[0. 0. 0. 0. 0. 0. 0. 0. 0.],"geometry_msgs.msg.Vector3(x=246.9375, y=171.875, z=-108.5)",[0. 0. 0. 0. 0. 0. 0. 0. 0.],"geometry_msgs.msg.Vector3(x=1.333984375, y=1.88427734375, z=1.1279296875)",[0. 0. 0. 0. 0. 0. 0. 0. 0.],False
1731182658970113615,"std_msgs.msg.Header(stamp=builtin_interfaces.msg.Time(sec=1731182658, nanosec=969597571), frame_id='RL_myo')","geometry_msgs.msg.Quaternion(x=0.8139981915111782, y=0.28559519631679686, z=-0.4171313467896965, w=-0.2860834975714526)",[0. 0. 0. 0. 0. 0. 0. 0. 0.],"geometry_msgs.msg.Vector3(x=48.9375, y=226.3125, z=-201.875)",[0. 0. 0. 0. 0. 0. 0. 0. 0.],"geometry_msgs.msg.Vector3(x=-0.0693359375, y=1.7080078125, z=0.51416015625)",[0. 0. 0. 0. 0. 0. 0. 0. 0.],False
1731182658985367575,"std_msgs.msg.Header(stamp=builtin_interfaces.msg.Time(sec=1731182658, nanosec=984967990), frame_id='RL_myo')","geometry_msgs.msg.Quaternion(x=0.8202523998818451, y=0.30218540306682157, z=-0.36871379921766695, w=-0.31610143455525525)",[0. 0. 0. 0. 0. 0. 0. 0. 0.],"geometry_msgs.msg.Vector3(x=-97.0, y=216.1875, z=-233.9375)",[0. 0. 0. 0. 0. 0. 0. 0. 0.],"geometry_msgs.msg.Vector3(x=-0.35595703125, y=1.4326171875, z=0.02294921875)",[0. 0. 0. 0. 0. 0. 0. 0. 0.],False
1731182659008541592,"std_msgs.msg.Header(stamp=builtin_interfaces.msg.Time(sec=1731182659, nanosec=8163831), frame_id='RL_myo')","geometry_msgs.msg.Quaternion(x=0.8207350712256507, y=0.31713686547843245, z=-0.32317931152969587, w=-0.34838668748092616)",[0. 0. 0. 0. 0. 0. 0. 0. 0.],"geometry_msgs.msg.Vector3(x=-90.5625, y=188.3125, z=-258.3125)",[0. 0. 0. 0. 0. 0. 0. 0. 0.],"geometry_msgs.msg.Vector3(x=0.2333984375, y=1.17529296875, z=0.22314453125)",[0. 0. 0. 0. 0. 0. 0. 0. 0.],False
1731182659031769169,"std_msgs.msg.Header(stamp=builtin_interfaces.msg.Time(sec=1731182659, nanosec=31318389), frame_id='RL_myo')","geometry_msgs.msg.Quaternion(x=0.8179942031808215, y=0.3347782573083723, z=-0.27362095305623213, w=-0.37939501320489377)",[0. 0. 0. 0. 0. 0. 0. 0. 0.],"geometry_msgs.msg.Vector3(x=-71.6875, y=207.25, z=-273.1875)",[0. 0. 0. 0. 0. 0. 0. 0. 0.],"geometry_msgs.msg.Vector3(x=0.060546875, y=0.5400390625, z=0.2021484375)",[0. 0. 0. 0. 0. 0. 0. 0. 0.],False
1731182659045445687,"std_msgs.msg.Header(stamp=builtin_interfaces.msg.Time(sec=1731182659, nanosec=45013057), frame_id='RL_myo')","geometry_msgs.msg.Quaternion(x=0.807391728341731, y=0.3707971537402492, z=-0.22516390125889368, w=-0.39991159692281686)",[0. 0. 0. 0. 0. 0. 0. 0. 0.],"geometry_msgs.msg.Vector3(x=53.6875, y=244.0, z=-262.375)",[0. 0. 0. 0. 0. 0. 0. 0. 0.],"geometry_msgs.msg.Vector3(x=-0.52197265625, y=0.14599609375, z=0.24658203125)",[0. 0. 0. 0. 0. 0. 0. 0. 0.],False
1731182659068495206,"std_msgs.msg.Header(stamp=builtin_interfaces.msg.Time(sec=1731182659, nanosec=68101536), frame_id='RL_myo')","geometry_msgs.msg.Quaternion(x=0.7838247594262252, y=0.4271301718162844, z=-0.18396260901032882, w=-0.4115049468970262)",[0. 0. 0. 0. 0. 0. 0. 0. 0.],"geometry_msgs.msg.Vector3(x=202.3125, y=255.75, z=-255.625)",[0. 0. 0. 0. 0. 0. 0. 0. 0.],"geometry_msgs.msg.Vector3(x=-0.96337890625, y=0.43408203125, z=0.33544921875)",[0. 0. 0. 0. 0. 0. 0. 0. 0.],False
1731182659091053160,"std_msgs.msg.Header(stamp=builtin_interfaces.msg.Time(sec=1731182659, nanosec=90615864), frame_id='RL_myo')","geometry_msgs.msg.Quaternion(x=0.7520234079827867, y=0.4810239816826834, z=-0.1547870597065455, w=-0.4232229779200262)",[0. 0. 0. 0. 0. 0. 0. 0. 0.],"geometry_msgs.msg.Vector3(x=238.875, y=190.9375, z=-247.9375)",[0. 0. 0. 0. 0. 0. 0. 0. 0.],"geometry_msgs.msg.Vector3(x=-0.74560546875, y=0.76220703125, z=0.388671875)",[0. 0. 0. 0. 0. 0. 0. 0. 0.],False
1731182659105369110,"std_msgs.msg.Header(stamp=builtin_interfaces.msg.Time(sec=1731182659, nanosec=104984803), frame_id='RL_myo')","geometry_msgs.msg.Quaternion(x=0.7239494583809295, y=0.5232626849928091, z=-0.12390333028524467, w=-0.43213575291602574)",[0. 0. 0. 0. 0. 0. 0. 0. 0.],"geometry_msgs.msg.Vector3(x=178.875, y=183.1875, z=-222.75)",[0. 0. 0. 0. 0. 0. 0. 0. 0.],"geometry_msgs.msg.Vector3(x=-0.69091796875, y=0.78515625, z=0.51318359375)",[0. 0. 0. 0. 0. 0. 0. 0. 0.],False
1731182659128522878,"std_msgs.msg.Header(stamp=builtin_interfaces.msg.Time(sec=1731182659, nanosec=128129222), frame_id='RL_myo')","geometry_msgs.msg.Quaternion(x=0.6994709228407568, y=0.5597598458440298, z=-0.08624366614083678, w=-0.43585705584693235)",[0. 0. 0. 0. 0. 0. 0. 0. 0.],"geometry_msgs.msg.Vector3(x=136.3125, y=219.0, z=-211.0)",[0. 0. 0. 0. 0. 0. 0. 0. 0.],"geometry_msgs.msg.Vector3(x=-0.53125, y=0.47802734375, z=0.6845703125)",[0. 0. 0. 0. 0. 0. 0. 0. 0.],False
1731182659151682936,"std_msgs.msg.Header(stamp=builtin_interfaces.msg.Time(sec=1731182659, nanosec=151256814), frame_id='RL_myo')","geometry_msgs.msg.Quaternion(x=0.682213014273291, y=0.5922441511580694, z=-0.04541169210157721, w=-0.4263449856579527)",[0. 0. 0. 0. 0. 0. 0. 0. 0.],"geometry_msgs.msg.Vector3(x=94.9375, y=266.9375, z=-143.1875)",[0. 0. 0. 0. 0. 0. 0. 0. 0.],"geometry_msgs.msg.Vector3(x=-0.7177734375, y=0.17138671875, z=0.47119140625)",[0. 0. 0. 0. 0. 0. 0. 0. 0.],False
1731182659172188070,"std_msgs.msg.Header(stamp=builtin_interfaces.msg.Time(sec=1731182659, nanosec=171703047), frame_id='RL_myo')","geometry_msgs.msg.Quaternion(x=0.6754747065896862, y=0.6151720943089769, z=-0.01263425176326602, w=-0.4063712475353873)",[0. 0. 0. 0. 0. 0. 0. 0. 0.],"geometry_msgs.msg.Vector3(x=42.125, y=248.6875, z=-42.9375)",[0. 0. 0. 0. 0. 0. 0. 0. 0.],"geometry_msgs.msg.Vector3(x=-0.92431640625, y=0.0673828125, z=0.28369140625)",[0. 0. 0. 0. 0. 0. 0. 0. 0.],False
1731182659188546387,"std_msgs.msg.Header(stamp=builtin_interfaces.msg.Time(sec=1731182659, nanosec=188131274), frame_id='RL_myo')","geometry_msgs.msg.Quaternion(x=0.677561655077322, y=0.6248264717616923, z=0.0006713970098054718, w=-0.3879453994839617)",[0. 0. 0. 0. 0. 0. 0. 0. 0.],"geometry_msgs.msg.Vector3(x=2.9375, y=136.75, z=43.3125)",[0. 0. 0. 0. 0. 0. 0. 0. 0.],"geometry_msgs.msg.Vector3(x=-1.15087890625, y=0.23095703125, z=0.22119140625)",[0. 0. 0. 0. 0. 0. 0. 0. 0.],False
1731182659218555297,"std_msgs.msg.Header(stamp=builtin_interfaces.msg.Time(sec=1731182659, nanosec=218105784), frame_id='RL_myo')","geometry_msgs.msg.Quaternion(x=0.6757248000685101, y=0.6317181537990316, z=-0.003906276506583384, w=-0.3798853902652341)",[0. 0. 0. 0. 0. 0. 0. 0. 0.],"geometry_msgs.msg.Vector3(x=46.5625, y=18.5625, z=81.3125)",[0. 0. 0. 0. 0. 0. 0. 0. 0.],"geometry_msgs.msg.Vector3(x=-0.783203125, y=0.27197265625, z=0.11328125)",[0. 0. 0. 0. 0. 0. 0. 0. 0.],False
1731182659225437533,"std_msgs.msg.Header(stamp=builtin_interfaces.msg.Time(sec=1731182659, nanosec=224996235), frame_id='RL_myo')","geometry_msgs.msg.Quaternion(x=0.652406129170064, y=0.6518568116321718, z=-0.022583054335571496, w=-0.3859260880103204)",[0. 0. 0. 0. 0. 0. 0. 0. 0.],"geometry_msgs.msg.Vector3(x=205.0, y=-50.6875, z=-2.6875)",[0. 0. 0. 0. 0. 0. 0. 0. 0.],"geometry_msgs.msg.Vector3(x=-0.41015625, y=0.2490234375, z=0.1748046875)",[0. 0. 0. 0. 0. 0. 0. 0. 0.],False
1731182659248610519,"std_msgs.msg.Header(stamp=builtin_interfaces.msg.Time(sec=1731182659, nanosec=248190690), frame_id='RL_myo')","geometry_msgs.msg.Quaternion(x=0.6255687850823719, y=0.6734218368439662, z=-0.04925690404541654, w=-0.39082026840495926)",[0. 0. 0. 0. 0. 0. 0. 0. 0.],"geometry_msgs.msg.Vector3(x=242.0, y=-72.125, z=15.5625)",[0. 0. 0. 0. 0. 0. 0. 0. 0.],"geometry_msgs.msg.Vector3(x=-0.044921875, y=0.521484375, z=0.2119140625)",[0. 0. 0. 0. 0. 0. 0. 0. 0.],False
1731182659271069541,"std_msgs.msg.Header(stamp=builtin_interfaces.msg.Time(sec=1731182659, nanosec=270645863), frame_id='RL_myo')","geometry_msgs.msg.Quaternion(x=0.6126828105102216, y=0.6859264220476061, z=-0.0800186456045926, w=-0.3843458515424253)",[0. 0. 0. 0. 0. 0. 0. 0. 0.],"geometry_msgs.msg.Vector3(x=168.0, y=-59.0625, z=103.875)",[0. 0. 0. 0. 0. 0. 0. 0. 0.],"geometry_msgs.msg.Vector3(x=0.0224609375, y=0.74658203125, z=0.20068359375)",[0. 0. 0. 0. 0. 0. 0. 0. 0.],False
1731182659292553425,"std_msgs.msg.Header(stamp=builtin_interfaces.msg.Time(sec=1731182659, nanosec=292107133), frame_id='RL_myo')","geometry_msgs.msg.Quaternion(x=0.6089003958037863, y=0.6893465387137091, z=-0.11279550235018014, w=-0.37592397130668803)",[0. 0. 0. 0. 0. 0. 0. 0. 0.],"geometry_msgs.msg.Vector3(x=104.875, y=-74.9375, z=142.125)",[0. 0. 0. 0. 0. 0. 0. 0. 0.],"geometry_msgs.msg.Vector3(x=0.0234375, y=0.91357421875, z=0.16064453125)",[0. 0. 0. 0. 0. 0. 0. 0. 0.],False
1731182659309415833,"std_msgs.msg.Header(stamp=builtin_interfaces.msg.Time(sec=1731182659, nanosec=308926261), frame_id='RL_myo')","geometry_msgs.msg.Quaternion(x=0.6164572253395226, y=0.6831078481188056, z=-0.14044238371348927, w=-0.3655408240156833)",[0. 0. 0. 0. 0. 0. 0. 0. 0.],"geometry_msgs.msg.Vector3(x=14.1875, y=-64.0625, z=156.6875)",[0. 0. 0. 0. 0. 0. 0. 0. 0.],"geometry_msgs.msg.Vector3(x=0.28125, y=0.80029296875, z=-0.01318359375)",[0. 0. 0. 0. 0. 0. 0. 0. 0.],False
1731182659331049871,"std_msgs.msg.Header(stamp=builtin_interfaces.msg.Time(sec=1731182659, nanosec=330698952), frame_id='RL_myo')","geometry_msgs.msg.Quaternion(x=0.6347220946567569, y=0.6670105827876757, z=-0.16241903008766517, w=-0.3547461115631379)",[0. 0. 0. 0. 0. 0. 0. 0. 0.],"geometry_msgs.msg.Vector3(x=-74.0, y=-53.875, z=161.8125)",[0. 0. 0. 0. 0. 0. 0. 0. 0.],"geometry_msgs.msg.Vector3(x=0.5986328125, y=0.79443359375, z=0.0361328125)",[0. 0. 0. 0. 0. 0. 0. 0. 0.],False
1731182659351899934,"std_msgs.msg.Header(stamp=builtin_interfaces.msg.Time(sec=1731182659, nanosec=351505620), frame_id='RL_myo')","geometry_msgs.msg.Quaternion(x=0.650838168623635, y=0.6493122421286907, z=-0.18164628995816726, w=-0.34900990792365605)",[0. 0. 0. 0. 0. 0. 0. 0. 0.],"geometry_msgs.msg.Vector3(x=-83.25, y=-68.8125, z=133.375)",[0. 0. 0. 0. 0. 0. 0. 0. 0.],"geometry_msgs.msg.Vector3(x=0.48486328125, y=0.6201171875, z=-0.0517578125)",[0. 0. 0. 0. 0. 0. 0. 0. 0.],False
1731182659368499577,"std_msgs.msg.Header(stamp=builtin_interfaces.msg.Time(sec=1731182659, nanosec=368049744), frame_id='RL_myo')","geometry_msgs.msg.Quaternion(x=0.6575449022713185, y=0.6374028974676857, z=-0.20587570364440333, w=-0.3449165731676618)",[0. 0. 0. 0. 0. 0. 0. 0. 0.],"geometry_msgs.msg.Vector3(x=-20.9375, y=-92.0, z=123.5)",[0. 0. 0. 0. 0. 0. 0. 0. 0.],"geometry_msgs.msg.Vector3(x=0.34521484375, y=0.5390625, z=-0.201171875)",[0. 0. 0. 0. 0. 0. 0. 0. 0.],False
1731182659390933795,"std_msgs.msg.Header(stamp=builtin_interfaces.msg.Time(sec=1731182659, nanosec=390521652), frame_id='RL_myo')","geometry_msgs.msg.Quaternion(x=0.657447232143091, y=0.6332148905628471, z=-0.2318858077162383, w=-0.3362008499344671)",[0. 0. 0. 0. 0. 0. 0. 0. 0.],"geometry_msgs.msg.Vector3(x=43.4375, y=-73.8125, z=118.0625)",[0. 0. 0. 0. 0. 0. 0. 0. 0.],"geometry_msgs.msg.Vector3(x=0.771484375, y=0.6572265625, z=-0.1201171875)",[0. 0. 0. 0. 0. 0. 0. 0. 0.],False
1731182659412087872,"std_msgs.msg.Header(stamp=builtin_interfaces.msg.Time(sec=1731182659, nanosec=411706585), frame_id='RL_myo')","geometry_msgs.msg.Quaternion(x=0.6595574613832724, y=0.6316028697384882, z=-0.255741788191367, w=-0.3172663043004118)",[0. 0. 0. 0. 0. 0. 0. 0. 0.],"geometry_msgs.msg.Vector3(x=48.9375, y=-16.5625, z=96.6875)",[0. 0. 0. 0. 0. 0. 0. 0. 0.],"geometry_msgs.msg.Vector3(x=0.91650390625, y=0.830078125, z=-0.060546875)",[0. 0. 0. 0. 0. 0. 0. 0. 0.],False
1731182659428978589,"std_msgs.msg.Header(stamp=builtin_interfaces.msg.Time(sec=1731182659, nanosec=428579916), frame_id='RL_myo')","geometry_msgs.msg.Quaternion(x=0.663209923803951, y=0.6304949855415806, z=-0.27099687665097943, w=-0.2986458823092888)",[0. 0. 0. 0. 0. 0. 0. 0. 0.],"geometry_msgs.msg.Vector3(x=31.125, y=13.125, z=126.6875)",[0. 0. 0. 0. 0. 0. 0. 0. 0.],"geometry_msgs.msg.Vector3(x=0.38525390625, y=0.77734375, z=-0.3330078125)",[0. 0. 0. 0. 0. 0. 0. 0. 0.],False
1731182659451041154,"std_msgs.msg.Header(stamp=builtin_interfaces.msg.Time(sec=1731182659, nanosec=450744362), frame_id='RL_myo')","geometry_msgs.msg.Quaternion(x=0.6661019091136073, y=0.6286859400595762, z=-0.29151495628393553, w=-0.27582832651740047)",[0. 0. 0. 0. 0. 0. 0. 0. 0.],"geometry_msgs.msg.Vector3(x=48.125, y=5.8125, z=167.625)",[0. 0. 0. 0. 0. 0. 0. 0. 0.],"geometry_msgs.msg.Vector3(x=0.10595703125, y=0.76806640625, z=-0.2705078125)",[0. 0. 0. 0. 0. 0. 0. 0. 0.],False
1731182659472110967,"std_msgs.msg.Header(stamp=builtin_interfaces.msg.Time(sec=1731182659, nanosec=471735781), frame_id='RL_myo')","geometry_msgs.msg.Quaternion(x=0.6457721443859554, y=0.6436358471219187, z=-0.3196511077645793, w=-0.2579426353662616)",[0. 0. 0. 0. 0. 0. 0. 0. 0.],"geometry_msgs.msg.Vector3(x=204.75, y=-53.1875, z=112.3125)",[0. 0. 0. 0. 0. 0. 0. 0. 0.],"geometry_msgs.msg.Vector3(x=0.51708984375, y=2.771484375, z=-0.25439453125)",[0. 0. 0. 0. 0. 0. 0. 0. 0.],False
1731182659488447153,"std_msgs.msg.Header(stamp=builtin_interfaces.msg.Time(sec=1731182659, nanosec=488059842), frame_id='RL_myo')","geometry_msgs.msg.Quaternion(x=0.6306211251387629, y=0.6626648814974399, z=-0.2843044135594616, w=-0.28698998552095073)",[0. 0. 0. 0. 0. 0. 0. 0. 0.],"geometry_msgs.msg.Vector3(x=21.0, y=23.9375, z=-295.25)",[0. 0. 0. 0. 0. 0. 0. 0. 0.],"geometry_msgs.msg.Vector3(x=0.1875, y=2.56787109375, z=0.25244140625)",[0. 0. 0. 0. 0. 0. 0. 0. 0.],False
1731182659510918103,"std_msgs.msg.Header(stamp=builtin_interfaces.msg.Time(sec=1731182659, nanosec=510576807), frame_id='RL_myo')","geometry_msgs.msg.Quaternion(x=0.6090674179989065, y=0.6867648649487621, z=-0.2780750732942197, w=-0.2829578665039514)",[0. 0. 0. 0. 0. 0. 0. 0. 0.],"geometry_msgs.msg.Vector3(x=99.9375, y=43.0625, z=-38.125)",[0. 0. 0. 0. 0. 0. 0. 0. 0.],"geometry_msgs.msg.Vector3(x=-0.67822265625, y=0.59228515625, z=-1.001953125)",[0. 0. 0. 0. 0. 0. 0. 0. 0.],False
1731182659532121670,"std_msgs.msg.Header(stamp=builtin_interfaces.msg.Time(sec=1731182659, nanosec=531624839), frame_id='RL_myo')","geometry_msgs.msg.Quaternion(x=0.630041980824295, y=0.6690457422800907, z=-0.28883536652398406, w=-0.2683263464157722)",[0. 0. 0. 0. 0. 0. 0. 0. 0.],"geometry_msgs.msg.Vector3(x=-100.1875, y=25.9375, z=170.25)",[0. 0. 0. 0. 0. 0. 0. 0. 0.],"geometry_msgs.msg.Vector3(x=-0.84521484375, y=1.30517578125, z=0.126953125)",[0. 0. 0. 0. 0. 0. 0. 0. 0.],False
1731182659548577873,"std_msgs.msg.Header(stamp=builtin_interfaces.msg.Time(sec=1731182659, nanosec=548181857), frame_id='RL_myo')","geometry_msgs.msg.Quaternion(x=0.6455192628027141, y=0.6535150101010457, z=-0.2876027577842652, w=-0.2711229732762534)",[0. 0. 0. 0. 0. 0. 0. 0. 0.],"geometry_msgs.msg.Vector3(x=-123.4375, y=-4.125, z=40.3125)",[0. 0. 0. 0. 0. 0. 0. 0. 0.],"geometry_msgs.msg.Vector3(x=-0.31689453125, y=1.3994140625, z=-0.12060546875)",[0. 0. 0. 0. 0. 0. 0. 0. 0.],False
1731182659571866107,"std_msgs.msg.Header(stamp=builtin_interfaces.msg.Time(sec=1731182659, nanosec=571455881), frame_id='RL_myo')","geometry_msgs.msg.Quaternion(x=0.6549964571258595, y=0.6421174847604177, z=-0.28248286306760584, w=-0.28083484290709904)",[0. 0. 0. 0. 0. 0. 0. 0. 0.],"geometry_msgs.msg.Vector3(x=-102.4375, y=-19.4375, z=-23.3125)",[0. 0. 0. 0. 0. 0. 0. 0. 0.],"geometry_msgs.msg.Vector3(x=0.10791015625, y=0.416015625, z=-0.0283203125)",[0. 0. 0. 0. 0. 0. 0. 0. 0.],False
1731182659599566739,"std_msgs.msg.Header(stamp=builtin_interfaces.msg.Time(sec=1731182659, nanosec=599070566), frame_id='RL_myo')","geometry_msgs.msg.Quaternion(x=0.6700083358936596, y=0.6257561683139107, z=-0.2880358328397722, w=-0.276682862950347)",[0. 0. 0. 0. 0. 0. 0. 0. 0.],"geometry_msgs.msg.Vector3(x=-97.8125, y=-6.8125, z=53.0)",[0. 0. 0. 0. 0. 0. 0. 0. 0.],"geometry_msgs.msg.Vector3(x=0.5048828125, y=0.49560546875, z=0.07177734375)",[0. 0. 0. 0. 0. 0. 0. 0. 0.],False
1731182659608540698,"std_msgs.msg.Header(stamp=builtin_interfaces.msg.Time(sec=1731182659, nanosec=608146634), frame_id='RL_myo')","geometry_msgs.msg.Quaternion(x=0.6824644704840948, y=0.6112943092655584, z=-0.2904792429151066, w=-0.27601326674976084)",[0. 0. 0. 0. 0. 0. 0. 0. 0.],"geometry_msgs.msg.Vector3(x=-93.3125, y=-6.0, z=3.6875)",[0. 0. 0. 0. 0. 0. 0. 0. 0.],"geometry_msgs.msg.Vector3(x=0.78369140625, y=0.8994140625, z=0.10107421875)",[0. 0. 0. 0. 0. 0. 0. 0. 0.],False
1731182659631076548,"std_msgs.msg.Header(stamp=builtin_interfaces.msg.Time(sec=1731182659, nanosec=630557255), frame_id='RL_myo')","geometry_msgs.msg.Quaternion(x=0.6836046279981783, y=0.6095067692133758, z=-0.27411324860176955, w=-0.2933396287642183)",[0. 0. 0. 0. 0. 0. 0. 0. 0.],"geometry_msgs.msg.Vector3(x=-66.375, y=3.5, z=-133.375)",[0. 0. 0. 0. 0. 0. 0. 0. 0.],"geometry_msgs.msg.Vector3(x=0.77783203125, y=1.09912109375, z=0.072265625)",[0. 0. 0. 0. 0. 0. 0. 0. 0.],False
1731182659652177781,"std_msgs.msg.Header(stamp=builtin_interfaces.msg.Time(sec=1731182659, nanosec=651684124), frame_id='RL_myo')","geometry_msgs.msg.Quaternion(x=0.6816673693088124, y=0.6122066362972233, z=-0.24750726921089136, w=-0.3150758381422)",[0. 0. 0. 0. 0. 0. 0. 0. 0.],"geometry_msgs.msg.Vector3(x=-62.0625, y=31.5, z=-197.75)",[0. 0. 0. 0. 0. 0. 0. 0. 0.],"geometry_msgs.msg.Vector3(x=0.65625, y=1.021484375, z=0.111328125)",[0. 0. 0. 0. 0. 0. 0. 0. 0.],False
1731182659668581515,"std_msgs.msg.Header(stamp=builtin_interfaces.msg.Time(sec=1731182659, nanosec=668061516), frame_id='RL_myo')","geometry_msgs.msg.Quaternion(x=0.6803348782759373, y=0.6149626680988757, z=-0.21735802095286316, w=-0.3342467067503169)",[0. 0. 0. 0. 0. 0. 0. 0. 0.],"geometry_msgs.msg.Vector3(x=-66.4375, y=55.1875, z=-199.8125)",[0. 0. 0. 0. 0. 0. 0. 0. 0.],"geometry_msgs.msg.Vector3(x=0.6376953125, y=0.90771484375, z=0.1279296875)",[0. 0. 0. 0. 0. 0. 0. 0. 0.],False
1731182659690996681,"std_msgs.msg.Header(stamp=builtin_interfaces.msg.Time(sec=1731182659, nanosec=690530428), frame_id='RL_myo')","geometry_msgs.msg.Quaternion(x=0.682022142739994, y=0.6150650735986145, z=-0.1848796375836264, w=-0.3498003311296676)",[0. 0. 0. 0. 0. 0. 0. 0. 0.],"geometry_msgs.msg.Vector3(x=-85.25, y=76.3125, z=-184.5)",[0. 0. 0. 0. 0. 0. 0. 0. 0.],"geometry_msgs.msg.Vector3(x=0.58251953125, y=0.8037109375, z=0.26123046875)",[0. 0. 0. 0. 0. 0. 0. 0. 0.],False
1731182659712442278,"std_msgs.msg.Header(stamp=builtin_interfaces.msg.Time(sec=1731182659, nanosec=712057334), frame_id='RL_myo')","geometry_msgs.msg.Quaternion(x=0.6869094574555087, y=0.611650939502546, z=-0.1516157004015891, w=-0.3620099513211856)",[0. 0. 0. 0. 0. 0. 0. 0. 0.],"geometry_msgs.msg.Vector3(x=-107.625, y=87.9375, z=-160.4375)",[0. 0. 0. 0. 0. 0. 0. 0. 0.],"geometry_msgs.msg.Vector3(x=0.357421875, y=0.7265625, z=0.33642578125)",[0. 0. 0. 0. 0. 0. 0. 0. 0.],False
1731182659728589107,"std_msgs.msg.Header(stamp=builtin_interfaces.msg.Time(sec=1731182659, nanosec=728105871), frame_id='RL_myo')","geometry_msgs.msg.Quaternion(x=0.6949869522337071, y=0.6031847059523532, z=-0.11804889914104949, w=-0.37312974170074226)",[0. 0. 0. 0. 0. 0. 0. 0. 0.],"geometry_msgs.msg.Vector3(x=-139.125, y=83.625, z=-140.25)",[0. 0. 0. 0. 0. 0. 0. 0. 0.],"geometry_msgs.msg.Vector3(x=-0.01806640625, y=0.615234375, z=0.27587890625)",[0. 0. 0. 0. 0. 0. 0. 0. 0.],False
1731182659751850551,"std_msgs.msg.Header(stamp=builtin_interfaces.msg.Time(sec=1731182659, nanosec=751314254), frame_id='RL_myo')","geometry_msgs.msg.Quaternion(x=0.7055311552699912, y=0.5902925687876187, z=-0.0895418465940892, w=-0.38178885510976684)",[0. 0. 0. 0. 0. 0. 0. 0. 0.],"geometry_msgs.msg.Vector3(x=-153.3125, y=62.75, z=-99.25)",[0. 0. 0. 0. 0. 0. 0. 0. 0.],"geometry_msgs.msg.Vector3(x=-0.35693359375, y=0.51611328125, z=0.2421875)",[0. 0. 0. 0. 0. 0. 0. 0. 0.],False
1731182659773652417,"std_msgs.msg.Header(stamp=builtin_interfaces.msg.Time(sec=1731182659, nanosec=773142407), frame_id='RL_myo')","geometry_msgs.msg.Quaternion(x=0.7183432285575889, y=0.574174080299196, z=-0.07092487310594939, w=-0.3863635514291391)",[0. 0. 0. 0. 0. 0. 0. 0. 0.],"geometry_msgs.msg.Vector3(x=-149.8125, y=30.25, z=-40.25)",[0. 0. 0. 0. 0. 0. 0. 0. 0.],"geometry_msgs.msg.Vector3(x=-0.4716796875, y=0.41357421875, z=0.29052734375)",[0. 0. 0. 0. 0. 0. 0. 0. 0.],False
1731182659788741923,"std_msgs.msg.Header(stamp=builtin_interfaces.msg.Time(sec=1731182659, nanosec=788333446), frame_id='RL_myo')","geometry_msgs.msg.Quaternion(x=0.7331009495630626, y=0.5554867822806955, z=-0.06225651224330396, w=-0.3874552350200917)",[0. 0. 0. 0. 0. 0. 0. 0. 0.],"geometry_msgs.msg.Vector3(x=-141.8125, y=-3.8125, z=11.5)",[0. 0. 0. 0. 0. 0. 0. 0. 0.],"geometry_msgs.msg.Vector3(x=-0.443359375, y=0.392578125, z=0.39892578125)",[0. 0. 0. 0. 0. 0. 0. 0. 0.],False
1731182659811092362,"std_msgs.msg.Header(stamp=builtin_interfaces.msg.Time(sec=1731182659, nanosec=810714095), frame_id='RL_myo')","geometry_msgs.msg.Quaternion(x=0.7496016329326334, y=0.5349327181028906, z=-0.06384523312820899, w=-0.38453629895575203)",[0. 0. 0. 0. 0. 0. 0. 0. 0.],"geometry_msgs.msg.Vector3(x=-130.625, y=-38.0, z=66.5)",[0. 0. 0. 0. 0. 0. 0. 0. 0.],"geometry_msgs.msg.Vector3(x=-0.5224609375, y=0.44970703125, z=0.46630859375)",[0. 0. 0. 0. 0. 0. 0. 0. 0.],False
1731182659831966592,"std_msgs.msg.Header(stamp=builtin_interfaces.msg.Time(sec=1731182659, nanosec=831534971), frame_id='RL_myo')","geometry_msgs.msg.Quaternion(x=0.768526585961655, y=0.5119848306763849, z=-0.07660240373138567, w=-0.37599267488871374)",[0. 0. 0. 0. 0. 0. 0. 0. 0.],"geometry_msgs.msg.Vector3(x=-125.0, y=-76.3125, z=133.5)",[0. 0. 0. 0. 0. 0. 0. 0. 0.],"geometry_msgs.msg.Vector3(x=-0.728515625, y=0.65283203125, z=0.38720703125)",[0. 0. 0. 0. 0. 0. 0. 0. 0.],False
1731182659849147916,"std_msgs.msg.Header(stamp=builtin_interfaces.msg.Time(sec=1731182659, nanosec=848793172), frame_id='RL_myo')","geometry_msgs.msg.Quaternion(x=0.7888537290018266, y=0.4862888934507546, z=-0.09753855299790459, w=-0.36293131171811055)",[0. 0. 0. 0. 0. 0. 0. 0. 0.],"geometry_msgs.msg.Vector3(x=-125.3125, y=-110.5, z=190.0)",[0. 0. 0. 0. 0. 0. 0. 0. 0.],"geometry_msgs.msg.Vector3(x=-1.25634765625, y=0.720703125, z=0.2158203125)",[0. 0. 0. 0. 0. 0. 0. 0. 0.],False
1731182659871366968,"std_msgs.msg.Header(stamp=builtin_interfaces.msg.Time(sec=1731182659, nanosec=870728031), frame_id='RL_myo')","geometry_msgs.msg.Quaternion(x=0.8102260096593429, y=0.4516243969767574, z=-0.12683815338798513, w=-0.351399061142748)",[0. 0. 0. 0. 0. 0. 0. 0. 0.],"geometry_msgs.msg.Vector3(x=-146.6875, y=-164.4375, z=204.1875)",[0. 0. 0. 0. 0. 0. 0. 0. 0.],"geometry_msgs.msg.Vector3(x=-0.53076171875, y=0.72900390625, z=0.662109375)",[0. 0. 0. 0. 0. 0. 0. 0. 0.],False
1731182659892002480,"std_msgs.msg.Header(stamp=builtin_interfaces.msg.Time(sec=1731182659, nanosec=891600953), frame_id='RL_myo')","geometry_msgs.msg.Quaternion(x=0.8300478358510452, y=0.40937795683895584, z=-0.16736459783098506, w=-0.33973426386844013)",[0. 0. 0. 0. 0. 0. 0. 0. 0.],"geometry_msgs.msg.Vector3(x=-158.0625, y=-232.625, z=235.5)",[0. 0. 0. 0. 0. 0. 0. 0. 0.],"geometry_msgs.msg.Vector3(x=-0.37109375, y=0.72900390625, z=0.5478515625)",[0. 0. 0. 0. 0. 0. 0. 0. 0.],False
1731182659907888799,"std_msgs.msg.Header(stamp=builtin_interfaces.msg.Time(sec=1731182659, nanosec=907506337), frame_id='RL_myo')","geometry_msgs.msg.Quaternion(x=0.8413163069222959, y=0.37536965231950953, z=-0.21197704105783033, w=-0.326113829649291)",[0. 0. 0. 0. 0. 0. 0. 0. 0.],"geometry_msgs.msg.Vector3(x=-89.0625, y=-240.5, z=229.9375)",[0. 0. 0. 0. 0. 0. 0. 0. 0.],"geometry_msgs.msg.Vector3(x=-0.33447265625, y=0.5947265625, z=0.4443359375)",[0. 0. 0. 0. 0. 0. 0. 0. 0.],False
1731182659930985305,"std_msgs.msg.Header(stamp=builtin_interfaces.msg.Time(sec=1731182659, nanosec=930609337), frame_id='RL_myo')","geometry_msgs.msg.Quaternion(x=0.8469435083549909, y=0.34729810914816217, z=-0.2568419056758289, w=-0.31000476210255107)",[0. 0. 0. 0. 0. 0. 0. 0. 0.],"geometry_msgs.msg.Vector3(x=-46.5, y=-235.6875, z=229.125)",[0. 0. 0. 0. 0. 0. 0. 0. 0.],"geometry_msgs.msg.Vector3(x=-0.568359375, y=0.76171875, z=0.458984375)",[0. 0. 0. 0. 0. 0. 0. 0. 0.],False
1731182659952002119,"std_msgs.msg.Header(stamp=builtin_interfaces.msg.Time(sec=1731182659, nanosec=951638507), frame_id='RL_myo')","geometry_msgs.msg.Quaternion(x=0.8470895769786838, y=0.32100043848759896, z=-0.3023227175944243, w=-0.29664615536218497)",[0. 0. 0. 0. 0. 0. 0. 0. 0.],"geometry_msgs.msg.Vector3(x=-29.75, y=-247.875, z=203.9375)",[0. 0. 0. 0. 0. 0. 0. 0. 0.],"geometry_msgs.msg.Vector3(x=-0.416015625, y=0.7529296875, z=0.470703125)",[0. 0. 0. 0. 0. 0. 0. 0. 0.],False
1731182659982445443,"std_msgs.msg.Header(stamp=builtin_interfaces.msg.Time(sec=1731182659, nanosec=982014245), frame_id='RL_myo')","geometry_msgs.msg.Quaternion(x=0.8382101116692106, y=0.30206814553636663, z=-0.34790633048237823, w=-0.29175302801855574)",[0. 0. 0. 0. 0. 0. 0. 0. 0.],"geometry_msgs.msg.Vector3(x=2.0625, y=-264.375, z=135.4375)",[0. 0. 0. 0. 0. 0. 0. 0. 0.],"geometry_msgs.msg.Vector3(x=-0.20166015625, y=1.12646484375, z=0.271484375)",[0. 0. 0. 0. 0. 0. 0. 0. 0.],False
1731182659993110579,"std_msgs.msg.Header(stamp=builtin_interfaces.msg.Time(sec=1731182659, nanosec=992758687), frame_id='RL_myo')","geometry_msgs.msg.Quaternion(x=0.83362813745729, y=0.27496666856385205, z=-0.38757787910776037, w=-0.281497508416534)",[0. 0. 0. 0. 0. 0. 0. 0. 0.],"geometry_msgs.msg.Vector3(x=-47.4375, y=-228.375, z=175.0625)",[0. 0. 0. 0. 0. 0. 0. 0. 0.],"geometry_msgs.msg.Vector3(x=0.49169921875, y=1.96240234375, z=0.61083984375)",[0. 0. 0. 0. 0. 0. 0. 0. 0.],False
1731182660019527845,"std_msgs.msg.Header(stamp=builtin_interfaces.msg.Time(sec=1731182660, nanosec=19064575), frame_id='RL_myo')","geometry_msgs.msg.Quaternion(x=0.834368031246706, y=0.22797107510654332, z=-0.409249279408132, w=-0.2904723819095153)",[0. 0. 0. 0. 0. 0. 0. 0. 0.],"geometry_msgs.msg.Vector3(x=-222.25, y=-195.6875, z=111.875)",[0. 0. 0. 0. 0. 0. 0. 0. 0.],"geometry_msgs.msg.Vector3(x=-0.1748046875, y=1.38916015625, z=0.25927734375)",[0. 0. 0. 0. 0. 0. 0. 0. 0.],False
1731182660034435276,"std_msgs.msg.Header(stamp=builtin_interfaces.msg.Time(sec=1731182660, nanosec=33954572), frame_id='RL_myo')","geometry_msgs.msg.Quaternion(x=0.840036515919997, y=0.15777769335560504, z=-0.41980463245642224, w=-0.30530136253954987)",[0. 0. 0. 0. 0. 0. 0. 0. 0.],"geometry_msgs.msg.Vector3(x=-366.6875, y=-175.75, z=124.375)",[0. 0. 0. 0. 0. 0. 0. 0. 0.],"geometry_msgs.msg.Vector3(x=0.27783203125, y=0.951171875, z=0.48779296875)",[0. 0. 0. 0. 0. 0. 0. 0. 0.],False
1731182660051002276,"std_msgs.msg.Header(stamp=builtin_interfaces.msg.Time(sec=1731182660, nanosec=50578932), frame_id='RL_myo')","geometry_msgs.msg.Quaternion(x=0.8397265831949647, y=0.09899960153672284, z=-0.42553959427498866, w=-0.32245061338995484)",[0. 0. 0. 0. 0. 0. 0. 0. 0.],"geometry_msgs.msg.Vector3(x=-315.5, y=-147.625, z=65.3125)",[0. 0. 0. 0. 0. 0. 0. 0. 0.],"geometry_msgs.msg.Vector3(x=0.75634765625, y=0.6376953125, z=0.759765625)",[0. 0. 0. 0. 0. 0. 0. 0. 0.],False
1731182660073742263,"std_msgs.msg.Header(stamp=builtin_interfaces.msg.Time(sec=1731182660, nanosec=73286158), frame_id='RL_myo')","geometry_msgs.msg.Quaternion(x=0.8320630114390388, y=0.07220734613647176, z=-0.43928678794943976, w=-0.33088421251548045)",[0. 0. 0. 0. 0. 0. 0. 0. 0.],"geometry_msgs.msg.Vector3(x=-116.6875, y=-143.6875, z=17.625)",[0. 0. 0. 0. 0. 0. 0. 0. 0.],"geometry_msgs.msg.Vector3(x=0.43212890625, y=0.1962890625, z=0.7607421875)",[0. 0. 0. 0. 0. 0. 0. 0. 0.],False
1731182660094714665,"std_msgs.msg.Header(stamp=builtin_interfaces.msg.Time(sec=1731182660, nanosec=94236847), frame_id='RL_myo')","geometry_msgs.msg.Quaternion(x=0.829917739085794, y=0.06195237958167838, z=-0.4473999431859138, w=-0.32746257778887145)",[0. 0. 0. 0. 0. 0. 0. 0. 0.],"geometry_msgs.msg.Vector3(x=-22.875, y=-73.9375, z=48.375)",[0. 0. 0. 0. 0. 0. 0. 0. 0.],"geometry_msgs.msg.Vector3(x=0.76416015625, y=0.5703125, z=0.8837890625)",[0. 0. 0. 0. 0. 0. 0. 0. 0.],False
1731182660117384701,"std_msgs.msg.Header(stamp=builtin_interfaces.msg.Time(sec=1731182660, nanosec=116937245), frame_id='RL_myo')","geometry_msgs.msg.Quaternion(x=0.8276917320636197, y=0.05737262946241446, z=-0.4507413495531179, w=-0.32934330699913666)",[0. 0. 0. 0. 0. 0. 0. 0. 0.],"geometry_msgs.msg.Vector3(x=6.5, y=-68.0625, z=-6.4375)",[0. 0. 0. 0. 0. 0. 0. 0. 0.],"geometry_msgs.msg.Vector3(x=0.330078125, y=0.0517578125, z=1.0244140625)",[0. 0. 0. 0. 0. 0. 0. 0. 0.],False
1731182660134108705,"std_msgs.msg.Header(stamp=builtin_interfaces.msg.Time(sec=1731182660, nanosec=133748556), frame_id='RL_myo')","geometry_msgs.msg.Quaternion(x=0.8267740200145423, y=0.06848076557332913, z=-0.4611770629875891, w=-0.3147551765255422)",[0. 0. 0. 0. 0. 0. 0. 0. 0.],"geometry_msgs.msg.Vector3(x=117.625, y=-31.25, z=36.4375)",[0. 0. 0. 0. 0. 0. 0. 0. 0.],"geometry_msgs.msg.Vector3(x=1.0517578125, y=0.126953125, z=1.228515625)",[0. 0. 0. 0. 0. 0. 0. 0. 0.],False
1731182660154793433,"std_msgs.msg.Header(stamp=builtin_interfaces.msg.Time(sec=1731182660, nanosec=154464284), frame_id='RL_myo')","geometry_msgs.msg.Quaternion(x=0.8278882520534111, y=0.08453444626172031, z=-0.46478686518628176, w=-0.3023708641014891)",[0. 0. 0. 0. 0. 0. 0. 0. 0.],"geometry_msgs.msg.Vector3(x=116.5, y=20.4375, z=16.75)",[0. 0. 0. 0. 0. 0. 0. 0. 0.],"geometry_msgs.msg.Vector3(x=0.84326171875, y=0.2861328125, z=0.5986328125)",[0. 0. 0. 0. 0. 0. 0. 0. 0.],False
1731182660177200114,"std_msgs.msg.Header(stamp=builtin_interfaces.msg.Time(sec=1731182660, nanosec=176701920), frame_id='RL_myo')","geometry_msgs.msg.Quaternion(x=0.8313456884146595, y=0.09448081092914565, z=-0.46190618676471207, w=-0.29424547124638967)",[0. 0. 0. 0. 0. 0. 0. 0. 0.],"geometry_msgs.msg.Vector3(x=61.6875, y=38.125, z=21.6875)",[0. 0. 0. 0. 0. 0. 0. 0. 0.],"geometry_msgs.msg.Vector3(x=0.67431640625, y=0.50390625, z=0.642578125)",[0. 0. 0. 0. 0. 0. 0. 0. 0.],False
1731182660194256626,"std_msgs.msg.Header(stamp=builtin_interfaces.msg.Time(sec=1731182660, nanosec=193826534), frame_id='RL_myo')","geometry_msgs.msg.Quaternion(x=0.8351407093871975, y=0.09136926419298652, z=-0.45837219378044675, w=-0.2899768698603066)",[0. 0. 0. 0. 0. 0. 0. 0. 0.],"geometry_msgs.msg.Vector3(x=-9.875, y=20.4375, z=33.375)",[0. 0. 0. 0. 0. 0. 0. 0. 0.],"geometry_msgs.msg.Vector3(x=0.5439453125, y=0.328125, z=0.4990234375)",[0. 0. 0. 0. 0. 0. 0. 0. 0.],False
1731182660214691256,"std_msgs.msg.Header(stamp=builtin_interfaces.msg.Time(sec=1731182660, nanosec=214176658), frame_id='RL_myo')","geometry_msgs.msg.Quaternion(x=0.8387350921874464, y=0.08526509414829447, z=-0.4553168234404272, w=-0.28625146138546964)",[0. 0. 0. 0. 0. 0. 0. 0. 0.],"geometry_msgs.msg.Vector3(x=-19.1875, y=13.0625, z=31.4375)",[0. 0. 0. 0. 0. 0. 0. 0. 0.],"geometry_msgs.msg.Vector3(x=0.6005859375, y=0.20068359375, z=0.533203125)",[0. 0. 0. 0. 0. 0. 0. 0. 0.],False
1731182660231006019,"std_msgs.msg.Header(stamp=builtin_interfaces.msg.Time(sec=1731182660, nanosec=230609555), frame_id='RL_myo')","geometry_msgs.msg.Quaternion(x=0.8408363847908534, y=0.08374183507063378, z=-0.45502578750114786, w=-0.28095019448260006)",[0. 0. 0. 0. 0. 0. 0. 0. 0.],"geometry_msgs.msg.Vector3(x=8.125, y=8.875, z=27.375)",[0. 0. 0. 0. 0. 0. 0. 0. 0.],"geometry_msgs.msg.Vector3(x=0.69189453125, y=0.27978515625, z=0.51904296875)",[0. 0. 0. 0. 0. 0. 0. 0. 0.],False
1731182660260067260,"std_msgs.msg.Header(stamp=builtin_interfaces.msg.Time(sec=1731182660, nanosec=259582387), frame_id='RL_myo')","geometry_msgs.msg.Quaternion(x=0.8408856173232429, y=0.08447308516914917, z=-0.45630114503219593, w=-0.278504832100309)",[0. 0. 0. 0. 0. 0. 0. 0. 0.],"geometry_msgs.msg.Vector3(x=8.0625, y=3.375, z=10.4375)",[0. 0. 0. 0. 0. 0. 0. 0. 0.],"geometry_msgs.msg.Vector3(x=0.7861328125, y=0.4306640625, z=0.4833984375)",[0. 0. 0. 0. 0. 0. 0. 0. 0.],False
1731182660282614301,"std_msgs.msg.Header(stamp=builtin_interfaces.msg.Time(sec=1731182660, nanosec=282107960), frame_id='RL_myo')","geometry_msgs.msg.Quaternion(x=0.840334095809672, y=0.08496114623526027, z=-0.45733754938276233, w=-0.27832099628792156)",[0. 0. 0. 0. 0. 0. 0. 0. 0.],"geometry_msgs.msg.Vector3(x=1.8125, y=-0.1875, z=-1.0)",[0. 0. 0. 0. 0. 0. 0. 0. 0.],"geometry_msgs.msg.Vector3(x=0.75244140625, y=0.41357421875, z=0.48486328125)",[0. 0. 0. 0. 0. 0. 0. 0. 0.],False
1731182660293198911,"std_msgs.msg.Header(stamp=builtin_interfaces.msg.Time(sec=1731182660, nanosec=292792082), frame_id='RL_myo')","geometry_msgs.msg.Quaternion(x=0.8403126057252176, y=0.08306692739628277, z=-0.4576920562415316, w=-0.2783749124573444)",[0. 0. 0. 0. 0. 0. 0. 0. 0.],"geometry_msgs.msg.Vector3(x=-6.0, y=-2.875, z=0.0625)",[0. 0. 0. 0. 0. 0. 0. 0. 0.],"geometry_msgs.msg.Vector3(x=0.76123046875, y=0.31884765625, z=0.55859375)",[0. 0. 0. 0. 0. 0. 0. 0. 0.],False
1731182660313949385,"std_msgs.msg.Header(stamp=builtin_interfaces.msg.Time(sec=1731182660, nanosec=313554742), frame_id='RL_myo')","geometry_msgs.msg.Quaternion(x=0.8409386391958705, y=0.07977259409413578, z=-0.4572733549757194, w=-0.27813596885002045)",[0. 0. 0. 0. 0. 0. 0. 0. 0.],"geometry_msgs.msg.Vector3(x=-10.5, y=-0.625, z=2.625)",[0. 0. 0. 0. 0. 0. 0. 0. 0.],"geometry_msgs.msg.Vector3(x=0.77978515625, y=0.265625, z=0.59326171875)",[0. 0. 0. 0. 0. 0. 0. 0. 0.],False
1731182660327930903,"std_msgs.msg.Header(stamp=builtin_interfaces.msg.Time(sec=1731182660, nanosec=327532883), frame_id='RL_myo')","geometry_msgs.msg.Quaternion(x=0.8413653442878384, y=0.07775839308108132, z=-0.45672374837184576, w=-0.27831889517247316)",[0. 0. 0. 0. 0. 0. 0. 0. 0.],"geometry_msgs.msg.Vector3(x=-9.5, y=2.4375, z=1.125)",[0. 0. 0. 0. 0. 0. 0. 0. 0.],"geometry_msgs.msg.Vector3(x=0.732421875, y=0.31396484375, z=0.54052734375)",[0. 0. 0. 0. 0. 0. 0. 0. 0.],False
1731182660365889502,"std_msgs.msg.Header(stamp=builtin_interfaces.msg.Time(sec=1731182660, nanosec=365438064), frame_id='RL_myo')","geometry_msgs.msg.Quaternion(x=0.8416874378328647, y=0.0766002708107502, z=-0.4560615326676697, w=-0.27875174246429973)",[0. 0. 0. 0. 0. 0. 0. 0. 0.],"geometry_msgs.msg.Vector3(x=-7.875, y=2.4375, z=0.75)",[0. 0. 0. 0. 0. 0. 0. 0. 0.],"geometry_msgs.msg.Vector3(x=0.6640625, y=0.34423828125, z=0.51123046875)",[0. 0. 0. 0. 0. 0. 0. 0. 0.],False
1731182660367731134,"std_msgs.msg.Header(stamp=builtin_interfaces.msg.Time(sec=1731182660, nanosec=367319238), frame_id='RL_myo')","geometry_msgs.msg.Quaternion(x=0.841773760955012, y=0.07555944867041073, z=-0.4558590647167187, w=-0.2791061056298774)",[0. 0. 0. 0. 0. 0. 0. 0. 0.],"geometry_msgs.msg.Vector3(x=-4.0625, y=-2.0, z=-1.0625)",[0. 0. 0. 0. 0. 0. 0. 0. 0.],"geometry_msgs.msg.Vector3(x=0.65966796875, y=0.3095703125, z=0.55078125)",[0. 0. 0. 0. 0. 0. 0. 0. 0.],False
1731182660378937644,"std_msgs.msg.Header(stamp=builtin_interfaces.msg.Time(sec=1731182660, nanosec=378550229), frame_id='RL_myo')","geometry_msgs.msg.Quaternion(x=0.8412681458818543, y=0.07556337260405831, z=-0.45637103147055247, w=-0.27979200324475223)",[0. 0. 0. 0. 0. 0. 0. 0. 0.],"geometry_msgs.msg.Vector3(x=1.3125, y=-4.8125, z=-5.875)",[0. 0. 0. 0. 0. 0. 0. 0. 0.],"geometry_msgs.msg.Vector3(x=0.6806640625, y=0.3203125, z=0.548828125)",[0. 0. 0. 0. 0. 0. 0. 0. 0.],False
1731182660401508946,"std_msgs.msg.Header(stamp=builtin_interfaces.msg.Time(sec=1731182660, nanosec=401023210), frame_id='RL_myo')","geometry_msgs.msg.Quaternion(x=0.84074562340683, y=0.07720821877383956, z=-0.45684072531398345, w=-0.2801468175272123)",[0. 0. 0. 0. 0. 0. 0. 0. 0.],"geometry_msgs.msg.Vector3(x=8.0625, y=-1.625, z=-6.5625)",[0. 0. 0. 0. 0. 0. 0. 0. 0.],"geometry_msgs.msg.Vector3(x=0.66357421875, y=0.35400390625, z=0.53076171875)",[0. 0. 0. 0. 0. 0. 0. 0. 0.],False
1731182660432850898,"std_msgs.msg.Header(stamp=builtin_interfaces.msg.Time(sec=1731182660, nanosec=432305471), frame_id='RL_myo')","geometry_msgs.msg.Quaternion(x=0.8404852341840497, y=0.0780668565375018, z=-0.4568650673832689, w=-0.2806500440652332)",[0. 0. 0. 0. 0. 0. 0. 0. 0.],"geometry_msgs.msg.Vector3(x=5.5, y=-1.0625, z=-7.75)",[0. 0. 0. 0. 0. 0. 0. 0. 0.],"geometry_msgs.msg.Vector3(x=0.68408203125, y=0.31494140625, z=0.564453125)",[0. 0. 0. 0. 0. 0. 0. 0. 0.],False
1731182660442050932,"std_msgs.msg.Header(stamp=builtin_interfaces.msg.Time(sec=1731182660, nanosec=441609606), frame_id='RL_myo')","geometry_msgs.msg.Quaternion(x=0.8396573601718846, y=0.0784298689991184, z=-0.4570904972252122, w=-0.28265270298437145)",[0. 0. 0. 0. 0. 0. 0. 0. 0.],"geometry_msgs.msg.Vector3(x=0.375, y=-3.3125, z=-15.6875)",[0. 0. 0. 0. 0. 0. 0. 0. 0.],"geometry_msgs.msg.Vector3(x=0.716796875, y=0.3076171875, z=0.5595703125)",[0. 0. 0. 0. 0. 0. 0. 0. 0.],False
1731182660461445207,"std_msgs.msg.Header(stamp=builtin_interfaces.msg.Time(sec=1731182660, nanosec=460959234), frame_id='RL_myo')","geometry_msgs.msg.Quaternion(x=0.8386738812417925, y=0.07964991012448434, z=-0.4569036223692642, w=-0.28551898817037374)",[0. 0. 0. 0. 0. 0. 0. 0. 0.],"geometry_msgs.msg.Vector3(x=-1.5, y=0.5625, z=-19.6875)",[0. 0. 0. 0. 0. 0. 0. 0. 0.],"geometry_msgs.msg.Vector3(x=0.68603515625, y=0.359375, z=0.5166015625)",[0. 0. 0. 0. 0. 0. 0. 0. 0.],False
1731182660477937159,"std_msgs.msg.Header(stamp=builtin_interfaces.msg.Time(sec=1731182660, nanosec=477596452), frame_id='RL_myo')","geometry_msgs.msg.Quaternion(x=0.8379428604672828, y=0.08142004340180314, z=-0.4564771398816235, w=-0.28783877412511516)",[0. 0. 0. 0. 0. 0. 0. 0. 0.],"geometry_msgs.msg.Vector3(x=0.8125, y=1.9375, z=-15.9375)",[0. 0. 0. 0. 0. 0. 0. 0. 0.],"geometry_msgs.msg.Vector3(x=0.65185546875, y=0.3876953125, z=0.5166015625)",[0. 0. 0. 0. 0. 0. 0. 0. 0.],False
1731182660515256044,"std_msgs.msg.Header(stamp=builtin_interfaces.msg.Time(sec=1731182660, nanosec=514819603), frame_id='RL_myo')","geometry_msgs.msg.Quaternion(x=0.8371434881283615, y=0.0827011830281372, z=-0.45616873944819, w=-0.29027810072459076)",[0. 0. 0. 0. 0. 0. 0. 0. 0.],"geometry_msgs.msg.Vector3(x=-1.1875, y=0.0625, z=-15.625)",[0. 0. 0. 0. 0. 0. 0. 0. 0.],"geometry_msgs.msg.Vector3(x=0.666015625, y=0.39501953125, z=0.5322265625)",[0. 0. 0. 0. 0. 0. 0. 0. 0.],False
1731182660521501651,"std_msgs.msg.Header(stamp=builtin_interfaces.msg.Time(sec=1731182660, nanosec=521059475), frame_id='RL_myo')","geometry_msgs.msg.Quaternion(x=0.8363042109715416, y=0.08416753079329703, z=-0.45599392498674557, w=-0.2925416788196321)",[0. 0. 0. 0. 0. 0. 0. 0. 0.],"geometry_msgs.msg.Vector3(x=-0.1875, y=-0.3125, z=-14.0625)",[0. 0. 0. 0. 0. 0. 0. 0. 0.],"geometry_msgs.msg.Vector3(x=0.62939453125, y=0.4033203125, z=0.51220703125)",[0. 0. 0. 0. 0. 0. 0. 0. 0.],False
1731182660543993850,"std_msgs.msg.Header(stamp=builtin_interfaces.msg.Time(sec=1731182660, nanosec=543489774), frame_id='RL_myo')","geometry_msgs.msg.Quaternion(x=0.8357090114295508, y=0.08563392806278555, z=-0.4560632291412214, w=-0.29370667272852746)",[0. 0. 0. 0. 0. 0. 0. 0. 0.],"geometry_msgs.msg.Vector3(x=2.5625, y=-0.4375, z=-7.6875)",[0. 0. 0. 0. 0. 0. 0. 0. 0.],"geometry_msgs.msg.Vector3(x=0.6240234375, y=0.40869140625, z=0.505859375)",[0. 0. 0. 0. 0. 0. 0. 0. 0.],False
1731182660575255217,"std_msgs.msg.Header(stamp=builtin_interfaces.msg.Time(sec=1731182660, nanosec=574824786), frame_id='RL_myo')","geometry_msgs.msg.Quaternion(x=0.8354982460697352, y=0.08624143631357556, z=-0.45598709886675376, w=-0.29424625935438625)",[0. 0. 0. 0. 0. 0. 0. 0. 0.],"geometry_msgs.msg.Vector3(x=0.5, y=0.25, z=-3.3125)",[0. 0. 0. 0. 0. 0. 0. 0. 0.],"geometry_msgs.msg.Vector3(x=0.63330078125, y=0.3955078125, z=0.5107421875)",[0. 0. 0. 0. 0. 0. 0. 0. 0.],False
1731182660581484834,"std_msgs.msg.Header(stamp=builtin_interfaces.msg.Time(sec=1731182660, nanosec=580979965), frame_id='RL_myo')","geometry_msgs.msg.Quaternion(x=0.8354051681982452, y=0.08630546561206391, z=-0.4559418869321905, w=-0.2945616527891234)",[0. 0. 0. 0. 0. 0. 0. 0. 0.],"geometry_msgs.msg.Vector3(x=-1.1875, y=-1.1875, z=-0.375)",[0. 0. 0. 0. 0. 0. 0. 0. 0.],"geometry_msgs.msg.Vector3(x=0.6298828125, y=0.39404296875, z=0.52587890625)",[0. 0. 0. 0. 0. 0. 0. 0. 0.],False
1731182660596463355,"std_msgs.msg.Header(stamp=builtin_interfaces.msg.Time(sec=1731182660, nanosec=595976203), frame_id='RL_myo')","geometry_msgs.msg.Quaternion(x=0.8354682230464767, y=0.08606152794385828, z=-0.45618713464708993, w=-0.294074072080503)",[0. 0. 0. 0. 0. 0. 0. 0. 0.],"geometry_msgs.msg.Vector3(x=0.875, y=-2.5625, z=3.5625)",[0. 0. 0. 0. 0. 0. 0. 0. 0.],"geometry_msgs.msg.Vector3(x=0.64208984375, y=0.3798828125, z=0.54150390625)",[0. 0. 0. 0. 0. 0. 0. 0. 0.],False
1731182660618898872,"std_msgs.msg.Header(stamp=builtin_interfaces.msg.Time(sec=1731182660, nanosec=618462214), frame_id='RL_myo')","geometry_msgs.msg.Quaternion(x=0.8356409395047335, y=0.0858163144360277, z=-0.4565476756625087, w=-0.29309384204964795)",[0. 0. 0. 0. 0. 0. 0. 0. 0.],"geometry_msgs.msg.Vector3(x=3.4375, y=-1.5625, z=4.125)",[0. 0. 0. 0. 0. 0. 0. 0. 0.],"geometry_msgs.msg.Vector3(x=0.6728515625, y=0.359375, z=0.54296875)",[0. 0. 0. 0. 0. 0. 0. 0. 0.],False
1731182660637403747,"std_msgs.msg.Header(stamp=builtin_interfaces.msg.Time(sec=1731182660, nanosec=637083455), frame_id='RL_myo')","geometry_msgs.msg.Quaternion(x=0.8356517280552302, y=0.08630571495654778, z=-0.45698082594036293, w=-0.29224311401128056)",[0. 0. 0. 0. 0. 0. 0. 0. 0.],"geometry_msgs.msg.Vector3(x=5.9375, y=-0.5, z=1.75)",[0. 0. 0. 0. 0. 0. 0. 0. 0.],"geometry_msgs.msg.Vector3(x=0.681640625, y=0.3671875, z=0.5361328125)",[0. 0. 0. 0. 0. 0. 0. 0. 0.],False
1731182660656597078,"std_msgs.msg.Header(stamp=builtin_interfaces.msg.Time(sec=1731182660, nanosec=656163088), frame_id='RL_myo')","geometry_msgs.msg.Quaternion(x=0.8354393451822522, y=0.08721820750039731, z=-0.45751412415883713, w=-0.2917445989166544)",[0. 0. 0. 0. 0. 0. 0. 0. 0.],"geometry_msgs.msg.Vector3(x=7.8125, y=-0.8125, z=-1.9375)",[0. 0. 0. 0. 0. 0. 0. 0. 0.],"geometry_msgs.msg.Vector3(x=0.69677734375, y=0.369140625, z=0.544921875)",[0. 0. 0. 0. 0. 0. 0. 0. 0.],False
1731182660687533385,"std_msgs.msg.Header(stamp=builtin_interfaces.msg.Time(sec=1731182660, nanosec=687066975), frame_id='RL_myo')","geometry_msgs.msg.Quaternion(x=0.8350403030551683, y=0.08844188283948094, z=-0.4580789031817146, w=-0.29163237833474115)",[0. 0. 0. 0. 0. 0. 0. 0. 0.],"geometry_msgs.msg.Vector3(x=7.3125, y=-0.5625, z=-3.9375)",[0. 0. 0. 0. 0. 0. 0. 0. 0.],"geometry_msgs.msg.Vector3(x=0.67919921875, y=0.3798828125, z=0.51611328125)",[0. 0. 0. 0. 0. 0. 0. 0. 0.],False
1731182660712434083,"std_msgs.msg.Header(stamp=builtin_interfaces.msg.Time(sec=1731182660, nanosec=712082314), frame_id='RL_myo')","geometry_msgs.msg.Quaternion(x=0.8346705361163353, y=0.08972326786771576, z=-0.4585042096750209, w=-0.2916311386883986)",[0. 0. 0. 0. 0. 0. 0. 0. 0.],"geometry_msgs.msg.Vector3(x=7.625, y=-0.25, z=-4.875)",[0. 0. 0. 0. 0. 0. 0. 0. 0.],"geometry_msgs.msg.Vector3(x=0.68115234375, y=0.3720703125, z=0.5263671875)",[0. 0. 0. 0. 0. 0. 0. 0. 0.],False
1731182660716458833,"std_msgs.msg.Header(stamp=builtin_interfaces.msg.Time(sec=1731182660, nanosec=715984480), frame_id='RL_myo')","geometry_msgs.msg.Quaternion(x=0.8341391514490858, y=0.09137321159953765, z=-0.45906340977964105, w=-0.29175948660373413)",[0. 0. 0. 0. 0. 0. 0. 0. 0.],"geometry_msgs.msg.Vector3(x=10.6875, y=-1.125, z=-8.625)",[0. 0. 0. 0. 0. 0. 0. 0. 0.],"geometry_msgs.msg.Vector3(x=0.70263671875, y=0.35791015625, z=0.54541015625)",[0. 0. 0. 0. 0. 0. 0. 0. 0.],False
1731182660740649995,"std_msgs.msg.Header(stamp=builtin_interfaces.msg.Time(sec=1731182660, nanosec=740170664), frame_id='RL_myo')","geometry_msgs.msg.Quaternion(x=0.8331311149645494, y=0.09417738537657873, z=-0.46002265300276984, w=-0.2922367603260265)",[0. 0. 0. 0. 0. 0. 0. 0. 0.],"geometry_msgs.msg.Vector3(x=14.8125, y=-1.6875, z=-12.1875)",[0. 0. 0. 0. 0. 0. 0. 0. 0.],"geometry_msgs.msg.Vector3(x=0.67626953125, y=0.37646484375, z=0.5068359375)",[0. 0. 0. 0. 0. 0. 0. 0. 0.],False
1731182660761443834,"std_msgs.msg.Header(stamp=builtin_interfaces.msg.Time(sec=1731182660, nanosec=761011781), frame_id='RL_myo')","geometry_msgs.msg.Quaternion(x=0.8320489180430297, y=0.0970479591907583, z=-0.4610693608345838, w=-0.29273082533262695)",[0. 0. 0. 0. 0. 0. 0. 0. 0.],"geometry_msgs.msg.Vector3(x=13.625, y=-2.1875, z=-10.625)",[0. 0. 0. 0. 0. 0. 0. 0. 0.],"geometry_msgs.msg.Vector3(x=0.66943359375, y=0.4169921875, z=0.50439453125)",[0. 0. 0. 0. 0. 0. 0. 0. 0.],False
1731182660776521880,"std_msgs.msg.Header(stamp=builtin_interfaces.msg.Time(sec=1731182660, nanosec=776071573), frame_id='RL_myo')","geometry_msgs.msg.Quaternion(x=0.8311663882476444, y=0.09918089153344266, z=-0.46178623097970906, w=-0.29339233575462087)",[0. 0. 0. 0. 0. 0. 0. 0. 0.],"geometry_msgs.msg.Vector3(x=9.875, y=-2.5625, z=-9.5625)",[0. 0. 0. 0. 0. 0. 0. 0. 0.],"geometry_msgs.msg.Vector3(x=0.65576171875, y=0.4111328125, z=0.51318359375)",[0. 0. 0. 0. 0. 0. 0. 0. 0.],False
1731182660798866228,"std_msgs.msg.Header(stamp=builtin_interfaces.msg.Time(sec=1731182660, nanosec=798453609), frame_id='RL_myo')","geometry_msgs.msg.Quaternion(x=0.8303774202544745, y=0.10095143352450575, z=-0.46227699970653363, w=-0.2942484044870872)",[0. 0. 0. 0. 0. 0. 0. 0. 0.],"geometry_msgs.msg.Vector3(x=7.6875, y=-3.625, z=-8.9375)",[0. 0. 0. 0. 0. 0. 0. 0. 0.],"geometry_msgs.msg.Vector3(x=0.638671875, y=0.41162109375, z=0.52783203125)",[0. 0. 0. 0. 0. 0. 0. 0. 0.],False
1731182660830002975,"std_msgs.msg.Header(stamp=builtin_interfaces.msg.Time(sec=1731182660, nanosec=829550817), frame_id='RL_myo')","geometry_msgs.msg.Quaternion(x=0.8295417786168406, y=0.10315102684588777, z=-0.4633251152586592, w=-0.2941940528977391)",[0. 0. 0. 0. 0. 0. 0. 0. 0.],"geometry_msgs.msg.Vector3(x=14.375, y=-5.4375, z=-6.6875)",[0. 0. 0. 0. 0. 0. 0. 0. 0.],"geometry_msgs.msg.Vector3(x=0.64990234375, y=0.4013671875, z=0.548828125)",[0. 0. 0. 0. 0. 0. 0. 0. 0.],False
1731182660840066850,"std_msgs.msg.Header(stamp=builtin_interfaces.msg.Time(sec=1731182660, nanosec=839710573), frame_id='RL_myo')","geometry_msgs.msg.Quaternion(x=0.8285243281328966, y=0.10614437944770201, z=-0.46461818076820455, w=-0.2939570623462524)",[0. 0. 0. 0. 0. 0. 0. 0. 0.],"geometry_msgs.msg.Vector3(x=21.6875, y=-6.4375, z=-11.375)",[0. 0. 0. 0. 0. 0. 0. 0. 0.],"geometry_msgs.msg.Vector3(x=0.6845703125, y=0.36474609375, z=0.578125)",[0. 0. 0. 0. 0. 0. 0. 0. 0.],False
1731182660866977669,"std_msgs.msg.Header(stamp=builtin_interfaces.msg.Time(sec=1731182660, nanosec=866546788), frame_id='RL_myo')","geometry_msgs.msg.Quaternion(x=0.8265233436283599, y=0.11132613932787834, z=-0.4666664809764023, w=-0.29442834216978353)",[0. 0. 0. 0. 0. 0. 0. 0. 0.],"geometry_msgs.msg.Vector3(x=29.1875, y=-7.25, z=-19.1875)",[0. 0. 0. 0. 0. 0. 0. 0. 0.],"geometry_msgs.msg.Vector3(x=0.64453125, y=0.39990234375, z=0.5078125)",[0. 0. 0. 0. 0. 0. 0. 0. 0.],False
1731182660881505567,"std_msgs.msg.Header(stamp=builtin_interfaces.msg.Time(sec=1731182660, nanosec=881061153), frame_id='RL_myo')","geometry_msgs.msg.Quaternion(x=0.8246487394442753, y=0.1168216776919801, z=-0.46832431187594736, w=-0.2949228561168484)",[0. 0. 0. 0. 0. 0. 0. 0. 0.],"geometry_msgs.msg.Vector3(x=26.0, y=-4.3125, z=-15.5625)",[0. 0. 0. 0. 0. 0. 0. 0. 0.],"geometry_msgs.msg.Vector3(x=0.59814453125, y=0.4736328125, z=0.45556640625)",[0. 0. 0. 0. 0. 0. 0. 0. 0.],False
1731182660896537463,"std_msgs.msg.Header(stamp=builtin_interfaces.msg.Time(sec=1731182660, nanosec=896108456), frame_id='RL_myo')","geometry_msgs.msg.Quaternion(x=0.8233711178495599, y=0.11944679596972488, z=-0.46979151179303646, w=-0.2951074391996013)",[0. 0. 0. 0. 0. 0. 0. 0. 0.],"geometry_msgs.msg.Vector3(x=13.0, y=-4.3125, z=-7.125)",[0. 0. 0. 0. 0. 0. 0. 0. 0.],"geometry_msgs.msg.Vector3(x=0.6328125, y=0.4619140625, z=0.44873046875)",[0. 0. 0. 0. 0. 0. 0. 0. 0.],False
1731182660926417229,"std_msgs.msg.Header(stamp=builtin_interfaces.msg.Time(sec=1731182660, nanosec=926017252), frame_id='RL_myo')","geometry_msgs.msg.Quaternion(x=0.8227620163523592, y=0.12024044304259256, z=-0.470463621813352, w=-0.2954130681858619)",[0. 0. 0. 0. 0. 0. 0. 0. 0.],"geometry_msgs.msg.Vector3(x=2.6875, y=-1.9375, z=-3.8125)",[0. 0. 0. 0. 0. 0. 0. 0. 0.],"geometry_msgs.msg.Vector3(x=0.66015625, y=0.45458984375, z=0.4560546875)",[0. 0. 0. 0. 0. 0. 0. 0. 0.],False
1731182660941474411,"std_msgs.msg.Header(stamp=builtin_interfaces.msg.Time(sec=1731182660, nanosec=941028827), frame_id='RL_myo')","geometry_msgs.msg.Quaternion(x=0.8228721800266059, y=0.12005559843586515, z=-0.4700906045516184, w=-0.29577500255221273)",[0. 0. 0. 0. 0. 0. 0. 0. 0.],"geometry_msgs.msg.Vector3(x=-4.5, y=2.125, z=0.75)",[0. 0. 0. 0. 0. 0. 0. 0. 0.],"geometry_msgs.msg.Vector3(x=0.63232421875, y=0.4716796875, z=0.46484375)",[0. 0. 0. 0. 0. 0. 0. 0. 0.],False
1731182660963830836,"std_msgs.msg.Header(stamp=builtin_interfaces.msg.Time(sec=1731182660, nanosec=963364616), frame_id='RL_myo')","geometry_msgs.msg.Quaternion(x=0.823492633907459, y=0.11865325232108659, z=-0.469241874405614, w=-0.2959617389428749)",[0. 0. 0. 0. 0. 0. 0. 0. 0.],"geometry_msgs.msg.Vector3(x=-9.375, y=1.875, z=5.0)",[0. 0. 0. 0. 0. 0. 0. 0. 0.],"geometry_msgs.msg.Vector3(x=0.6259765625, y=0.45458984375, z=0.498046875)",[0. 0. 0. 0. 0. 0. 0. 0. 0.],False
1731182660996608167,"std_msgs.msg.Header(stamp=builtin_interfaces.msg.Time(sec=1731182660, nanosec=996149832), frame_id='RL_myo')","geometry_msgs.msg.Quaternion(x=0.8240329109128937, y=0.11682090152487064, z=-0.46887051489762605, w=-0.2957753859924363)",[0. 0. 0. 0. 0. 0. 0. 0. 0.],"geometry_msgs.msg.Vector3(x=-7.8125, y=-1.125, z=5.5625)",[0. 0. 0. 0. 0. 0. 0. 0. 0.],"geometry_msgs.msg.Vector3(x=0.64208984375, y=0.41650390625, z=0.5166015625)",[0. 0. 0. 0. 0. 0. 0. 0. 0.],False
1731182660999000730,"std_msgs.msg.Header(stamp=builtin_interfaces.msg.Time(sec=1731182660, nanosec=998635608), frame_id='RL_myo')","geometry_msgs.msg.Quaternion(x=0.8244709991445431, y=0.11572379437207979, z=-0.46875461011475356, w=-0.29516891855663385)",[0. 0. 0. 0. 0. 0. 0. 0. 0.],"geometry_msgs.msg.Vector3(x=-1.8125, y=-1.375, z=4.875)",[0. 0. 0. 0. 0. 0. 0. 0. 0.],"geometry_msgs.msg.Vector3(x=0.6552734375, y=0.400390625, z=0.52490234375)",[0. 0. 0. 0. 0. 0. 0. 0. 0.],False
1731182661016548578,"std_msgs.msg.Header(stamp=builtin_interfaces.msg.Time(sec=1731182661, nanosec=16131305), frame_id='RL_myo')","geometry_msgs.msg.Quaternion(x=0.8246395018657946, y=0.11553864088756932, z=-0.4689294125405151, w=-0.29449230971078816)",[0. 0. 0. 0. 0. 0. 0. 0. 0.],"geometry_msgs.msg.Vector3(x=1.125, y=-0.25, z=4.0625)",[0. 0. 0. 0. 0. 0. 0. 0. 0.],"geometry_msgs.msg.Vector3(x=0.66162109375, y=0.4375, z=0.50537109375)",[0. 0. 0. 0. 0. 0. 0. 0. 0.],False
1731182661038964930,"std_msgs.msg.Header(stamp=builtin_interfaces.msg.Time(sec=1731182661, nanosec=38516046), frame_id='RL_myo')","geometry_msgs.msg.Quaternion(x=0.82495879654673, y=0.11541854722328103, z=-0.46881536817663755, w=-0.29382595787037274)",[0. 0. 0. 0. 0. 0. 0. 0. 0.],"geometry_msgs.msg.Vector3(x=0.0, y=1.75, z=4.5)",[0. 0. 0. 0. 0. 0. 0. 0. 0.],"geometry_msgs.msg.Vector3(x=0.66015625, y=0.4501953125, z=0.49462890625)",[0. 0. 0. 0. 0. 0. 0. 0. 0.],False
1731182661057492481,"std_msgs.msg.Header(stamp=builtin_interfaces.msg.Time(sec=1731182661, nanosec=57152490), frame_id='RL_myo')","geometry_msgs.msg.Quaternion(x=0.8253256134975111, y=0.11480827384919527, z=-0.4685105316674231, w=-0.29352099358893147)",[0. 0. 0. 0. 0. 0. 0. 0. 0.],"geometry_msgs.msg.Vector3(x=-3.5625, y=2.125, z=4.375)",[0. 0. 0. 0. 0. 0. 0. 0. 0.],"geometry_msgs.msg.Vector3(x=0.65771484375, y=0.447265625, z=0.48828125)",[0. 0. 0. 0. 0. 0. 0. 0. 0.],False
1731182661076544762,"std_msgs.msg.Header(stamp=builtin_interfaces.msg.Time(sec=1731182661, nanosec=76079138), frame_id='RL_myo')","geometry_msgs.msg.Quaternion(x=0.8256329853590348, y=0.11383200396943889, z=-0.46820659648770285, w=-0.2935217732380867)",[0. 0. 0. 0. 0. 0. 0. 0. 0.],"geometry_msgs.msg.Vector3(x=-6.5625, y=1.5, z=3.625)",[0. 0. 0. 0. 0. 0. 0. 0. 0.],"geometry_msgs.msg.Vector3(x=0.65380859375, y=0.44091796875, z=0.47802734375)",[0. 0. 0. 0. 0. 0. 0. 0. 0.],False
1731182661102622655,"std_msgs.msg.Header(stamp=builtin_interfaces.msg.Time(sec=1731182661, nanosec=102270829), frame_id='RL_myo')","geometry_msgs.msg.Quaternion(x=0.8259652602976593, y=0.11267601762558964, z=-0.467855728656633, w=-0.29359244029202936)",[0. 0. 0. 0. 0. 0. 0. 0. 0.],"geometry_msgs.msg.Vector3(x=-6.75, y=0.625, z=3.375)",[0. 0. 0. 0. 0. 0. 0. 0. 0.],"geometry_msgs.msg.Vector3(x=0.6513671875, y=0.43359375, z=0.49072265625)",[0. 0. 0. 0. 0. 0. 0. 0. 0.],False
1731182661122904628,"std_msgs.msg.Header(stamp=builtin_interfaces.msg.Time(sec=1731182661, nanosec=122540840), frame_id='RL_myo')","geometry_msgs.msg.Quaternion(x=0.8261495023500567, y=0.11199647878341859, z=-0.4678218037465414, w=-0.29338805096015974)",[0. 0. 0. 0. 0. 0. 0. 0. 0.],"geometry_msgs.msg.Vector3(x=-2.875, y=-0.25, z=2.9375)",[0. 0. 0. 0. 0. 0. 0. 0. 0.],"geometry_msgs.msg.Vector3(x=0.66162109375, y=0.4267578125, z=0.5)",[0. 0. 0. 0. 0. 0. 0. 0. 0.],False
1731182661136511723,"std_msgs.msg.Header(stamp=builtin_interfaces.msg.Time(sec=1731182661, nanosec=136046591), frame_id='RL_myo')","geometry_msgs.msg.Quaternion(x=0.8262724157902632, y=0.1116303921170329, z=-0.4678833165495758, w=-0.293083183677415)",[0. 0. 0. 0. 0. 0. 0. 0. 0.],"geometry_msgs.msg.Vector3(x=-0.375, y=-0.875, z=2.1875)",[0. 0. 0. 0. 0. 0. 0. 0. 0.],"geometry_msgs.msg.Vector3(x=0.66796875, y=0.4228515625, z=0.515625)",[0. 0. 0. 0. 0. 0. 0. 0. 0.],False
1731182661161945277,"std_msgs.msg.Header(stamp=builtin_interfaces.msg.Time(sec=1731182661, nanosec=161546206), frame_id='RL_myo')","geometry_msgs.msg.Quaternion(x=0.8262236595105107, y=0.11163205091561823, z=-0.4681954415383857, w=-0.29272133197993716)",[0. 0. 0. 0. 0. 0. 0. 0. 0.],"geometry_msgs.msg.Vector3(x=1.6875, y=-1.125, z=1.375)",[0. 0. 0. 0. 0. 0. 0. 0. 0.],"geometry_msgs.msg.Vector3(x=0.67333984375, y=0.431640625, z=0.505859375)",[0. 0. 0. 0. 0. 0. 0. 0. 0.],False
1731182661177612614,"std_msgs.msg.Header(stamp=builtin_interfaces.msg.Time(sec=1731182661, nanosec=177245340), frame_id='RL_myo')","geometry_msgs.msg.Quaternion(x=0.8260819348550277, y=0.11212594313053685, z=-0.46858511998537367, w=-0.29230873252702283)",[0. 0. 0. 0. 0. 0. 0. 0. 0.],"geometry_msgs.msg.Vector3(x=4.0625, y=-1.125, z=0.5)",[0. 0. 0. 0. 0. 0. 0. 0. 0.],"geometry_msgs.msg.Vector3(x=0.6748046875, y=0.435546875, z=0.50927734375)",[0. 0. 0. 0. 0. 0. 0. 0. 0.],False
1731182661203917535,"std_msgs.msg.Header(stamp=builtin_interfaces.msg.Time(sec=1731182661, nanosec=203507244), frame_id='RL_myo')","geometry_msgs.msg.Quaternion(x=0.8257866681589682, y=0.11321761045342839, z=-0.4690443861642033, w=-0.29198547084053983)",[0. 0. 0. 0. 0. 0. 0. 0. 0.],"geometry_msgs.msg.Vector3(x=7.6875, y=-1.75, z=-1.4375)",[0. 0. 0. 0. 0. 0. 0. 0. 0.],"geometry_msgs.msg.Vector3(x=0.65966796875, y=0.427734375, z=0.515625)",[0. 0. 0. 0. 0. 0. 0. 0. 0.],False
1731182661219012265,"std_msgs.msg.Header(stamp=builtin_interfaces.msg.Time(sec=1731182661, nanosec=218470224), frame_id='RL_myo')","geometry_msgs.msg.Quaternion(x=0.8252267222921611, y=0.11493357382219965, z=-0.4698665168790722, w=-0.29157603937793297)",[0. 0. 0. 0. 0. 0. 0. 0. 0.],"geometry_msgs.msg.Vector3(x=10.875, y=-3.5, z=-2.0625)",[0. 0. 0. 0. 0. 0. 0. 0. 0.],"geometry_msgs.msg.Vector3(x=0.64990234375, y=0.4462890625, z=0.5107421875)",[0. 0. 0. 0. 0. 0. 0. 0. 0.],False
1731182661250671932,"std_msgs.msg.Header(stamp=builtin_interfaces.msg.Time(sec=1731182661, nanosec=250345638), frame_id='RL_myo')","geometry_msgs.msg.Quaternion(x=0.8243446758656237, y=0.11718804810173238, z=-0.4713156809591549, w=-0.2908338797941431)",[0. 0. 0. 0. 0. 0. 0. 0. 0.],"geometry_msgs.msg.Vector3(x=14.125, y=-5.1875, z=-1.0625)",[0. 0. 0. 0. 0. 0. 0. 0. 0.],"geometry_msgs.msg.Vector3(x=0.66259765625, y=0.47900390625, z=0.498046875)",[0. 0. 0. 0. 0. 0. 0. 0. 0.],False
1731182661263664616,"std_msgs.msg.Header(stamp=builtin_interfaces.msg.Time(sec=1731182661, nanosec=263328921), frame_id='RL_myo')","geometry_msgs.msg.Quaternion(x=0.8234939223848459, y=0.12024036666899988, z=-0.47278268031374265, w=-0.28961448723066213)",[0. 0. 0. 0. 0. 0. 0. 0. 0.],"geometry_msgs.msg.Vector3(x=23.5625, y=-5.1875, z=-5.4375)",[0. 0. 0. 0. 0. 0. 0. 0. 0.],"geometry_msgs.msg.Vector3(x=0.7099609375, y=0.423828125, z=0.55810546875)",[0. 0. 0. 0. 0. 0. 0. 0. 0.],False
1731182661278695789,"std_msgs.msg.Header(stamp=builtin_interfaces.msg.Time(sec=1731182661, nanosec=278402058), frame_id='RL_myo')","geometry_msgs.msg.Quaternion(x=0.822091592325946, y=0.12921285180444186, z=-0.4748587562770703, w=-0.28631907785292243)",[0. 0. 0. 0. 0. 0. 0. 0. 0.],"geometry_msgs.msg.Vector3(x=61.9375, y=-1.75, z=-13.0)",[0. 0. 0. 0. 0. 0. 0. 0. 0.],"geometry_msgs.msg.Vector3(x=0.732421875, y=0.43408203125, z=0.642578125)",[0. 0. 0. 0. 0. 0. 0. 0. 0.],False
1731182661302948656,"std_msgs.msg.Header(stamp=builtin_interfaces.msg.Time(sec=1731182661, nanosec=302543698), frame_id='RL_myo')","geometry_msgs.msg.Quaternion(x=0.8187986163390598, y=0.14605926864698995, z=-0.4784615992159441, w=-0.28162033662231994)",[0. 0. 0. 0. 0. 0. 0. 0. 0.],"geometry_msgs.msg.Vector3(x=101.875, y=4.375, z=-28.0625)",[0. 0. 0. 0. 0. 0. 0. 0. 0.],"geometry_msgs.msg.Vector3(x=0.859375, y=0.52099609375, z=0.67236328125)",[0. 0. 0. 0. 0. 0. 0. 0. 0.],False
1731182661317902033,"std_msgs.msg.Header(stamp=builtin_interfaces.msg.Time(sec=1731182661, nanosec=317443596), frame_id='RL_myo')","geometry_msgs.msg.Quaternion(x=0.8138515400305478, y=0.1728534244312668, z=-0.48053496135147017, w=-0.27722466587811223)",[0. 0. 0. 0. 0. 0. 0. 0. 0.],"geometry_msgs.msg.Vector3(x=147.25, y=23.5625, z=-61.6875)",[0. 0. 0. 0. 0. 0. 0. 0. 0.],"geometry_msgs.msg.Vector3(x=1.0302734375, y=0.57421875, z=0.72607421875)",[0. 0. 0. 0. 0. 0. 0. 0. 0.],False
1731182661340342040,"std_msgs.msg.Header(stamp=builtin_interfaces.msg.Time(sec=1731182661, nanosec=339904891), frame_id='RL_myo')","geometry_msgs.msg.Quaternion(x=0.808417172176, y=0.20935227637324877, z=-0.4779091323622559, w=-0.2724631375306654)",[0. 0. 0. 0. 0. 0. 0. 0. 0.],"geometry_msgs.msg.Vector3(x=184.4375, y=61.125, z=-91.125)",[0. 0. 0. 0. 0. 0. 0. 0. 0.],"geometry_msgs.msg.Vector3(x=1.08447265625, y=0.8759765625, z=0.66015625)",[0. 0. 0. 0. 0. 0. 0. 0. 0.],False
1731182661356933113,"std_msgs.msg.Header(stamp=builtin_interfaces.msg.Time(sec=1731182661, nanosec=356391160), frame_id='RL_myo')","geometry_msgs.msg.Quaternion(x=0.8059023263005473, y=0.2460309207298929, z=-0.46722071401323, w=-0.2677592779067329)",[0. 0. 0. 0. 0. 0. 0. 0. 0.],"geometry_msgs.msg.Vector3(x=165.5625, y=106.0625, z=-90.3125)",[0. 0. 0. 0. 0. 0. 0. 0. 0.],"geometry_msgs.msg.Vector3(x=0.96240234375, y=1.46337890625, z=0.63134765625)",[0. 0. 0. 0. 0. 0. 0. 0. 0.],False
1731182661383882210,"std_msgs.msg.Header(stamp=builtin_interfaces.msg.Time(sec=1731182661, nanosec=383396348), frame_id='RL_myo')","geometry_msgs.msg.Quaternion(x=0.8086565339029785, y=0.2683721623950031, z=-0.4459238158876263, w=-0.27423155006612443)",[0. 0. 0. 0. 0. 0. 0. 0. 0.],"geometry_msgs.msg.Vector3(x=42.6875, y=131.75, z=-107.9375)",[0. 0. 0. 0. 0. 0. 0. 0. 0.],"geometry_msgs.msg.Vector3(x=0.5859375, y=1.44482421875, z=0.408203125)",[0. 0. 0. 0. 0. 0. 0. 0. 0.],False
1731182661398749534,"std_msgs.msg.Header(stamp=builtin_interfaces.msg.Time(sec=1731182661, nanosec=398406833), frame_id='RL_myo')","geometry_msgs.msg.Quaternion(x=0.8169776775805188, y=0.2741163055669862, z=-0.41541651651946293, w=-0.29126764866748117)",[0. 0. 0. 0. 0. 0. 0. 0. 0.],"geometry_msgs.msg.Vector3(x=-84.9375, y=146.5, z=-121.25)",[0. 0. 0. 0. 0. 0. 0. 0. 0.],"geometry_msgs.msg.Vector3(x=0.39208984375, y=1.21533203125, z=0.28369140625)",[0. 0. 0. 0. 0. 0. 0. 0. 0.],False
1731182661416933028,"std_msgs.msg.Header(stamp=builtin_interfaces.msg.Time(sec=1731182661, nanosec=416477775), frame_id='RL_myo')","geometry_msgs.msg.Quaternion(x=0.8263023765897608, y=0.2791166175317607, z=-0.3816567263122894, w=-0.3060333960866495)",[0. 0. 0. 0. 0. 0. 0. 0. 0.],"geometry_msgs.msg.Vector3(x=-86.6875, y=165.625, z=-115.375)",[0. 0. 0. 0. 0. 0. 0. 0. 0.],"geometry_msgs.msg.Vector3(x=0.376953125, y=0.9736328125, z=0.42822265625)",[0. 0. 0. 0. 0. 0. 0. 0. 0.],False
1731182661436484028,"std_msgs.msg.Header(stamp=builtin_interfaces.msg.Time(sec=1731182661, nanosec=436106948), frame_id='RL_myo')","geometry_msgs.msg.Quaternion(x=0.8313952106965614, y=0.2969486601599568, z=-0.3455957479600566, w=-0.3180677221158345)",[0. 0. 0. 0. 0. 0. 0. 0. 0.],"geometry_msgs.msg.Vector3(x=-15.5625, y=190.625, z=-138.5625)",[0. 0. 0. 0. 0. 0. 0. 0. 0.],"geometry_msgs.msg.Vector3(x=-0.04248046875, y=0.81396484375, z=0.47509765625)",[0. 0. 0. 0. 0. 0. 0. 0. 0.],False
1731182661458932216,"std_msgs.msg.Header(stamp=builtin_interfaces.msg.Time(sec=1731182661, nanosec=458519589), frame_id='RL_myo')","geometry_msgs.msg.Quaternion(x=0.8299513489664642, y=0.3283672788233253, z=-0.3090802788032192, w=-0.3283672788233253)",[0. 0. 0. 0. 0. 0. 0. 0. 0.],"geometry_msgs.msg.Vector3(x=60.3125, y=203.75, z=-164.625)",[0. 0. 0. 0. 0. 0. 0. 0. 0.],"geometry_msgs.msg.Vector3(x=-0.58544921875, y=0.79443359375, z=0.23876953125)",[0. 0. 0. 0. 0. 0. 0. 0. 0.],False
1731182661477647965,"std_msgs.msg.Header(stamp=builtin_interfaces.msg.Time(sec=1731182661, nanosec=477155479), frame_id='RL_myo')","geometry_msgs.msg.Quaternion(x=0.8190340279701173, y=0.3792129380563633, z=-0.2714244222656764, w=-0.3342298485106463)",[0. 0. 0. 0. 0. 0. 0. 0. 0.],"geometry_msgs.msg.Vector3(x=175.375, y=237.25, z=-197.25)",[0. 0. 0. 0. 0. 0. 0. 0. 0.],"geometry_msgs.msg.Vector3(x=-0.642578125, y=1.087890625, z=0.31689453125)",[0. 0. 0. 0. 0. 0. 0. 0. 0.],False
1731182661496470150,"std_msgs.msg.Header(stamp=builtin_interfaces.msg.Time(sec=1731182661, nanosec=496074681), frame_id='RL_myo')","geometry_msgs.msg.Quaternion(x=0.7955379670955315, y=0.4404939012220693, z=-0.23858814741264636, w=-0.3408227718475869)",[0. 0. 0. 0. 0. 0. 0. 0. 0.],"geometry_msgs.msg.Vector3(x=262.375, y=215.125, z=-232.8125)",[0. 0. 0. 0. 0. 0. 0. 0. 0.],"geometry_msgs.msg.Vector3(x=-0.611328125, y=1.0556640625, z=0.35986328125)",[0. 0. 0. 0. 0. 0. 0. 0. 0.],False
1731182661526404641,"std_msgs.msg.Header(stamp=builtin_interfaces.msg.Time(sec=1731182661, nanosec=525968486), frame_id='RL_myo')","geometry_msgs.msg.Quaternion(x=0.76911287595241, y=0.4947566837925748, z=-0.20660638719934193, w=-0.34784336799085663)",[0. 0. 0. 0. 0. 0. 0. 0. 0.],"geometry_msgs.msg.Vector3(x=238.8125, y=193.0, z=-228.75)",[0. 0. 0. 0. 0. 0. 0. 0. 0.],"geometry_msgs.msg.Vector3(x=-0.6787109375, y=0.97021484375, z=0.20556640625)",[0. 0. 0. 0. 0. 0. 0. 0. 0.],False
1731182661542977086,"std_msgs.msg.Header(stamp=builtin_interfaces.msg.Time(sec=1731182661, nanosec=542517818), frame_id='RL_myo')","geometry_msgs.msg.Quaternion(x=0.7443508778809885, y=0.5393873479158914, z=-0.174627950932145, w=-0.3528571074235338)",[0. 0. 0. 0. 0. 0. 0. 0. 0.],"geometry_msgs.msg.Vector3(x=198.1875, y=184.0, z=-208.75)",[0. 0. 0. 0. 0. 0. 0. 0. 0.],"geometry_msgs.msg.Vector3(x=-0.56005859375, y=1.07861328125, z=0.447265625)",[0. 0. 0. 0. 0. 0. 0. 0. 0.],False
1731182661557840316,"std_msgs.msg.Header(stamp=builtin_interfaces.msg.Time(sec=1731182661, nanosec=557481429), frame_id='RL_myo')","geometry_msgs.msg.Quaternion(x=0.7227473092177797, y=0.5738763787911128, z=-0.14423206584592632, w=-0.35707049733333435)",[0. 0. 0. 0. 0. 0. 0. 0. 0.],"geometry_msgs.msg.Vector3(x=154.0625, y=164.0625, z=-185.25)",[0. 0. 0. 0. 0. 0. 0. 0. 0.],"geometry_msgs.msg.Vector3(x=-0.5, y=0.78173828125, z=0.5927734375)",[0. 0. 0. 0. 0. 0. 0. 0. 0.],False
1731182661578857043,"std_msgs.msg.Header(stamp=builtin_interfaces.msg.Time(sec=1731182661, nanosec=578479509), frame_id='RL_myo')","geometry_msgs.msg.Quaternion(x=0.7027253950834704, y=0.6045159656828534, z=-0.11932842416296227, w=-0.35566584531845585)",[0. 0. 0. 0. 0. 0. 0. 0. 0.],"geometry_msgs.msg.Vector3(x=149.0625, y=152.875, z=-133.0)",[0. 0. 0. 0. 0. 0. 0. 0. 0.],"geometry_msgs.msg.Vector3(x=-0.80517578125, y=0.73388671875, z=0.55078125)",[0. 0. 0. 0. 0. 0. 0. 0. 0.],False
1731182661596944722,"std_msgs.msg.Header(stamp=builtin_interfaces.msg.Time(sec=1731182661, nanosec=596508098), frame_id='RL_myo')","geometry_msgs.msg.Quaternion(x=0.6819329274352929, y=0.6315188400763425, z=-0.108762595246549, w=-0.3525934414923196)",[0. 0. 0. 0. 0. 0. 0. 0. 0.],"geometry_msgs.msg.Vector3(x=167.1875, y=94.125, z=-78.5625)",[0. 0. 0. 0. 0. 0. 0. 0. 0.],"geometry_msgs.msg.Vector3(x=-0.6064453125, y=0.62646484375, z=0.4677734375)",[0. 0. 0. 0. 0. 0. 0. 0. 0.],False
1731182661617839747,"std_msgs.msg.Header(stamp=builtin_interfaces.msg.Time(sec=1731182661, nanosec=617491309), frame_id='RL_myo')","geometry_msgs.msg.Quaternion(x=0.6644287233134495, y=0.6515503051048203, z=-0.1085815449912389, w=-0.3496093815119823)",[0. 0. 0. 0. 0. 0. 0. 0. 0.],"geometry_msgs.msg.Vector3(x=149.8125, y=42.0, z=-30.8125)",[0. 0. 0. 0. 0. 0. 0. 0. 0.],"geometry_msgs.msg.Vector3(x=-0.5625, y=0.5556640625, z=0.48193359375)",[0. 0. 0. 0. 0. 0. 0. 0. 0.],False
1731182661638729552,"std_msgs.msg.Header(stamp=builtin_interfaces.msg.Time(sec=1731182661, nanosec=638362727), frame_id='RL_myo')","geometry_msgs.msg.Quaternion(x=0.6480925476121681, y=0.6682958470338696, z=-0.11835105008664473, w=-0.34547031639526005)",[0. 0. 0. 0. 0. 0. 0. 0. 0.],"geometry_msgs.msg.Vector3(x=152.1875, y=3.0, z=13.0625)",[0. 0. 0. 0. 0. 0. 0. 0. 0.],"geometry_msgs.msg.Vector3(x=-0.421875, y=0.5888671875, z=0.37939453125)",[0. 0. 0. 0. 0. 0. 0. 0. 0.],False
1731182661669372424,"std_msgs.msg.Header(stamp=builtin_interfaces.msg.Time(sec=1731182661, nanosec=669021481), frame_id='RL_myo')","geometry_msgs.msg.Quaternion(x=0.6335670269113209, y=0.6823968555750065, z=-0.13586899825670523, w=-0.3383296753535117)",[0. 0. 0. 0. 0. 0. 0. 0. 0.],"geometry_msgs.msg.Vector3(x=152.625, y=-18.0625, z=55.0)",[0. 0. 0. 0. 0. 0. 0. 0. 0.],"geometry_msgs.msg.Vector3(x=-0.16357421875, y=0.63134765625, z=0.31787109375)",[0. 0. 0. 0. 0. 0. 0. 0. 0.],False
1731182661677991420,"std_msgs.msg.Header(stamp=builtin_interfaces.msg.Time(sec=1731182661, nanosec=677560463), frame_id='RL_myo')","geometry_msgs.msg.Quaternion(x=0.6235425325893763, y=0.6916585727586935, z=-0.1533831621375394, w=-0.3305703168073671)",[0. 0. 0. 0. 0. 0. 0. 0. 0.],"geometry_msgs.msg.Vector3(x=118.4375, y=-21.5, z=65.1875)",[0. 0. 0. 0. 0. 0. 0. 0. 0.],"geometry_msgs.msg.Vector3(x=0.06591796875, y=0.7470703125, z=0.34228515625)",[0. 0. 0. 0. 0. 0. 0. 0. 0.],False
1731182661698809498,"std_msgs.msg.Header(stamp=builtin_interfaces.msg.Time(sec=1731182661, nanosec=698454465), frame_id='RL_myo')","geometry_msgs.msg.Quaternion(x=0.6189808255321635, y=0.6953386810435269, z=-0.17188147171862464, w=-0.32221672201797563)",[0. 0. 0. 0. 0. 0. 0. 0. 0.],"geometry_msgs.msg.Vector3(x=89.1875, y=-26.0, z=77.4375)",[0. 0. 0. 0. 0. 0. 0. 0. 0.],"geometry_msgs.msg.Vector3(x=0.01318359375, y=0.79345703125, z=0.2109375)",[0. 0. 0. 0. 0. 0. 0. 0. 0.],False
1731182661717286663,"std_msgs.msg.Header(stamp=builtin_interfaces.msg.Time(sec=1731182661, nanosec=716835038), frame_id='RL_myo')","geometry_msgs.msg.Quaternion(x=0.6139124433661389, y=0.6984490047165169, z=-0.19385423743595717, w=-0.3125716466969574)",[0. 0. 0. 0. 0. 0. 0. 0. 0.],"geometry_msgs.msg.Vector3(x=82.5625, y=-38.625, z=107.4375)",[0. 0. 0. 0. 0. 0. 0. 0. 0.],"geometry_msgs.msg.Vector3(x=0.017578125, y=0.5283203125, z=0.0380859375)",[0. 0. 0. 0. 0. 0. 0. 0. 0.],False
1731182661737875173,"std_msgs.msg.Header(stamp=builtin_interfaces.msg.Time(sec=1731182661, nanosec=737467793), frame_id='RL_myo')","geometry_msgs.msg.Quaternion(x=0.6113308145973095, y=0.6980621532098072, z=-0.21942235208439775, w=-0.301392927564049)",[0. 0. 0. 0. 0. 0. 0. 0. 0.],"geometry_msgs.msg.Vector3(x=67.6875, y=-49.1875, z=132.0625)",[0. 0. 0. 0. 0. 0. 0. 0. 0.],"geometry_msgs.msg.Vector3(x=0.23095703125, y=0.45458984375, z=0.001953125)",[0. 0. 0. 0. 0. 0. 0. 0. 0.],False
1731182661758836494,"std_msgs.msg.Header(stamp=builtin_interfaces.msg.Time(sec=1731182661, nanosec=758454972), frame_id='RL_myo')","geometry_msgs.msg.Quaternion(x=0.6069475887172363, y=0.6977089588321328, z=-0.24548905891197956, w=-0.29077818912398573)",[0. 0. 0. 0. 0. 0. 0. 0. 0.],"geometry_msgs.msg.Vector3(x=77.25, y=-55.5, z=123.5625)",[0. 0. 0. 0. 0. 0. 0. 0. 0.],"geometry_msgs.msg.Vector3(x=0.587890625, y=0.6181640625, z=0.083984375)",[0. 0. 0. 0. 0. 0. 0. 0. 0.],False
1731182661776823641,"std_msgs.msg.Header(stamp=builtin_interfaces.msg.Time(sec=1731182661, nanosec=776386701), frame_id='RL_myo')","geometry_msgs.msg.Quaternion(x=0.6002994819928656, y=0.7009495934119033, z=-0.2666098767000343, w=-0.27790173274158797)",[0. 0. 0. 0. 0. 0. 0. 0. 0.],"geometry_msgs.msg.Vector3(x=92.5, y=-27.3125, z=100.25)",[0. 0. 0. 0. 0. 0. 0. 0. 0.],"geometry_msgs.msg.Vector3(x=0.716796875, y=0.74462890625, z=-0.03173828125)",[0. 0. 0. 0. 0. 0. 0. 0. 0.],False
1731182661803905669,"std_msgs.msg.Header(stamp=builtin_interfaces.msg.Time(sec=1731182661, nanosec=803518185), frame_id='RL_myo')","geometry_msgs.msg.Quaternion(x=0.5963091525749967, y=0.7038523180649807, z=-0.2836893491472451, w=-0.2617778869390134)",[0. 0. 0. 0. 0. 0. 0. 0. 0.],"geometry_msgs.msg.Vector3(x=72.125, y=-0.4375, z=80.6875)",[0. 0. 0. 0. 0. 0. 0. 0. 0.],"geometry_msgs.msg.Vector3(x=0.4462890625, y=0.767578125, z=-0.20068359375)",[0. 0. 0. 0. 0. 0. 0. 0. 0.],False
1731182661821853792,"std_msgs.msg.Header(stamp=builtin_interfaces.msg.Time(sec=1731182661, nanosec=821499430), frame_id='RL_myo')","geometry_msgs.msg.Quaternion(x=0.5901550530294745, y=0.7080761992134589, z=-0.29883122759668085, w=-0.24707287771882436)",[0. 0. 0. 0. 0. 0. 0. 0. 0.],"geometry_msgs.msg.Vector3(x=70.0625, y=0.8125, z=78.1875)",[0. 0. 0. 0. 0. 0. 0. 0. 0.],"geometry_msgs.msg.Vector3(x=0.24755859375, y=0.75146484375, z=-0.369140625)",[0. 0. 0. 0. 0. 0. 0. 0. 0.],False
1731182661836657656,"std_msgs.msg.Header(stamp=builtin_interfaces.msg.Time(sec=1731182661, nanosec=836324876), frame_id='RL_myo')","geometry_msgs.msg.Quaternion(x=0.5811428324888909, y=0.7134732243422588, z=-0.3146509086734831, w=-0.2328599838194642)",[0. 0. 0. 0. 0. 0. 0. 0. 0.],"geometry_msgs.msg.Vector3(x=86.9375, y=-6.6875, z=74.3125)",[0. 0. 0. 0. 0. 0. 0. 0. 0.],"geometry_msgs.msg.Vector3(x=0.25830078125, y=0.77880859375, z=-0.38525390625)",[0. 0. 0. 0. 0. 0. 0. 0. 0.],False
1731182661859431078,"std_msgs.msg.Header(stamp=builtin_interfaces.msg.Time(sec=1731182661, nanosec=859098994), frame_id='RL_myo')","geometry_msgs.msg.Quaternion(x=0.573729314604706, y=0.7180161337244427, z=-0.32604914878918506, w=-0.2213130313570919)",[0. 0. 0. 0. 0. 0. 0. 0. 0.],"geometry_msgs.msg.Vector3(x=74.0, y=-1.375, z=51.25)",[0. 0. 0. 0. 0. 0. 0. 0. 0.],"geometry_msgs.msg.Vector3(x=0.28076171875, y=0.9453125, z=-0.34423828125)",[0. 0. 0. 0. 0. 0. 0. 0. 0.],False
1731182661878783163,"std_msgs.msg.Header(stamp=builtin_interfaces.msg.Time(sec=1731182661, nanosec=878445091), frame_id='RL_myo')","geometry_msgs.msg.Quaternion(x=0.5702549891768042, y=0.7200361883034099, z=-0.332277444191215, w=-0.21435679353408288)",[0. 0. 0. 0. 0. 0. 0. 0. 0.],"geometry_msgs.msg.Vector3(x=32.0625, y=2.8125, z=32.1875)",[0. 0. 0. 0. 0. 0. 0. 0. 0.],"geometry_msgs.msg.Vector3(x=0.197265625, y=1.02490234375, z=-0.41748046875)",[0. 0. 0. 0. 0. 0. 0. 0. 0.],False
1731182661896642783,"std_msgs.msg.Header(stamp=builtin_interfaces.msg.Time(sec=1731182661, nanosec=896321762), frame_id='RL_myo')","geometry_msgs.msg.Quaternion(x=0.5692154660413569, y=0.7198506547814458, z=-0.33911228064827137, w=-0.20690976087070556)",[0. 0. 0. 0. 0. 0. 0. 0. 0.],"geometry_msgs.msg.Vector3(x=10.75, y=5.6875, z=45.5)",[0. 0. 0. 0. 0. 0. 0. 0. 0.],"geometry_msgs.msg.Vector3(x=0.17431640625, y=0.93798828125, z=-0.48828125)",[0. 0. 0. 0. 0. 0. 0. 0. 0.],False
1731182661919491559,"std_msgs.msg.Header(stamp=builtin_interfaces.msg.Time(sec=1731182661, nanosec=919093934), frame_id='RL_myo')","geometry_msgs.msg.Quaternion(x=0.5687305712286358, y=0.7190614788199783, z=-0.34710997623709505, w=-0.19751149694096)",[0. 0. 0. 0. 0. 0. 0. 0. 0.],"geometry_msgs.msg.Vector3(x=18.5625, y=10.4375, z=60.5625)",[0. 0. 0. 0. 0. 0. 0. 0. 0.],"geometry_msgs.msg.Vector3(x=0.16357421875, y=0.90234375, z=-0.38818359375)",[0. 0. 0. 0. 0. 0. 0. 0. 0.],False
1731182661946357942,"std_msgs.msg.Header(stamp=builtin_interfaces.msg.Time(sec=1731182661, nanosec=945977871), frame_id='RL_myo')","geometry_msgs.msg.Quaternion(x=0.5682594630411553, y=0.718839065116615, z=-0.35298007247765856, w=-0.1890942874867346)",[0. 0. 0. 0. 0. 0. 0. 0. 0.],"geometry_msgs.msg.Vector3(x=24.5625, y=14.625, z=51.5)",[0. 0. 0. 0. 0. 0. 0. 0. 0.],"geometry_msgs.msg.Vector3(x=0.12255859375, y=0.900390625, z=-0.2685546875)",[0. 0. 0. 0. 0. 0. 0. 0. 0.],False
1731182661956013191,"std_msgs.msg.Header(stamp=builtin_interfaces.msg.Time(sec=1731182661, nanosec=955685720), frame_id='RL_myo')","geometry_msgs.msg.Quaternion(x=0.5660616171952306, y=0.7196929618663969, z=-0.3579848377021811, w=-0.1829293365035698)",[0. 0. 0. 0. 0. 0. 0. 0. 0.],"geometry_msgs.msg.Vector3(x=21.0, y=8.875, z=43.6875)",[0. 0. 0. 0. 0. 0. 0. 0. 0.],"geometry_msgs.msg.Vector3(x=0.0263671875, y=0.89794921875, z=-0.40673828125)",[0. 0. 0. 0. 0. 0. 0. 0. 0.],False
1731182661979127250,"std_msgs.msg.Header(stamp=builtin_interfaces.msg.Time(sec=1731182661, nanosec=978819858), frame_id='RL_myo')","geometry_msgs.msg.Quaternion(x=0.5606756040619308, y=0.7215661867211133, z=-0.3649945691585398, w=-0.17822477290015656)",[0. 0. 0. 0. 0. 0. 0. 0. 0.],"geometry_msgs.msg.Vector3(x=31.3125, y=-7.8125, z=42.8125)",[0. 0. 0. 0. 0. 0. 0. 0. 0.],"geometry_msgs.msg.Vector3(x=0.03271484375, y=0.95849609375, z=-0.52490234375)",[0. 0. 0. 0. 0. 0. 0. 0. 0.],False
1731182661998812916,"std_msgs.msg.Header(stamp=builtin_interfaces.msg.Time(sec=1731182661, nanosec=998446726), frame_id='RL_myo')","geometry_msgs.msg.Quaternion(x=0.5554798437362296, y=0.7224716965504615, z=-0.3728630222376252, w=-0.17449916198680152)",[0. 0. 0. 0. 0. 0. 0. 0. 0.],"geometry_msgs.msg.Vector3(x=36.5, y=-18.375, z=39.625)",[0. 0. 0. 0. 0. 0. 0. 0. 0.],"geometry_msgs.msg.Vector3(x=0.1435546875, y=1.0146484375, z=-0.40478515625)",[0. 0. 0. 0. 0. 0. 0. 0. 0.],False
1731182662022893870,"std_msgs.msg.Header(stamp=builtin_interfaces.msg.Time(sec=1731182662, nanosec=22555033), frame_id='RL_myo')","geometry_msgs.msg.Quaternion(x=0.5549481579076163, y=0.7206635394209444, z=-0.3779409364016675, w=-0.1727346334006329)",[0. 0. 0. 0. 0. 0. 0. 0. 0.],"geometry_msgs.msg.Vector3(x=8.9375, y=-12.625, z=29.3125)",[0. 0. 0. 0. 0. 0. 0. 0. 0.],"geometry_msgs.msg.Vector3(x=0.193359375, y=1.017578125, z=-0.2978515625)",[0. 0. 0. 0. 0. 0. 0. 0. 0.],False
1731182662039609514,"std_msgs.msg.Header(stamp=builtin_interfaces.msg.Time(sec=1731182662, nanosec=39137107), frame_id='RL_myo')","geometry_msgs.msg.Quaternion(x=0.5573180866301399, y=0.7166215808919585, z=-0.3821452787636958, w=-0.17267033918263783)",[0. 0. 0. 0. 0. 0. 0. 0. 0.],"geometry_msgs.msg.Vector3(x=-20.125, y=-10.5625, z=32.125)",[0. 0. 0. 0. 0. 0. 0. 0. 0.],"geometry_msgs.msg.Vector3(x=0.12548828125, y=0.935546875, z=-0.3486328125)",[0. 0. 0. 0. 0. 0. 0. 0. 0.],False
1731182662058842177,"std_msgs.msg.Header(stamp=builtin_interfaces.msg.Time(sec=1731182662, nanosec=58487949), frame_id='RL_myo')","geometry_msgs.msg.Quaternion(x=0.5599383444598675, y=0.7111839535258748, z=-0.3883679622627138, w=-0.17279108929211737)",[0. 0. 0. 0. 0. 0. 0. 0. 0.],"geometry_msgs.msg.Vector3(x=-30.9375, y=-16.5625, z=45.375)",[0. 0. 0. 0. 0. 0. 0. 0. 0.],"geometry_msgs.msg.Vector3(x=0.095703125, y=0.90185546875, z=-0.43212890625)",[0. 0. 0. 0. 0. 0. 0. 0. 0.],False
1731182662077268947,"std_msgs.msg.Header(stamp=builtin_interfaces.msg.Time(sec=1731182662, nanosec=76979916), frame_id='RL_myo')","geometry_msgs.msg.Quaternion(x=0.5608102176150469, y=0.7072996083721337, z=-0.3948499453364975, w=-0.17120947544734508)",[0. 0. 0. 0. 0. 0. 0. 0. 0.],"geometry_msgs.msg.Vector3(x=-7.8125, y=-15.5, z=42.125)",[0. 0. 0. 0. 0. 0. 0. 0. 0.],"geometry_msgs.msg.Vector3(x=0.18310546875, y=0.90380859375, z=-0.3310546875)",[0. 0. 0. 0. 0. 0. 0. 0. 0.],False
1731182662098426268,"std_msgs.msg.Header(stamp=builtin_interfaces.msg.Time(sec=1731182662, nanosec=98141069), frame_id='RL_myo')","geometry_msgs.msg.Quaternion(x=0.5596977945515844, y=0.7067939433922953, z=-0.39831928105165104, w=-0.16888591030798628)",[0. 0. 0. 0. 0. 0. 0. 0. 0.],"geometry_msgs.msg.Vector3(x=10.0625, y=-3.8125, z=23.5625)",[0. 0. 0. 0. 0. 0. 0. 0. 0.],"geometry_msgs.msg.Vector3(x=0.17822265625, y=0.93994140625, z=-0.34423828125)",[0. 0. 0. 0. 0. 0. 0. 0. 0.],False
1731182662118837395,"std_msgs.msg.Header(stamp=builtin_interfaces.msg.Time(sec=1731182662, nanosec=118508804), frame_id='RL_myo')","geometry_msgs.msg.Quaternion(x=0.555271597025535, y=0.7102495661195036, z=-0.397974146708419, w=-0.16981044112619964)",[0. 0. 0. 0. 0. 0. 0. 0. 0.],"geometry_msgs.msg.Vector3(x=26.875, y=-5.25, z=-4.4375)",[0. 0. 0. 0. 0. 0. 0. 0. 0.],"geometry_msgs.msg.Vector3(x=0.0703125, y=1.181640625, z=-0.4111328125)",[0. 0. 0. 0. 0. 0. 0. 0. 0.],False
1731182662136884587,"std_msgs.msg.Header(stamp=builtin_interfaces.msg.Time(sec=1731182662, nanosec=136533851), frame_id='RL_myo')","geometry_msgs.msg.Quaternion(x=0.5484787792468354, y=0.7160864720814458, z=-0.3962524187481032, w=-0.1713919888855012)",[0. 0. 0. 0. 0. 0. 0. 0. 0.],"geometry_msgs.msg.Vector3(x=41.3125, y=-4.8125, z=-15.25)",[0. 0. 0. 0. 0. 0. 0. 0. 0.],"geometry_msgs.msg.Vector3(x=-0.03466796875, y=1.08740234375, z=-0.39794921875)",[0. 0. 0. 0. 0. 0. 0. 0. 0.],False
1731182662158956450,"std_msgs.msg.Header(stamp=builtin_interfaces.msg.Time(sec=1731182662, nanosec=158664225), frame_id='RL_myo')","geometry_msgs.msg.Quaternion(x=0.5458577334406077, y=0.7165183867672251, z=-0.3990016776810078, w=-0.17157621477150267)",[0. 0. 0. 0. 0. 0. 0. 0. 0.],"geometry_msgs.msg.Vector3(x=4.0, y=-7.125, z=22.4375)",[0. 0. 0. 0. 0. 0. 0. 0. 0.],"geometry_msgs.msg.Vector3(x=-0.02783203125, y=0.99658203125, z=-0.5341796875)",[0. 0. 0. 0. 0. 0. 0. 0. 0.],False
1731182662178902047,"std_msgs.msg.Header(stamp=builtin_interfaces.msg.Time(sec=1731182662, nanosec=178506872), frame_id='RL_myo')","geometry_msgs.msg.Quaternion(x=0.5457246828160557, y=0.7137573471480768, z=-0.40381551297517326, w=-0.17224416227568606)",[0. 0. 0. 0. 0. 0. 0. 0. 0.],"geometry_msgs.msg.Vector3(x=-9.75, y=-18.8125, z=26.9375)",[0. 0. 0. 0. 0. 0. 0. 0. 0.],"geometry_msgs.msg.Vector3(x=0.15576171875, y=0.96044921875, z=-0.4287109375)",[0. 0. 0. 0. 0. 0. 0. 0. 0.],False
1731182662196506242,"std_msgs.msg.Header(stamp=builtin_interfaces.msg.Time(sec=1731182662, nanosec=196042562), frame_id='RL_myo')","geometry_msgs.msg.Quaternion(x=0.5460395946318798, y=0.7109013144061596, z=-0.40840050611244216, w=-0.17224723184117646)",[0. 0. 0. 0. 0. 0. 0. 0. 0.],"geometry_msgs.msg.Vector3(x=-6.5, y=-16.9375, z=23.875)",[0. 0. 0. 0. 0. 0. 0. 0. 0.],"geometry_msgs.msg.Vector3(x=0.228515625, y=0.923828125, z=-0.36328125)",[0. 0. 0. 0. 0. 0. 0. 0. 0.],False
1731182662219086681,"std_msgs.msg.Header(stamp=builtin_interfaces.msg.Time(sec=1731182662, nanosec=218700775), frame_id='RL_myo')","geometry_msgs.msg.Quaternion(x=0.5428555485325136, y=0.7104608258284751, z=-0.4147406625003856, w=-0.16894807267123876)",[0. 0. 0. 0. 0. 0. 0. 0. 0.],"geometry_msgs.msg.Vector3(x=18.875, y=-13.4375, z=32.375)",[0. 0. 0. 0. 0. 0. 0. 0. 0.],"geometry_msgs.msg.Vector3(x=0.20849609375, y=0.79345703125, z=-0.40966796875)",[0. 0. 0. 0. 0. 0. 0. 0. 0.],False
1731182662239445167,"std_msgs.msg.Header(stamp=builtin_interfaces.msg.Time(sec=1731182662, nanosec=239106795), frame_id='RL_myo')","geometry_msgs.msg.Quaternion(x=0.5371724232899786, y=0.713198473598841, z=-0.41949620103079455, w=-0.16375793792603258)",[0. 0. 0. 0. 0. 0. 0. 0. 0.],"geometry_msgs.msg.Vector3(x=44.0625, y=-3.9375, z=22.0625)",[0. 0. 0. 0. 0. 0. 0. 0. 0.],"geometry_msgs.msg.Vector3(x=0.2275390625, y=0.84716796875, z=-0.416015625)",[0. 0. 0. 0. 0. 0. 0. 0. 0.],False
1731182662256034826,"std_msgs.msg.Header(stamp=builtin_interfaces.msg.Time(sec=1731182662, nanosec=255587551), frame_id='RL_myo')","geometry_msgs.msg.Quaternion(x=0.5284417912488081, y=0.7191764410123246, z=-0.4223628084363308, w=-0.15856915842739702)",[0. 0. 0. 0. 0. 0. 0. 0. 0.],"geometry_msgs.msg.Vector3(x=65.9375, y=0.6875, z=12.125)",[0. 0. 0. 0. 0. 0. 0. 0. 0.],"geometry_msgs.msg.Vector3(x=0.1201171875, y=0.9580078125, z=-0.4716796875)",[0. 0. 0. 0. 0. 0. 0. 0. 0.],False
1731182662278439124,"std_msgs.msg.Header(stamp=builtin_interfaces.msg.Time(sec=1731182662, nanosec=278093897), frame_id='RL_myo')","geometry_msgs.msg.Quaternion(x=0.5152674049030362, y=0.7266356853080606, z=-0.427314274073224, w=-0.1546046359416478)",[0. 0. 0. 0. 0. 0. 0. 0. 0.],"geometry_msgs.msg.Vector3(x=82.8125, y=-15.875, z=14.9375)",[0. 0. 0. 0. 0. 0. 0. 0. 0.],"geometry_msgs.msg.Vector3(x=0.017578125, y=0.8955078125, z=-0.5576171875)",[0. 0. 0. 0. 0. 0. 0. 0. 0.],False
1731182662301169049,"std_msgs.msg.Header(stamp=builtin_interfaces.msg.Time(sec=1731182662, nanosec=300774809), frame_id='RL_myo')","geometry_msgs.msg.Quaternion(x=0.5049394497897755, y=0.7304013532738116, z=-0.4342613544366315, w=-0.15154897302405568)",[0. 0. 0. 0. 0. 0. 0. 0. 0.],"geometry_msgs.msg.Vector3(x=66.125, y=-25.0625, z=28.125)",[0. 0. 0. 0. 0. 0. 0. 0. 0.],"geometry_msgs.msg.Vector3(x=0.08154296875, y=0.88525390625, z=-0.47900390625)",[0. 0. 0. 0. 0. 0. 0. 0. 0.],False
1731182662316055451,"std_msgs.msg.Header(stamp=builtin_interfaces.msg.Time(sec=1731182662, nanosec=315671863), frame_id='RL_myo')","geometry_msgs.msg.Quaternion(x=0.49751358041687815, y=0.7320792397889875, z=-0.44026076009654547, w=-0.15070065391354093)",[0. 0. 0. 0. 0. 0. 0. 0. 0.],"geometry_msgs.msg.Vector3(x=44.25, y=-28.5625, z=21.8125)",[0. 0. 0. 0. 0. 0. 0. 0. 0.],"geometry_msgs.msg.Vector3(x=0.1572265625, y=0.939453125, z=-0.48388671875)",[0. 0. 0. 0. 0. 0. 0. 0. 0.],False
1731182662340184707,"std_msgs.msg.Header(stamp=builtin_interfaces.msg.Time(sec=1731182662, nanosec=339797288), frame_id='RL_myo')","geometry_msgs.msg.Quaternion(x=0.4953169784665792, y=0.7307375066176076, z=-0.44490024104040615, w=-0.1508229517918567)",[0. 0. 0. 0. 0. 0. 0. 0. 0.],"geometry_msgs.msg.Vector3(x=8.4375, y=-20.6875, z=20.0)",[0. 0. 0. 0. 0. 0. 0. 0. 0.],"geometry_msgs.msg.Vector3(x=0.25048828125, y=0.94970703125, z=-0.5234375)",[0. 0. 0. 0. 0. 0. 0. 0. 0.],False
1731182662359940986,"std_msgs.msg.Header(stamp=builtin_interfaces.msg.Time(sec=1731182662, nanosec=359554646), frame_id='RL_myo')","geometry_msgs.msg.Quaternion(x=0.495551245647165, y=0.7283425316304496, z=-0.44867560127507206, w=-0.15045372835574108)",[0. 0. 0. 0. 0. 0. 0. 0. 0.],"geometry_msgs.msg.Vector3(x=-2.375, y=-11.375, z=22.375)",[0. 0. 0. 0. 0. 0. 0. 0. 0.],"geometry_msgs.msg.Vector3(x=0.25341796875, y=0.9130859375, z=-0.4716796875)",[0. 0. 0. 0. 0. 0. 0. 0. 0.],False
1731182662375773173,"std_msgs.msg.Header(stamp=builtin_interfaces.msg.Time(sec=1731182662, nanosec=375407280), frame_id='RL_myo')","geometry_msgs.msg.Quaternion(x=0.4965975471909918, y=0.7264020905998025, z=-0.4502704161292953, w=-0.15161606529282493)",[0. 0. 0. 0. 0. 0. 0. 0. 0.],"geometry_msgs.msg.Vector3(x=-15.875, y=-5.5625, z=13.0)",[0. 0. 0. 0. 0. 0. 0. 0. 0.],"geometry_msgs.msg.Vector3(x=0.1708984375, y=0.87451171875, z=-0.54296875)",[0. 0. 0. 0. 0. 0. 0. 0. 0.],False
1731182662398375179,"std_msgs.msg.Header(stamp=builtin_interfaces.msg.Time(sec=1731182662, nanosec=397998988), frame_id='RL_myo')","geometry_msgs.msg.Quaternion(x=0.49422569950962203, y=0.7262926514097805, z=-0.4527808125185101, w=-0.1524121985519978)",[0. 0. 0. 0. 0. 0. 0. 0. 0.],"geometry_msgs.msg.Vector3(x=1.5, y=-10.9375, z=12.6875)",[0. 0. 0. 0. 0. 0. 0. 0. 0.],"geometry_msgs.msg.Vector3(x=0.11181640625, y=0.81884765625, z=-0.5810546875)",[0. 0. 0. 0. 0. 0. 0. 0. 0.],False
1731182662419526957,"std_msgs.msg.Header(stamp=builtin_interfaces.msg.Time(sec=1731182662, nanosec=419181085), frame_id='RL_myo')","geometry_msgs.msg.Quaternion(x=0.4925656410094245, y=0.7252372920042109, z=-0.4562488434380977, w=-0.15246951316499907)",[0. 0. 0. 0. 0. 0. 0. 0. 0.],"geometry_msgs.msg.Vector3(x=5.6875, y=-14.3125, z=17.1875)",[0. 0. 0. 0. 0. 0. 0. 0. 0.],"geometry_msgs.msg.Vector3(x=0.21484375, y=0.90576171875, z=-0.51318359375)",[0. 0. 0. 0. 0. 0. 0. 0. 0.],False
1731182662436157230,"std_msgs.msg.Header(stamp=builtin_interfaces.msg.Time(sec=1731182662, nanosec=435752417), frame_id='RL_myo')","geometry_msgs.msg.Quaternion(x=0.49226716363602896, y=0.7240874596669822, z=-0.45845240744825955, w=-0.15228847777704801)",[0. 0. 0. 0. 0. 0. 0. 0. 0.],"geometry_msgs.msg.Vector3(x=0.625, y=-6.9375, z=12.8125)",[0. 0. 0. 0. 0. 0. 0. 0. 0.],"geometry_msgs.msg.Vector3(x=0.2529296875, y=0.96044921875, z=-0.52685546875)",[0. 0. 0. 0. 0. 0. 0. 0. 0.],False
1731182662458584976,"std_msgs.msg.Header(stamp=builtin_interfaces.msg.Time(sec=1731182662, nanosec=458198488), frame_id='RL_myo')","geometry_msgs.msg.Quaternion(x=0.491410223397486, y=0.723961825825063, z=-0.45954882274992825, w=-0.15234876631475905)",[0. 0. 0. 0. 0. 0. 0. 0. 0.],"geometry_msgs.msg.Vector3(x=5.0625, y=-1.4375, z=12.0)",[0. 0. 0. 0. 0. 0. 0. 0. 0.],"geometry_msgs.msg.Vector3(x=0.126953125, y=0.9736328125, z=-0.5205078125)",[0. 0. 0. 0. 0. 0. 0. 0. 0.],False
1731182662480144206,"std_msgs.msg.Header(stamp=builtin_interfaces.msg.Time(sec=1731182662, nanosec=479756462), frame_id='RL_myo')","geometry_msgs.msg.Quaternion(x=0.4909235072019851, y=0.7230485970800342, z=-0.4613814237150075, w=-0.15271548116615277)",[0. 0. 0. 0. 0. 0. 0. 0. 0.],"geometry_msgs.msg.Vector3(x=-0.9375, y=-3.875, z=16.75)",[0. 0. 0. 0. 0. 0. 0. 0. 0.],"geometry_msgs.msg.Vector3(x=0.1103515625, y=0.9072265625, z=-0.51513671875)",[0. 0. 0. 0. 0. 0. 0. 0. 0.],False
1731182662503641277,"std_msgs.msg.Header(stamp=builtin_interfaces.msg.Time(sec=1731182662, nanosec=503233913), frame_id='RL_myo')","geometry_msgs.msg.Quaternion(x=0.4906609429602174, y=0.7221059355843179, z=-0.4632561956795684, w=-0.15234353944877504)",[0. 0. 0. 0. 0. 0. 0. 0. 0.],"geometry_msgs.msg.Vector3(x=-1.0625, y=-2.5625, z=15.25)",[0. 0. 0. 0. 0. 0. 0. 0. 0.],"geometry_msgs.msg.Vector3(x=0.171875, y=0.88037109375, z=-0.52294921875)",[0. 0. 0. 0. 0. 0. 0. 0. 0.],False
1731182662518633207,"std_msgs.msg.Header(stamp=builtin_interfaces.msg.Time(sec=1731182662, nanosec=518261230), frame_id='RL_myo')","geometry_msgs.msg.Quaternion(x=0.4899454920409428, y=0.7218867988499104, z=-0.4644319482919564, w=-0.15210466751788085)",[0. 0. 0. 0. 0. 0. 0. 0. 0.],"geometry_msgs.msg.Vector3(x=1.5625, y=-1.5, z=9.4375)",[0. 0. 0. 0. 0. 0. 0. 0. 0.],"geometry_msgs.msg.Vector3(x=0.17431640625, y=0.859375, z=-0.5224609375)",[0. 0. 0. 0. 0. 0. 0. 0. 0.],False
1731182662539709378,"std_msgs.msg.Header(stamp=builtin_interfaces.msg.Time(sec=1731182662, nanosec=539126537), frame_id='RL_myo')","geometry_msgs.msg.Quaternion(x=0.48903125513349793, y=0.7221939354392845, z=-0.46467735213820766, w=-0.15283752656693445)",[0. 0. 0. 0. 0. 0. 0. 0. 0.],"geometry_msgs.msg.Vector3(x=-1.1875, y=-2.4375, z=1.625)",[0. 0. 0. 0. 0. 0. 0. 0. 0.],"geometry_msgs.msg.Vector3(x=0.16650390625, y=0.8779296875, z=-0.55859375)",[0. 0. 0. 0. 0. 0. 0. 0. 0.],False
1731182662555973304,"std_msgs.msg.Header(stamp=builtin_interfaces.msg.Time(sec=1731182662, nanosec=555560422), frame_id='RL_myo')","geometry_msgs.msg.Quaternion(x=0.4884136396170421, y=0.722671518753534, z=-0.4640600977266147, w=-0.15442220797689535)",[0. 0. 0. 0. 0. 0. 0. 0. 0.],"geometry_msgs.msg.Vector3(x=-7.75, y=-1.6875, z=-4.125)",[0. 0. 0. 0. 0. 0. 0. 0. 0.],"geometry_msgs.msg.Vector3(x=0.1748046875, y=0.927734375, z=-0.6328125)",[0. 0. 0. 0. 0. 0. 0. 0. 0.],False
1731182662578551842,"std_msgs.msg.Header(stamp=builtin_interfaces.msg.Time(sec=1731182662, nanosec=578131185), frame_id='RL_myo')","geometry_msgs.msg.Quaternion(x=0.4889480038234746, y=0.722710437307922, z=-0.462947273623899, w=-0.1558823120415871)",[0. 0. 0. 0. 0. 0. 0. 0. 0.],"geometry_msgs.msg.Vector3(x=-19.5625, y=1.4375, z=-9.3125)",[0. 0. 0. 0. 0. 0. 0. 0. 0.],"geometry_msgs.msg.Vector3(x=0.26025390625, y=0.92333984375, z=-0.72216796875)",[0. 0. 0. 0. 0. 0. 0. 0. 0.],False
1731182662599644468,"std_msgs.msg.Header(stamp=builtin_interfaces.msg.Time(sec=1731182662, nanosec=599239528), frame_id='RL_myo')","geometry_msgs.msg.Quaternion(x=0.4903647634941681, y=0.7231567983419098, z=-0.4597856314913577, w=-0.15869409821817737)",[0. 0. 0. 0. 0. 0. 0. 0. 0.],"geometry_msgs.msg.Vector3(x=-21.25, y=3.25, z=-20.625)",[0. 0. 0. 0. 0. 0. 0. 0. 0.],"geometry_msgs.msg.Vector3(x=0.2724609375, y=1.05908203125, z=-0.68603515625)",[0. 0. 0. 0. 0. 0. 0. 0. 0.],False
1731182662616095170,"std_msgs.msg.Header(stamp=builtin_interfaces.msg.Time(sec=1731182662, nanosec=615729459), frame_id='RL_myo')","geometry_msgs.msg.Quaternion(x=0.49237960991861934, y=0.72395122762424, z=-0.4545981572671225, w=-0.16369928273233383)",[0. 0. 0. 0. 0. 0. 0. 0. 0.],"geometry_msgs.msg.Vector3(x=-26.8125, y=2.1875, z=-32.6875)",[0. 0. 0. 0. 0. 0. 0. 0. 0.],"geometry_msgs.msg.Vector3(x=0.232421875, y=1.1611328125, z=-0.6689453125)",[0. 0. 0. 0. 0. 0. 0. 0. 0.],False
1731182662639151808,"std_msgs.msg.Header(stamp=builtin_interfaces.msg.Time(sec=1731182662, nanosec=638826767), frame_id='RL_myo')","geometry_msgs.msg.Quaternion(x=0.4939099732915256, y=0.7249343490834713, z=-0.4486816873042517, w=-0.17090310494516456)",[0. 0. 0. 0. 0. 0. 0. 0. 0.],"geometry_msgs.msg.Vector3(x=-31.625, y=-2.5, z=-36.8125)",[0. 0. 0. 0. 0. 0. 0. 0. 0.],"geometry_msgs.msg.Vector3(x=0.1171875, y=1.193359375, z=-0.6845703125)",[0. 0. 0. 0. 0. 0. 0. 0. 0.],False
1731182662659407505,"std_msgs.msg.Header(stamp=builtin_interfaces.msg.Time(sec=1731182662, nanosec=659053962), frame_id='RL_myo')","geometry_msgs.msg.Quaternion(x=0.49402290444178504, y=0.7266299329601495, z=-0.4423867076098416, w=-0.1795670107323612)",[0. 0. 0. 0. 0. 0. 0. 0. 0.],"geometry_msgs.msg.Vector3(x=-26.6875, y=-12.0, z=-47.5)",[0. 0. 0. 0. 0. 0. 0. 0. 0.],"geometry_msgs.msg.Vector3(x=0.1123046875, y=1.1494140625, z=-0.6240234375)",[0. 0. 0. 0. 0. 0. 0. 0. 0.],False
1731182662682060964,"std_msgs.msg.Header(stamp=builtin_interfaces.msg.Time(sec=1731182662, nanosec=681654085), frame_id='RL_myo')","geometry_msgs.msg.Quaternion(x=0.492324376830688, y=0.7292089424741173, z=-0.43604827027999443, w=-0.18903156397776355)",[0. 0. 0. 0. 0. 0. 0. 0. 0.],"geometry_msgs.msg.Vector3(x=-18.9375, y=-20.3125, z=-56.875)",[0. 0. 0. 0. 0. 0. 0. 0. 0.],"geometry_msgs.msg.Vector3(x=0.1181640625, y=1.13134765625, z=-0.615234375)",[0. 0. 0. 0. 0. 0. 0. 0. 0.],False
1731182662698821243,"std_msgs.msg.Header(stamp=builtin_interfaces.msg.Time(sec=1731182662, nanosec=698346069), frame_id='RL_myo')","geometry_msgs.msg.Quaternion(x=0.4881676279095513, y=0.7328007677772034, z=-0.4308546243327735, w=-0.1976352562104435)",[0. 0. 0. 0. 0. 0. 0. 0. 0.],"geometry_msgs.msg.Vector3(x=-3.3125, y=-26.0, z=-56.875)",[0. 0. 0. 0. 0. 0. 0. 0. 0.],"geometry_msgs.msg.Vector3(x=0.11572265625, y=1.0458984375, z=-0.583984375)",[0. 0. 0. 0. 0. 0. 0. 0. 0.],False
1731182662719489279,"std_msgs.msg.Header(stamp=builtin_interfaces.msg.Time(sec=1731182662, nanosec=719148421), frame_id='RL_myo')","geometry_msgs.msg.Quaternion(x=0.482488778738093, y=0.7370695119596725, z=-0.4259085007001155, w=-0.2062403014998123)",[0. 0. 0. 0. 0. 0. 0. 0. 0.],"geometry_msgs.msg.Vector3(x=5.8125, y=-30.4375, z=-60.5625)",[0. 0. 0. 0. 0. 0. 0. 0. 0.],"geometry_msgs.msg.Vector3(x=0.10400390625, y=1.0244140625, z=-0.5673828125)",[0. 0. 0. 0. 0. 0. 0. 0. 0.],False
1731182662735343480,"std_msgs.msg.Header(stamp=builtin_interfaces.msg.Time(sec=1731182662, nanosec=734943351), frame_id='RL_myo')","geometry_msgs.msg.Quaternion(x=0.4751599411046489, y=0.7422504873183859, z=-0.4209605798071629, w=-0.21466120910276815)",[0. 0. 0. 0. 0. 0. 0. 0. 0.],"geometry_msgs.msg.Vector3(x=16.375, y=-34.0, z=-66.4375)",[0. 0. 0. 0. 0. 0. 0. 0. 0.],"geometry_msgs.msg.Vector3(x=0.10693359375, y=0.98291015625, z=-0.54833984375)",[0. 0. 0. 0. 0. 0. 0. 0. 0.],False
1731182662759138874,"std_msgs.msg.Header(stamp=builtin_interfaces.msg.Time(sec=1731182662, nanosec=758801382), frame_id='RL_myo')","geometry_msgs.msg.Quaternion(x=0.4666829880181113, y=0.7476327387174792, z=-0.41693846339938767, w=-0.22229393700784217)",[0. 0. 0. 0. 0. 0. 0. 0. 0.],"geometry_msgs.msg.Vector3(x=25.125, y=-36.375, z=-63.75)",[0. 0. 0. 0. 0. 0. 0. 0. 0.],"geometry_msgs.msg.Vector3(x=0.0927734375, y=0.916015625, z=-0.5166015625)",[0. 0. 0. 0. 0. 0. 0. 0. 0.],False
1731182662779574778,"std_msgs.msg.Header(stamp=builtin_interfaces.msg.Time(sec=1731182662, nanosec=779140725), frame_id='RL_myo')","geometry_msgs.msg.Quaternion(x=0.4580241375566738, y=0.752590300649492, z=-0.41377207202781074, w=-0.2293782927689206)",[0. 0. 0. 0. 0. 0. 0. 0. 0.],"geometry_msgs.msg.Vector3(x=28.3125, y=-37.625, z=-58.125)",[0. 0. 0. 0. 0. 0. 0. 0. 0.],"geometry_msgs.msg.Vector3(x=0.078125, y=0.8720703125, z=-0.48974609375)",[0. 0. 0. 0. 0. 0. 0. 0. 0.],False
1731182662795514687,"std_msgs.msg.Header(stamp=builtin_interfaces.msg.Time(sec=1731182662, nanosec=795089541), frame_id='RL_myo')","geometry_msgs.msg.Quaternion(x=0.4487918023368841, y=0.7573247223440851, z=-0.4119265434477942, w=-0.23529068380371115)",[0. 0. 0. 0. 0. 0. 0. 0. 0.],"geometry_msgs.msg.Vector3(x=35.9375, y=-38.375, z=-50.4375)",[0. 0. 0. 0. 0. 0. 0. 0. 0.],"geometry_msgs.msg.Vector3(x=0.07080078125, y=0.80126953125, z=-0.44189453125)",[0. 0. 0. 0. 0. 0. 0. 0. 0.],False
1731182662818559148,"std_msgs.msg.Header(stamp=builtin_interfaces.msg.Time(sec=1731182662, nanosec=818119960), frame_id='RL_myo')","geometry_msgs.msg.Quaternion(x=0.4403193784211124, y=0.7608845815632918, z=-0.41151001515319374, w=-0.24048493914321914)",[0. 0. 0. 0. 0. 0. 0. 0. 0.],"geometry_msgs.msg.Vector3(x=33.1875, y=-37.875, z=-37.4375)",[0. 0. 0. 0. 0. 0. 0. 0. 0.],"geometry_msgs.msg.Vector3(x=0.03125, y=0.7255859375, z=-0.41357421875)",[0. 0. 0. 0. 0. 0. 0. 0. 0.],False
1731182662840973929,"std_msgs.msg.Header(stamp=builtin_interfaces.msg.Time(sec=1731182662, nanosec=840600985), frame_id='RL_myo')","geometry_msgs.msg.Quaternion(x=0.43274949971625765, y=0.7636289126868969, z=-0.4121191286437478, w=-0.24445158622900026)",[0. 0. 0. 0. 0. 0. 0. 0. 0.],"geometry_msgs.msg.Vector3(x=30.25, y=-35.1875, z=-28.3125)",[0. 0. 0. 0. 0. 0. 0. 0. 0.],"geometry_msgs.msg.Vector3(x=0.05712890625, y=0.6416015625, z=-0.39501953125)",[0. 0. 0. 0. 0. 0. 0. 0. 0.],False
1731182662855431582,"std_msgs.msg.Header(stamp=builtin_interfaces.msg.Time(sec=1731182662, nanosec=854942119), frame_id='RL_myo')","geometry_msgs.msg.Quaternion(x=0.4246271486309563, y=0.7664895403920582, z=-0.41394585626205915, w=-0.2466462997869332)",[0. 0. 0. 0. 0. 0. 0. 0. 0.],"geometry_msgs.msg.Vector3(x=40.875, y=-30.625, z=-17.25)",[0. 0. 0. 0. 0. 0. 0. 0. 0.],"geometry_msgs.msg.Vector3(x=0.00830078125, y=0.630859375, z=-0.369140625)",[0. 0. 0. 0. 0. 0. 0. 0. 0.],False
1731182662878414699,"std_msgs.msg.Header(stamp=builtin_interfaces.msg.Time(sec=1731182662, nanosec=878026816), frame_id='RL_myo')","geometry_msgs.msg.Quaternion(x=0.4155365907976183, y=0.769548374967152, z=-0.41657421154432206, w=-0.24817446800574558)",[0. 0. 0. 0. 0. 0. 0. 0. 0.],"geometry_msgs.msg.Vector3(x=49.75, y=-29.4375, z=-10.875)",[0. 0. 0. 0. 0. 0. 0. 0. 0.],"geometry_msgs.msg.Vector3(x=-0.05224609375, y=0.68359375, z=-0.38818359375)",[0. 0. 0. 0. 0. 0. 0. 0. 0.],False
1731182662901630621,"std_msgs.msg.Header(stamp=builtin_interfaces.msg.Time(sec=1731182662, nanosec=901276707), frame_id='RL_myo')","geometry_msgs.msg.Quaternion(x=0.40607669048505446, y=0.7729678653694168, z=-0.41919956564728006, w=-0.2487852984243322)",[0. 0. 0. 0. 0. 0. 0. 0. 0.],"geometry_msgs.msg.Vector3(x=55.3125, y=-26.5, z=-11.375)",[0. 0. 0. 0. 0. 0. 0. 0. 0.],"geometry_msgs.msg.Vector3(x=-0.0390625, y=0.7275390625, z=-0.41796875)",[0. 0. 0. 0. 0. 0. 0. 0. 0.],False
1731182662929368263,"std_msgs.msg.Header(stamp=builtin_interfaces.msg.Time(sec=1731182662, nanosec=928989778), frame_id='RL_myo')","geometry_msgs.msg.Quaternion(x=0.39775938092003355, y=0.7756826717987887, z=-0.42247820081762655, w=-0.24822577907039686)",[0. 0. 0. 0. 0. 0. 0. 0. 0.],"geometry_msgs.msg.Vector3(x=51.75, y=-21.9375, z=-4.0625)",[0. 0. 0. 0. 0. 0. 0. 0. 0.],"geometry_msgs.msg.Vector3(x=-0.0166015625, y=0.697265625, z=-0.43212890625)",[0. 0. 0. 0. 0. 0. 0. 0. 0.],False
1731182662938377985,"std_msgs.msg.Header(stamp=builtin_interfaces.msg.Time(sec=1731182662, nanosec=938126649), frame_id='RL_myo')","geometry_msgs.msg.Quaternion(x=0.3914133332019658, y=0.7771504711773944, z=-0.42717946656487743, w=-0.2456632880302374)",[0. 0. 0. 0. 0. 0. 0. 0. 0.],"geometry_msgs.msg.Vector3(x=45.3125, y=-14.5625, z=11.4375)",[0. 0. 0. 0. 0. 0. 0. 0. 0.],"geometry_msgs.msg.Vector3(x=0.00927734375, y=0.62939453125, z=-0.423828125)",[0. 0. 0. 0. 0. 0. 0. 0. 0.],False
1731182662960908246,"std_msgs.msg.Header(stamp=builtin_interfaces.msg.Time(sec=1731182662, nanosec=960598989), frame_id='RL_myo')","geometry_msgs.msg.Quaternion(x=0.3851377342393603, y=0.7783932685823396, z=-0.4319524160399292, w=-0.2432898587445468)",[0. 0. 0. 0. 0. 0. 0. 0. 0.],"geometry_msgs.msg.Vector3(x=45.0, y=-12.125, z=16.8125)",[0. 0. 0. 0. 0. 0. 0. 0. 0.],"geometry_msgs.msg.Vector3(x=-0.072265625, y=0.6630859375, z=-0.44970703125)",[0. 0. 0. 0. 0. 0. 0. 0. 0.],False
1731182662975263084,"std_msgs.msg.Header(stamp=builtin_interfaces.msg.Time(sec=1731182662, nanosec=974961268), frame_id='RL_myo')","geometry_msgs.msg.Quaternion(x=0.37976663250713316, y=0.7795531067793483, z=-0.43518741397876237, w=-0.24225229257807965)",[0. 0. 0. 0. 0. 0. 0. 0. 0.],"geometry_msgs.msg.Vector3(x=38.8125, y=-12.5625, z=8.4375)",[0. 0. 0. 0. 0. 0. 0. 0. 0.],"geometry_msgs.msg.Vector3(x=-0.0849609375, y=0.7822265625, z=-0.48486328125)",[0. 0. 0. 0. 0. 0. 0. 0. 0.],False
1731182662998326037,"std_msgs.msg.Header(stamp=builtin_interfaces.msg.Time(sec=1731182662, nanosec=998021907), frame_id='RL_myo')","geometry_msgs.msg.Quaternion(x=0.376955227194535, y=0.7796063984708219, z=-0.43786865283251203, w=-0.2416395311630771)",[0. 0. 0. 0. 0. 0. 0. 0. 0.],"geometry_msgs.msg.Vector3(x=21.875, y=-9.625, z=9.25)",[0. 0. 0. 0. 0. 0. 0. 0. 0.],"geometry_msgs.msg.Vector3(x=-0.04443359375, y=0.74951171875, z=-0.4921875)",[0. 0. 0. 0. 0. 0. 0. 0. 0.],False
1731182663020827710,"std_msgs.msg.Header(stamp=builtin_interfaces.msg.Time(sec=1731182663, nanosec=20503849), frame_id='RL_myo')","geometry_msgs.msg.Quaternion(x=0.3771334922667292, y=0.7778263837914221, z=-0.44213546172199164, w=-0.23931711007895215)",[0. 0. 0. 0. 0. 0. 0. 0. 0.],"geometry_msgs.msg.Vector3(x=8.375, y=-3.1875, z=25.6875)",[0. 0. 0. 0. 0. 0. 0. 0. 0.],"geometry_msgs.msg.Vector3(x=0.0205078125, y=0.6748046875, z=-0.482421875)",[0. 0. 0. 0. 0. 0. 0. 0. 0.],False
1731182663042435358,"std_msgs.msg.Header(stamp=builtin_interfaces.msg.Time(sec=1731182663, nanosec=41996910), frame_id='RL_myo')","geometry_msgs.msg.Quaternion(x=0.37726074970882384, y=0.7761891205382807, z=-0.4462309239801345, w=-0.23681794351565064)",[0. 0. 0. 0. 0. 0. 0. 0. 0.],"geometry_msgs.msg.Vector3(x=9.0, y=2.0625, z=29.8125)",[0. 0. 0. 0. 0. 0. 0. 0. 0.],"geometry_msgs.msg.Vector3(x=-0.05859375, y=0.66552734375, z=-0.4794921875)",[0. 0. 0. 0. 0. 0. 0. 0. 0.],False
1731182663058294707,"std_msgs.msg.Header(stamp=builtin_interfaces.msg.Time(sec=1731182663, nanosec=57982962), frame_id='RL_myo')","geometry_msgs.msg.Quaternion(x=0.37750789447662625, y=0.7751576814637273, z=-0.448004518263288, w=-0.23645361086539207)",[0. 0. 0. 0. 0. 0. 0. 0. 0.],"geometry_msgs.msg.Vector3(x=4.25, y=1.25, z=17.25)",[0. 0. 0. 0. 0. 0. 0. 0. 0.],"geometry_msgs.msg.Vector3(x=-0.12646484375, y=0.79248046875, z=-0.5302734375)",[0. 0. 0. 0. 0. 0. 0. 0. 0.],False
1731182663081074497,"std_msgs.msg.Header(stamp=builtin_interfaces.msg.Time(sec=1731182663, nanosec=80595974), frame_id='RL_myo')","geometry_msgs.msg.Quaternion(x=0.37873468090326595, y=0.7735831338868643, z=-0.4497817668938222, w=-0.23627428682941862)",[0. 0. 0. 0. 0. 0. 0. 0. 0.],"geometry_msgs.msg.Vector3(x=-3.75, y=-0.3125, z=16.0)",[0. 0. 0. 0. 0. 0. 0. 0. 0.],"geometry_msgs.msg.Vector3(x=-0.06201171875, y=0.78955078125, z=-0.55419921875)",[0. 0. 0. 0. 0. 0. 0. 0. 0.],False
1731182663102040306,"std_msgs.msg.Header(stamp=builtin_interfaces.msg.Time(sec=1731182663, nanosec=101656859), frame_id='RL_myo')","geometry_msgs.msg.Quaternion(x=0.38239850312058443, y=0.77022932336451, z=-0.453506923892409, w=-0.23420000901415522)",[0. 0. 0. 0. 0. 0. 0. 0. 0.],"geometry_msgs.msg.Vector3(x=-11.75, y=3.625, z=31.75)",[0. 0. 0. 0. 0. 0. 0. 0. 0.],"geometry_msgs.msg.Vector3(x=0.03759765625, y=0.7216796875, z=-0.51171875)",[0. 0. 0. 0. 0. 0. 0. 0. 0.],False
1731182663118352029,"std_msgs.msg.Header(stamp=builtin_interfaces.msg.Time(sec=1731182663, nanosec=118058634), frame_id='RL_myo')","geometry_msgs.msg.Quaternion(x=0.3864174998025392, y=0.7668534935269472, z=-0.45721900031919466, w=-0.23144766375789427)",[0. 0. 0. 0. 0. 0. 0. 0. 0.],"geometry_msgs.msg.Vector3(x=-13.0625, y=10.8125, z=37.625)",[0. 0. 0. 0. 0. 0. 0. 0. 0.],"geometry_msgs.msg.Vector3(x=-0.01953125, y=0.7470703125, z=-0.5517578125)",[0. 0. 0. 0. 0. 0. 0. 0. 0.],False
1731182663140832695,"std_msgs.msg.Header(stamp=builtin_interfaces.msg.Time(sec=1731182663, nanosec=140498932), frame_id='RL_myo')","geometry_msgs.msg.Quaternion(x=0.388922288464856, y=0.764782842822449, z=-0.4591748863969102, w=-0.23022832267568058)",[0. 0. 0. 0. 0. 0. 0. 0. 0.],"geometry_msgs.msg.Vector3(x=-7.375, y=9.25, z=25.8125)",[0. 0. 0. 0. 0. 0. 0. 0. 0.],"geometry_msgs.msg.Vector3(x=-0.1005859375, y=0.84326171875, z=-0.5771484375)",[0. 0. 0. 0. 0. 0. 0. 0. 0.],False
1731182663161964891,"std_msgs.msg.Header(stamp=builtin_interfaces.msg.Time(sec=1731182663, nanosec=161570579), frame_id='RL_myo')","geometry_msgs.msg.Quaternion(x=0.3916113209752874, y=0.7628363917626467, z=-0.46039965619024203, w=-0.2296810163388414)",[0. 0. 0. 0. 0. 0. 0. 0. 0.],"geometry_msgs.msg.Vector3(x=-10.3125, y=6.375, z=18.375)",[0. 0. 0. 0. 0. 0. 0. 0. 0.],"geometry_msgs.msg.Vector3(x=-0.04541015625, y=0.89111328125, z=-0.59423828125)",[0. 0. 0. 0. 0. 0. 0. 0. 0.],False
1731182663178998698,"std_msgs.msg.Header(stamp=builtin_interfaces.msg.Time(sec=1731182663, nanosec=178687513), frame_id='RL_myo')","geometry_msgs.msg.Quaternion(x=0.3963081656826586, y=0.75935159236993, z=-0.46253246258173214, w=-0.22888581877559983)",[0. 0. 0. 0. 0. 0. 0. 0. 0.],"geometry_msgs.msg.Vector3(x=-24.625, y=6.5625, z=26.625)",[0. 0. 0. 0. 0. 0. 0. 0. 0.],"geometry_msgs.msg.Vector3(x=0.01708984375, y=0.857421875, z=-0.63525390625)",[0. 0. 0. 0. 0. 0. 0. 0. 0.],False
1731182663208306251,"std_msgs.msg.Header(stamp=builtin_interfaces.msg.Time(sec=1731182663, nanosec=208000569), frame_id='RL_myo')","geometry_msgs.msg.Quaternion(x=0.4019719580594914, y=0.7551775033510608, z=-0.46489833047967594, w=-0.22802417784850587)",[0. 0. 0. 0. 0. 0. 0. 0. 0.],"geometry_msgs.msg.Vector3(x=-27.125, y=8.375, z=31.375)",[0. 0. 0. 0. 0. 0. 0. 0. 0.],"geometry_msgs.msg.Vector3(x=0.0234375, y=0.892578125, z=-0.5927734375)",[0. 0. 0. 0. 0. 0. 0. 0. 0.],False
1731182663221885103,"std_msgs.msg.Header(stamp=builtin_interfaces.msg.Time(sec=1731182663, nanosec=221605600), frame_id='RL_myo')","geometry_msgs.msg.Quaternion(x=0.40717843145804455, y=0.7519159192222532, z=-0.4654688529904134, w=-0.22840079306191016)",[0. 0. 0. 0. 0. 0. 0. 0. 0.],"geometry_msgs.msg.Vector3(x=-27.5625, y=9.0, z=20.5625)",[0. 0. 0. 0. 0. 0. 0. 0. 0.],"geometry_msgs.msg.Vector3(x=-0.02392578125, y=0.94189453125, z=-0.59716796875)",[0. 0. 0. 0. 0. 0. 0. 0. 0.],False
1731182663238327333,"std_msgs.msg.Header(stamp=builtin_interfaces.msg.Time(sec=1731182663, nanosec=238002124), frame_id='RL_myo')","geometry_msgs.msg.Quaternion(x=0.4106587925096477, y=0.7494156739645443, z=-0.4662027136130632, w=-0.22888978476682206)",[0. 0. 0. 0. 0. 0. 0. 0. 0.],"geometry_msgs.msg.Vector3(x=-20.9375, y=4.625, z=17.3125)",[0. 0. 0. 0. 0. 0. 0. 0. 0.],"geometry_msgs.msg.Vector3(x=-0.0224609375, y=0.943359375, z=-0.63330078125)",[0. 0. 0. 0. 0. 0. 0. 0. 0.],False
1731182663261071097,"std_msgs.msg.Header(stamp=builtin_interfaces.msg.Time(sec=1731182663, nanosec=260681412), frame_id='RL_myo')","geometry_msgs.msg.Quaternion(x=0.41358955788314083, y=0.7469759458934293, z=-0.4679128616782995, w=-0.22809683851967197)",[0. 0. 0. 0. 0. 0. 0. 0. 0.],"geometry_msgs.msg.Vector3(x=-14.5, y=4.125, z=19.3125)",[0. 0. 0. 0. 0. 0. 0. 0. 0.],"geometry_msgs.msg.Vector3(x=0.0576171875, y=0.93798828125, z=-0.63427734375)",[0. 0. 0. 0. 0. 0. 0. 0. 0.],False
1731182663281913769,"std_msgs.msg.Header(stamp=builtin_interfaces.msg.Time(sec=1731182663, nanosec=281507992), frame_id='RL_myo')","geometry_msgs.msg.Quaternion(x=0.41632474714271683, y=0.7449411433626827, z=-0.46905962201902635, w=-0.22741914790408488)",[0. 0. 0. 0. 0. 0. 0. 0. 0.],"geometry_msgs.msg.Vector3(x=-11.1875, y=5.0625, z=16.625)",[0. 0. 0. 0. 0. 0. 0. 0. 0.],"geometry_msgs.msg.Vector3(x=0.04248046875, y=0.990234375, z=-0.61669921875)",[0. 0. 0. 0. 0. 0. 0. 0. 0.],False
1731182663298520954,"std_msgs.msg.Header(stamp=builtin_interfaces.msg.Time(sec=1731182663, nanosec=298185290), frame_id='RL_myo')","geometry_msgs.msg.Quaternion(x=0.4184157564558037, y=0.7433212373623307, z=-0.4692604428347511, w=-0.22846537949147674)",[0. 0. 0. 0. 0. 0. 0. 0. 0.],"geometry_msgs.msg.Vector3(x=-14.75, y=1.1875, z=9.1875)",[0. 0. 0. 0. 0. 0. 0. 0. 0.],"geometry_msgs.msg.Vector3(x=0.0, y=1.0263671875, z=-0.65673828125)",[0. 0. 0. 0. 0. 0. 0. 0. 0.],False
1731182663321513479,"std_msgs.msg.Header(stamp=builtin_interfaces.msg.Time(sec=1731182663, nanosec=321239110), frame_id='RL_myo')","geometry_msgs.msg.Quaternion(x=0.41979895472339945, y=0.7416366820069826, z=-0.4703969968091363, w=-0.2290644776209535)",[0. 0. 0. 0. 0. 0. 0. 0. 0.],"geometry_msgs.msg.Vector3(x=-11.3125, y=-2.625, z=11.125)",[0. 0. 0. 0. 0. 0. 0. 0. 0.],"geometry_msgs.msg.Vector3(x=0.041015625, y=0.953125, z=-0.638671875)",[0. 0. 0. 0. 0. 0. 0. 0. 0.],False
1731182663341875534,"std_msgs.msg.Header(stamp=builtin_interfaces.msg.Time(sec=1731182663, nanosec=341520247), frame_id='RL_myo')","geometry_msgs.msg.Quaternion(x=0.42260012501973976, y=0.7391229800677424, z=-0.4714884410423873, w=-0.2297933955371635)",[0. 0. 0. 0. 0. 0. 0. 0. 0.],"geometry_msgs.msg.Vector3(x=-15.5625, y=-2.625, z=11.8125)",[0. 0. 0. 0. 0. 0. 0. 0. 0.],"geometry_msgs.msg.Vector3(x=0.091796875, y=0.99609375, z=-0.5888671875)",[0. 0. 0. 0. 0. 0. 0. 0. 0.],False
1731182663358526412,"std_msgs.msg.Header(stamp=builtin_interfaces.msg.Time(sec=1731182663, nanosec=358160966), frame_id='RL_myo')","geometry_msgs.msg.Quaternion(x=0.4252355668020951, y=0.737433058433029, z=-0.47119543213896575, w=-0.23095900456137905)",[0. 0. 0. 0. 0. 0. 0. 0. 0.],"geometry_msgs.msg.Vector3(x=-15.125, y=0.5625, z=4.75)",[0. 0. 0. 0. 0. 0. 0. 0. 0.],"geometry_msgs.msg.Vector3(x=0.056640625, y=0.9423828125, z=-0.53173828125)",[0. 0. 0. 0. 0. 0. 0. 0. 0.],False
1731182663380838379,"std_msgs.msg.Header(stamp=builtin_interfaces.msg.Time(sec=1731182663, nanosec=380561327), frame_id='RL_myo')","geometry_msgs.msg.Quaternion(x=0.42694848646365235, y=0.7363411780839888, z=-0.4713828678997551, w=-0.23090008924831976)",[0. 0. 0. 0. 0. 0. 0. 0. 0.],"geometry_msgs.msg.Vector3(x=-10.125, y=2.875, z=5.8125)",[0. 0. 0. 0. 0. 0. 0. 0. 0.],"geometry_msgs.msg.Vector3(x=0.0693359375, y=0.86865234375, z=-0.55126953125)",[0. 0. 0. 0. 0. 0. 0. 0. 0.],False
1731182663401866022,"std_msgs.msg.Header(stamp=builtin_interfaces.msg.Time(sec=1731182663, nanosec=401556360), frame_id='RL_myo')","geometry_msgs.msg.Quaternion(x=0.426947854216087, y=0.7363400876716045, z=-0.47260289280845774, w=-0.22839726525755505)",[0. 0. 0. 0. 0. 0. 0. 0. 0.],"geometry_msgs.msg.Vector3(x=6.8125, y=6.875, z=9.9375)",[0. 0. 0. 0. 0. 0. 0. 0. 0.],"geometry_msgs.msg.Vector3(x=0.08935546875, y=0.82373046875, z=-0.5419921875)",[0. 0. 0. 0. 0. 0. 0. 0. 0.],False
1731182663418284819,"std_msgs.msg.Header(stamp=builtin_interfaces.msg.Time(sec=1731182663, nanosec=417958014), frame_id='RL_myo')","geometry_msgs.msg.Quaternion(x=0.4283545373151228, y=0.736467062873222, z=-0.4707139059239423, w=-0.2292532975428329)",[0. 0. 0. 0. 0. 0. 0. 0. 0.],"geometry_msgs.msg.Vector3(x=2.0625, y=4.1875, z=-8.25)",[0. 0. 0. 0. 0. 0. 0. 0. 0.],"geometry_msgs.msg.Vector3(x=0.0869140625, y=1.2314453125, z=-0.55859375)",[0. 0. 0. 0. 0. 0. 0. 0. 0.],False
1731182663446977418,"std_msgs.msg.Header(stamp=builtin_interfaces.msg.Time(sec=1731182663, nanosec=446632002), frame_id='RL_myo')","geometry_msgs.msg.Quaternion(x=0.4262704729239257, y=0.7395646220531512, z=-0.46765240027822436, w=-0.22943165918113356)",[0. 0. 0. 0. 0. 0. 0. 0. 0.],"geometry_msgs.msg.Vector3(x=12.0, y=9.8125, z=-17.4375)",[0. 0. 0. 0. 0. 0. 0. 0. 0.],"geometry_msgs.msg.Vector3(x=-0.0576171875, y=0.87744140625, z=-0.55126953125)",[0. 0. 0. 0. 0. 0. 0. 0. 0.],False
1731182663462302980,"std_msgs.msg.Header(stamp=builtin_interfaces.msg.Time(sec=1731182663, nanosec=461991986), frame_id='RL_myo')","geometry_msgs.msg.Quaternion(x=0.42530836065423955, y=0.7397118287555582, z=-0.4688280020357655, w=-0.2283407831813304)",[0. 0. 0. 0. 0. 0. 0. 0. 0.],"geometry_msgs.msg.Vector3(x=7.375, y=1.75, z=10.125)",[0. 0. 0. 0. 0. 0. 0. 0. 0.],"geometry_msgs.msg.Vector3(x=-0.00537109375, y=0.87109375, z=-0.57568359375)",[0. 0. 0. 0. 0. 0. 0. 0. 0.],False
1731182663478194957,"std_msgs.msg.Header(stamp=builtin_interfaces.msg.Time(sec=1731182663, nanosec=477901316), frame_id='RL_myo')","geometry_msgs.msg.Quaternion(x=0.4243302807501084, y=0.7403806538404509, z=-0.4691925874749832, w=-0.2272413169206924)",[0. 0. 0. 0. 0. 0. 0. 0. 0.],"geometry_msgs.msg.Vector3(x=9.1875, y=0.1875, z=-1.875)",[0. 0. 0. 0. 0. 0. 0. 0. 0.],"geometry_msgs.msg.Vector3(x=0.11181640625, y=0.888671875, z=-0.56884765625)",[0. 0. 0. 0. 0. 0. 0. 0. 0.],False
1731182663500883675,"std_msgs.msg.Header(stamp=builtin_interfaces.msg.Time(sec=1731182663, nanosec=500576419), frame_id='RL_myo')","geometry_msgs.msg.Quaternion(x=0.42177364999706013, y=0.7423460392567649, z=-0.4695665252427473, w=-0.2248035243037876)",[0. 0. 0. 0. 0. 0. 0. 0. 0.],"geometry_msgs.msg.Vector3(x=22.375, y=4.25, z=-2.3125)",[0. 0. 0. 0. 0. 0. 0. 0. 0.],"geometry_msgs.msg.Vector3(x=0.08544921875, y=0.8671875, z=-0.56787109375)",[0. 0. 0. 0. 0. 0. 0. 0. 0.],False
1731182663521858031,"std_msgs.msg.Header(stamp=builtin_interfaces.msg.Time(sec=1731182663, nanosec=521531659), frame_id='RL_myo')","geometry_msgs.msg.Quaternion(x=0.41993282887346217, y=0.7440379627859743, z=-0.46961674205703746, w=-0.22253998460358185)",[0. 0. 0. 0. 0. 0. 0. 0. 0.],"geometry_msgs.msg.Vector3(x=23.25, y=7.25, z=0.0625)",[0. 0. 0. 0. 0. 0. 0. 0. 0.],"geometry_msgs.msg.Vector3(x=0.0517578125, y=0.93798828125, z=-0.53076171875)",[0. 0. 0. 0. 0. 0. 0. 0. 0.],False
1731182663538343815,"std_msgs.msg.Header(stamp=builtin_interfaces.msg.Time(sec=1731182663, nanosec=538069253), frame_id='RL_myo')","geometry_msgs.msg.Quaternion(x=0.417482824174765, y=0.7460369239602562, z=-0.46917989319172787, w=-0.22137576071372408)",[0. 0. 0. 0. 0. 0. 0. 0. 0.],"geometry_msgs.msg.Vector3(x=15.625, y=5.3125, z=-2.625)",[0. 0. 0. 0. 0. 0. 0. 0. 0.],"geometry_msgs.msg.Vector3(x=-0.01953125, y=0.90185546875, z=-0.6328125)",[0. 0. 0. 0. 0. 0. 0. 0. 0.],False
1731182663560942633,"std_msgs.msg.Header(stamp=builtin_interfaces.msg.Time(sec=1731182663, nanosec=560672681), frame_id='RL_myo')","geometry_msgs.msg.Quaternion(x=0.4157108185703839, y=0.746643729785862, z=-0.47070354321168706, w=-0.21942158167090445)",[0. 0. 0. 0. 0. 0. 0. 0. 0.],"geometry_msgs.msg.Vector3(x=15.625, y=0.875, z=7.3125)",[0. 0. 0. 0. 0. 0. 0. 0. 0.],"geometry_msgs.msg.Vector3(x=0.06298828125, y=0.830078125, z=-0.5751953125)",[0. 0. 0. 0. 0. 0. 0. 0. 0.],False
1731182663581964715,"std_msgs.msg.Header(stamp=builtin_interfaces.msg.Time(sec=1731182663, nanosec=581574479), frame_id='RL_myo')","geometry_msgs.msg.Quaternion(x=0.4170063538310419, y=0.7455697617163607, z=-0.47224504677850865, w=-0.21729253800329465)",[0. 0. 0. 0. 0. 0. 0. 0. 0.],"geometry_msgs.msg.Vector3(x=1.0, y=3.5, z=10.125)",[0. 0. 0. 0. 0. 0. 0. 0. 0.],"geometry_msgs.msg.Vector3(x=0.17431640625, y=0.86328125, z=-0.55224609375)",[0. 0. 0. 0. 0. 0. 0. 0. 0.],False
1731182663598895028,"std_msgs.msg.Header(stamp=builtin_interfaces.msg.Time(sec=1731182663, nanosec=598616973), frame_id='RL_myo')","geometry_msgs.msg.Quaternion(x=0.4179804867958758, y=0.7453822582872714, z=-0.47285263306186476, w=-0.21472770919215697)",[0. 0. 0. 0. 0. 0. 0. 0. 0.],"geometry_msgs.msg.Vector3(x=3.875, y=9.0, z=6.5625)",[0. 0. 0. 0. 0. 0. 0. 0. 0.],"geometry_msgs.msg.Vector3(x=0.14208984375, y=0.83837890625, z=-0.556640625)",[0. 0. 0. 0. 0. 0. 0. 0. 0.],False
1731182663620897676,"std_msgs.msg.Header(stamp=builtin_interfaces.msg.Time(sec=1731182663, nanosec=620492238), frame_id='RL_myo')","geometry_msgs.msg.Quaternion(x=0.4143836032040165, y=0.7477094033361618, z=-0.4737730929547173, w=-0.2115559830173989)",[0. 0. 0. 0. 0. 0. 0. 0. 0.],"geometry_msgs.msg.Vector3(x=28.1875, y=7.1875, z=4.3125)",[0. 0. 0. 0. 0. 0. 0. 0. 0.],"geometry_msgs.msg.Vector3(x=0.015625, y=0.8095703125, z=-0.6005859375)",[0. 0. 0. 0. 0. 0. 0. 0. 0.],False
1731182663642027219,"std_msgs.msg.Header(stamp=builtin_interfaces.msg.Time(sec=1731182663, nanosec=641702094), frame_id='RL_myo')","geometry_msgs.msg.Quaternion(x=0.40716942332561035, y=0.7518382486171291, z=-0.47455288058111533, w=-0.20916948189729676)",[0. 0. 0. 0. 0. 0. 0. 0. 0.],"geometry_msgs.msg.Vector3(x=48.625, y=-2.5625, z=-5.5625)",[0. 0. 0. 0. 0. 0. 0. 0. 0.],"geometry_msgs.msg.Vector3(x=-0.0146484375, y=0.85595703125, z=-0.60205078125)",[0. 0. 0. 0. 0. 0. 0. 0. 0.],False
1731182663658448356,"std_msgs.msg.Header(stamp=builtin_interfaces.msg.Time(sec=1731182663, nanosec=658166175), frame_id='RL_myo')","geometry_msgs.msg.Quaternion(x=0.400208975392488, y=0.7554959123697143, z=-0.47589284446167895, w=-0.20636061397010858)",[0. 0. 0. 0. 0. 0. 0. 0. 0.],"geometry_msgs.msg.Vector3(x=43.0625, y=-6.125, z=-7.1875)",[0. 0. 0. 0. 0. 0. 0. 0. 0.],"geometry_msgs.msg.Vector3(x=0.08740234375, y=0.76953125, z=-0.6572265625)",[0. 0. 0. 0. 0. 0. 0. 0. 0.],False
1731182663688329670,"std_msgs.msg.Header(stamp=builtin_interfaces.msg.Time(sec=1731182663, nanosec=688012539), frame_id='RL_myo')","geometry_msgs.msg.Quaternion(x=0.3973429074621942, y=0.7561112039388114, z=-0.4777880613846477, w=-0.2052633176336957)",[0. 0. 0. 0. 0. 0. 0. 0. 0.],"geometry_msgs.msg.Vector3(x=16.6875, y=-5.875, z=6.0)",[0. 0. 0. 0. 0. 0. 0. 0. 0.],"geometry_msgs.msg.Vector3(x=0.06591796875, y=0.90869140625, z=-0.724609375)",[0. 0. 0. 0. 0. 0. 0. 0. 0.],False
1731182663701966506,"std_msgs.msg.Header(stamp=builtin_interfaces.msg.Time(sec=1731182663, nanosec=701632454), frame_id='RL_myo')","geometry_msgs.msg.Quaternion(x=0.39985785377423255, y=0.7542426345730715, z=-0.4775588227644017, w=-0.2077722690043486)",[0. 0. 0. 0. 0. 0. 0. 0. 0.],"geometry_msgs.msg.Vector3(x=-22.9375, y=-6.875, z=-0.25)",[0. 0. 0. 0. 0. 0. 0. 0. 0.],"geometry_msgs.msg.Vector3(x=0.1123046875, y=0.94921875, z=-0.71435546875)",[0. 0. 0. 0. 0. 0. 0. 0. 0.],False
1731182663717715637,"std_msgs.msg.Header(stamp=builtin_interfaces.msg.Time(sec=1731182663, nanosec=717432054), frame_id='RL_myo')","geometry_msgs.msg.Quaternion(x=0.4046654934164709, y=0.7514693144711297, z=-0.47564980244261806, w=-0.21283085603970348)",[0. 0. 0. 0. 0. 0. 0. 0. 0.],"geometry_msgs.msg.Vector3(x=-58.125, y=-8.6875, z=-9.5625)",[0. 0. 0. 0. 0. 0. 0. 0. 0.],"geometry_msgs.msg.Vector3(x=0.11572265625, y=0.7666015625, z=-0.8076171875)",[0. 0. 0. 0. 0. 0. 0. 0. 0.],False
1731182663741480229,"std_msgs.msg.Header(stamp=builtin_interfaces.msg.Time(sec=1731182663, nanosec=741208589), frame_id='RL_myo')","geometry_msgs.msg.Quaternion(x=0.4138954835994763, y=0.7458175658607876, z=-0.4729187740641118, w=-0.2208948171577208)",[0. 0. 0. 0. 0. 0. 0. 0. 0.],"geometry_msgs.msg.Vector3(x=-90.6875, y=-14.3125, z=-10.9375)",[0. 0. 0. 0. 0. 0. 0. 0. 0.],"geometry_msgs.msg.Vector3(x=0.1806640625, y=0.78857421875, z=-0.74755859375)",[0. 0. 0. 0. 0. 0. 0. 0. 0.],False
1731182663763312820,"std_msgs.msg.Header(stamp=builtin_interfaces.msg.Time(sec=1731182663, nanosec=763047434), frame_id='RL_myo')","geometry_msgs.msg.Quaternion(x=0.4257778104564076, y=0.7394959792846667, z=-0.46575551484989197, w=-0.2343731066732519)",[0. 0. 0. 0. 0. 0. 0. 0. 0.],"geometry_msgs.msg.Vector3(x=-114.8125, y=-18.1875, z=-33.5625)",[0. 0. 0. 0. 0. 0. 0. 0. 0.],"geometry_msgs.msg.Vector3(x=0.25634765625, y=0.81298828125, z=-0.74462890625)",[0. 0. 0. 0. 0. 0. 0. 0. 0.],False
1731182663777766054,"std_msgs.msg.Header(stamp=builtin_interfaces.msg.Time(sec=1731182663, nanosec=777375928), frame_id='RL_myo')","geometry_msgs.msg.Quaternion(x=0.4393954078028142, y=0.7327936194027764, z=-0.45404395591681274, w=-0.2525653837321913)",[0. 0. 0. 0. 0. 0. 0. 0. 0.],"geometry_msgs.msg.Vector3(x=-141.9375, y=-23.0, z=-61.25)",[0. 0. 0. 0. 0. 0. 0. 0. 0.],"geometry_msgs.msg.Vector3(x=0.240234375, y=0.8515625, z=-0.708984375)",[0. 0. 0. 0. 0. 0. 0. 0. 0.],False
1731182663801092224,"std_msgs.msg.Header(stamp=builtin_interfaces.msg.Time(sec=1731182663, nanosec=800669002), frame_id='RL_myo')","geometry_msgs.msg.Quaternion(x=0.4564783812328131, y=0.7244816666978863, z=-0.4371303872696092, w=-0.2750833084926178)",[0. 0. 0. 0. 0. 0. 0. 0. 0.],"geometry_msgs.msg.Vector3(x=-179.5, y=-22.5, z=-87.0)",[0. 0. 0. 0. 0. 0. 0. 0. 0.],"geometry_msgs.msg.Vector3(x=0.37158203125, y=0.83056640625, z=-0.62451171875)",[0. 0. 0. 0. 0. 0. 0. 0. 0.],False
1731182663823449807,"std_msgs.msg.Header(stamp=builtin_interfaces.msg.Time(sec=1731182663, nanosec=823186017), frame_id='RL_myo')","geometry_msgs.msg.Quaternion(x=0.47871691929778315, y=0.7142605367362818, z=-0.41249125852536256, w=-0.300853716080425)",[0. 0. 0. 0. 0. 0. 0. 0. 0.],"geometry_msgs.msg.Vector3(x=-225.5625, y=-7.75, z=-120.0625)",[0. 0. 0. 0. 0. 0. 0. 0. 0.],"geometry_msgs.msg.Vector3(x=0.658203125, y=0.7490234375, z=-0.47509765625)",[0. 0. 0. 0. 0. 0. 0. 0. 0.],False
1731182663837779714,"std_msgs.msg.Header(stamp=builtin_interfaces.msg.Time(sec=1731182663, nanosec=837419326), frame_id='RL_myo')","geometry_msgs.msg.Quaternion(x=0.5040309077366203, y=0.703861035119727, z=-0.38122754295506545, w=-0.324342485312715)",[0. 0. 0. 0. 0. 0. 0. 0. 0.],"geometry_msgs.msg.Vector3(x=-244.125, y=26.8125, z=-137.875)",[0. 0. 0. 0. 0. 0. 0. 0. 0.],"geometry_msgs.msg.Vector3(x=0.78515625, y=0.6181640625, z=-0.296875)",[0. 0. 0. 0. 0. 0. 0. 0. 0.],False
1731182663861024948,"std_msgs.msg.Header(stamp=builtin_interfaces.msg.Time(sec=1731182663, nanosec=860616249), frame_id='RL_myo')","geometry_msgs.msg.Quaternion(x=0.5262018941880687, y=0.6972892285354945, z=-0.34919394926921954, w=-0.33906177035317503)",[0. 0. 0. 0. 0. 0. 0. 0. 0.],"geometry_msgs.msg.Vector3(x=-202.0, y=66.5, z=-126.5625)",[0. 0. 0. 0. 0. 0. 0. 0. 0.],"geometry_msgs.msg.Vector3(x=0.5888671875, y=0.384765625, z=-0.1787109375)",[0. 0. 0. 0. 0. 0. 0. 0. 0.],False
1731182663884227085,"std_msgs.msg.Header(stamp=builtin_interfaces.msg.Time(sec=1731182663, nanosec=883884800), frame_id='RL_myo')","geometry_msgs.msg.Quaternion(x=0.5413389045022639, y=0.6961902745239397, z=-0.3184310592838325, w=-0.3476678768795687)",[0. 0. 0. 0. 0. 0. 0. 0. 0.],"geometry_msgs.msg.Vector3(x=-141.125, y=85.125, z=-125.625)",[0. 0. 0. 0. 0. 0. 0. 0. 0.],"geometry_msgs.msg.Vector3(x=0.44677734375, y=0.2626953125, z=-0.0556640625)",[0. 0. 0. 0. 0. 0. 0. 0. 0.],False
1731182663897823330,"std_msgs.msg.Header(stamp=builtin_interfaces.msg.Time(sec=1731182663, nanosec=897494749), frame_id='RL_myo')","geometry_msgs.msg.Quaternion(x=0.5510402304063169, y=0.6986882496080093, z=-0.2862015552032809, w=-0.35535624960407364)",[0. 0. 0. 0. 0. 0. 0. 0. 0.],"geometry_msgs.msg.Vector3(x=-106.5, y=91.1875, z=-145.4375)",[0. 0. 0. 0. 0. 0. 0. 0. 0.],"geometry_msgs.msg.Vector3(x=0.40771484375, y=0.26611328125, z=0.1298828125)",[0. 0. 0. 0. 0. 0. 0. 0. 0.],False
1731182663921062957,"std_msgs.msg.Header(stamp=builtin_interfaces.msg.Time(sec=1731182663, nanosec=920665183), frame_id='RL_myo')","geometry_msgs.msg.Quaternion(x=0.5571819252479216, y=0.7024435072492421, z=-0.2537194942770961, w=-0.36297085216884545)",[0. 0. 0. 0. 0. 0. 0. 0. 0.],"geometry_msgs.msg.Vector3(x=-87.25, y=89.875, z=-153.375)",[0. 0. 0. 0. 0. 0. 0. 0. 0.],"geometry_msgs.msg.Vector3(x=0.2529296875, y=0.291015625, z=0.2275390625)",[0. 0. 0. 0. 0. 0. 0. 0. 0.],False
1731182663943399652,"std_msgs.msg.Header(stamp=builtin_interfaces.msg.Time(sec=1731182663, nanosec=943059429), frame_id='RL_myo')","geometry_msgs.msg.Quaternion(x=0.5631922218345567, y=0.7032120502607487, z=-0.22339693637308744, w=-0.3720230402169311)",[0. 0. 0. 0. 0. 0. 0. 0. 0.],"geometry_msgs.msg.Vector3(x=-92.9375, y=71.875, z=-141.0625)",[0. 0. 0. 0. 0. 0. 0. 0. 0.],"geometry_msgs.msg.Vector3(x=-0.01611328125, y=0.3876953125, z=0.26513671875)",[0. 0. 0. 0. 0. 0. 0. 0. 0.],False
1731182663957984318,"std_msgs.msg.Header(stamp=builtin_interfaces.msg.Time(sec=1731182663, nanosec=957538922), frame_id='RL_myo')","geometry_msgs.msg.Quaternion(x=0.5712053755787903, y=0.6987774246234228, z=-0.19703472455314544, w=-0.38289926490764603)",[0. 0. 0. 0. 0. 0. 0. 0. 0.],"geometry_msgs.msg.Vector3(x=-112.0, y=43.375, z=-118.3125)",[0. 0. 0. 0. 0. 0. 0. 0. 0.],"geometry_msgs.msg.Vector3(x=-0.18603515625, y=0.48046875, z=0.2626953125)",[0. 0. 0. 0. 0. 0. 0. 0. 0.],False
1731182663980957000,"std_msgs.msg.Header(stamp=builtin_interfaces.msg.Time(sec=1731182663, nanosec=980597448), frame_id='RL_myo')","geometry_msgs.msg.Quaternion(x=0.5824114206432899, y=0.6895917240020843, z=-0.17590753660594857, w=-0.39283168133098023)",[0. 0. 0. 0. 0. 0. 0. 0. 0.],"geometry_msgs.msg.Vector3(x=-127.4375, y=23.625, z=-79.75)",[0. 0. 0. 0. 0. 0. 0. 0. 0.],"geometry_msgs.msg.Vector3(x=-0.35546875, y=0.5546875, z=0.310546875)",[0. 0. 0. 0. 0. 0. 0. 0. 0.],False
1731182664003385459,"std_msgs.msg.Header(stamp=builtin_interfaces.msg.Time(sec=1731182664, nanosec=3105870), frame_id='RL_myo')","geometry_msgs.msg.Quaternion(x=0.5955950164257307, y=0.677445079658658, z=-0.1614417727450356, w=-0.4003389744554588)",[0. 0. 0. 0. 0. 0. 0. 0. 0.],"geometry_msgs.msg.Vector3(x=-126.25, y=7.1875, z=-37.25)",[0. 0. 0. 0. 0. 0. 0. 0. 0.],"geometry_msgs.msg.Vector3(x=-0.4462890625, y=0.6962890625, z=0.423828125)",[0. 0. 0. 0. 0. 0. 0. 0. 0.],False
1731182664024823933,"std_msgs.msg.Header(stamp=builtin_interfaces.msg.Time(sec=1731182664, nanosec=24507787), frame_id='RL_myo')","geometry_msgs.msg.Quaternion(x=0.614757288101999, y=0.6582151106922118, z=-0.15161408892428174, w=-0.40723397798019634)",[0. 0. 0. 0. 0. 0. 0. 0. 0.],"geometry_msgs.msg.Vector3(x=-162.625, y=-17.4375, z=0.8125)",[0. 0. 0. 0. 0. 0. 0. 0. 0.],"geometry_msgs.msg.Vector3(x=-0.369140625, y=0.83349609375, z=0.4736328125)",[0. 0. 0. 0. 0. 0. 0. 0. 0.],False
1731182664040919432,"std_msgs.msg.Header(stamp=builtin_interfaces.msg.Time(sec=1731182664, nanosec=40618477), frame_id='RL_myo')","geometry_msgs.msg.Quaternion(x=0.6410195473807792, y=0.6317417935051479, z=-0.14612462354119074, w=-0.41066268470556866)",[0. 0. 0. 0. 0. 0. 0. 0. 0.],"geometry_msgs.msg.Vector3(x=-203.9375, y=-31.4375, z=54.0625)",[0. 0. 0. 0. 0. 0. 0. 0. 0.],"geometry_msgs.msg.Vector3(x=-0.5078125, y=0.9833984375, z=0.44287109375)",[0. 0. 0. 0. 0. 0. 0. 0. 0.],False
1731182664063442232,"std_msgs.msg.Header(stamp=builtin_interfaces.msg.Time(sec=1731182664, nanosec=63088914), frame_id='RL_myo')","geometry_msgs.msg.Quaternion(x=0.6693788475594817, y=0.6043147597051545, z=-0.15142964537203193, w=-0.4047279236041692)",[0. 0. 0. 0. 0. 0. 0. 0. 0.],"geometry_msgs.msg.Vector3(x=-187.0, y=-40.125, z=136.3125)",[0. 0. 0. 0. 0. 0. 0. 0. 0.],"geometry_msgs.msg.Vector3(x=-0.703125, y=1.15673828125, z=0.22900390625)",[0. 0. 0. 0. 0. 0. 0. 0. 0.],False
1731182664084590006,"std_msgs.msg.Header(stamp=builtin_interfaces.msg.Time(sec=1731182664, nanosec=84222453), frame_id='RL_myo')","geometry_msgs.msg.Quaternion(x=0.7008074941735524, y=0.5679336120262066, z=-0.16381878717660814, w=-0.39935407022971203)",[0. 0. 0. 0. 0. 0. 0. 0. 0.],"geometry_msgs.msg.Vector3(x=-216.6875, y=-88.875, z=176.1875)",[0. 0. 0. 0. 0. 0. 0. 0. 0.],"geometry_msgs.msg.Vector3(x=-0.79443359375, y=1.21240234375, z=0.29638671875)",[0. 0. 0. 0. 0. 0. 0. 0. 0.],False
1731182664101036453,"std_msgs.msg.Header(stamp=builtin_interfaces.msg.Time(sec=1731182664, nanosec=100612435), frame_id='RL_myo')","geometry_msgs.msg.Quaternion(x=0.7340193782394591, y=0.5210646459363265, z=-0.18438986709308217, w=-0.3945979777414022)",[0. 0. 0. 0. 0. 0. 0. 0. 0.],"geometry_msgs.msg.Vector3(x=-247.0, y=-147.5625, z=216.0)",[0. 0. 0. 0. 0. 0. 0. 0. 0.],"geometry_msgs.msg.Vector3(x=-0.78173828125, y=1.1865234375, z=0.39501953125)",[0. 0. 0. 0. 0. 0. 0. 0. 0.],False
1731182664123355582,"std_msgs.msg.Header(stamp=builtin_interfaces.msg.Time(sec=1731182664, nanosec=122989873), frame_id='RL_myo')","geometry_msgs.msg.Quaternion(x=0.7619752612529113, y=0.46985626090394994, z=-0.2141148042674794, w=-0.39087548646777026)",[0. 0. 0. 0. 0. 0. 0. 0. 0.],"geometry_msgs.msg.Vector3(x=-230.25, y=-205.625, z=232.75)",[0. 0. 0. 0. 0. 0. 0. 0. 0.],"geometry_msgs.msg.Vector3(x=-0.72216796875, y=0.865234375, z=0.333984375)",[0. 0. 0. 0. 0. 0. 0. 0. 0.],False
1731182664146687047,"std_msgs.msg.Header(stamp=builtin_interfaces.msg.Time(sec=1731182664, nanosec=146290964), frame_id='RL_myo')","geometry_msgs.msg.Quaternion(x=0.7828406498628306, y=0.420106985264764, z=-0.24731563334197643, w=-0.38665956002502977)",[0. 0. 0. 0. 0. 0. 0. 0. 0.],"geometry_msgs.msg.Vector3(x=-198.5625, y=-226.9375, z=227.6875)",[0. 0. 0. 0. 0. 0. 0. 0. 0.],"geometry_msgs.msg.Vector3(x=-0.73046875, y=0.86572265625, z=0.2724609375)",[0. 0. 0. 0. 0. 0. 0. 0. 0.],False
1731182664161611578,"std_msgs.msg.Header(stamp=builtin_interfaces.msg.Time(sec=1731182664, nanosec=161274111), frame_id='RL_myo')","geometry_msgs.msg.Quaternion(x=0.791284146949686, y=0.38264118460564495, z=-0.28467674030957535, w=-0.38264118460564495)",[0. 0. 0. 0. 0. 0. 0. 0. 0.],"geometry_msgs.msg.Vector3(x=-105.0625, y=-234.1875, z=188.9375)",[0. 0. 0. 0. 0. 0. 0. 0. 0.],"geometry_msgs.msg.Vector3(x=-0.42578125, y=1.0615234375, z=0.37548828125)",[0. 0. 0. 0. 0. 0. 0. 0. 0.],False
1731182664183374776,"std_msgs.msg.Header(stamp=builtin_interfaces.msg.Time(sec=1731182664, nanosec=183007177), frame_id='RL_myo')","geometry_msgs.msg.Quaternion(x=0.7912293119831253, y=0.3557876772004657, z=-0.3213014810058761, w=-0.37965334571742954)",[0. 0. 0. 0. 0. 0. 0. 0. 0.],"geometry_msgs.msg.Vector3(x=-40.75, y=-222.4375, z=144.8125)",[0. 0. 0. 0. 0. 0. 0. 0. 0.],"geometry_msgs.msg.Vector3(x=-0.20166015625, y=1.09375, z=0.4296875)",[0. 0. 0. 0. 0. 0. 0. 0. 0.],False
1731182664204431242,"std_msgs.msg.Header(stamp=builtin_interfaces.msg.Time(sec=1731182664, nanosec=204148888), frame_id='RL_myo')","geometry_msgs.msg.Quaternion(x=0.7870488983872098, y=0.33422875281646847, z=-0.3549196854689124, w=-0.3779909909043808)",[0. 0. 0. 0. 0. 0. 0. 0. 0.],"geometry_msgs.msg.Vector3(x=-25.0625, y=-206.9375, z=117.3125)",[0. 0. 0. 0. 0. 0. 0. 0. 0.],"geometry_msgs.msg.Vector3(x=0.02294921875, y=2.15625, z=0.5986328125)",[0. 0. 0. 0. 0. 0. 0. 0. 0.],False
1731182664220982796,"std_msgs.msg.Header(stamp=builtin_interfaces.msg.Time(sec=1731182664, nanosec=220616256), frame_id='RL_myo')","geometry_msgs.msg.Quaternion(x=0.7872781155518046, y=0.3063298598305688, z=-0.38372102585271695, w=-0.37297903435437463)",[0. 0. 0. 0. 0. 0. 0. 0. 0.],"geometry_msgs.msg.Vector3(x=-64.1875, y=-177.5, z=137.5)",[0. 0. 0. 0. 0. 0. 0. 0. 0.],"geometry_msgs.msg.Vector3(x=0.751953125, y=1.96630859375, z=0.55078125)",[0. 0. 0. 0. 0. 0. 0. 0. 0.],False
1731182664244270967,"std_msgs.msg.Header(stamp=builtin_interfaces.msg.Time(sec=1731182664, nanosec=243858046), frame_id='RL_myo')","geometry_msgs.msg.Quaternion(x=0.7961978561637866, y=0.26061823271900103, z=-0.3816500724102842, w=-0.3905001060740442)",[0. 0. 0. 0. 0. 0. 0. 0. 0.],"geometry_msgs.msg.Vector3(x=-276.625, y=-101.375, z=47.8125)",[0. 0. 0. 0. 0. 0. 0. 0. 0.],"geometry_msgs.msg.Vector3(x=0.10205078125, y=1.71630859375, z=0.46484375)",[0. 0. 0. 0. 0. 0. 0. 0. 0.],False
1731182664264462938,"std_msgs.msg.Header(stamp=builtin_interfaces.msg.Time(sec=1731182664, nanosec=264197987), frame_id='RL_myo')","geometry_msgs.msg.Quaternion(x=0.8096883469808538, y=0.19702050234088617, z=-0.3762188278900937, w=-0.4050272780465058)",[0. 0. 0. 0. 0. 0. 0. 0. 0.],"geometry_msgs.msg.Vector3(x=-360.0, y=-112.5625, z=101.0)",[0. 0. 0. 0. 0. 0. 0. 0. 0.],"geometry_msgs.msg.Vector3(x=0.05615234375, y=0.87548828125, z=0.43212890625)",[0. 0. 0. 0. 0. 0. 0. 0. 0.],False
1731182664281575194,"std_msgs.msg.Header(stamp=builtin_interfaces.msg.Time(sec=1731182664, nanosec=281237399), frame_id='RL_myo')","geometry_msgs.msg.Quaternion(x=0.8165702460919912, y=0.1431240920162732, z=-0.37981288896258775, w=-0.4104518203878198)",[0. 0. 0. 0. 0. 0. 0. 0. 0.],"geometry_msgs.msg.Vector3(x=-255.6875, y=-136.0625, z=109.8125)",[0. 0. 0. 0. 0. 0. 0. 0. 0.],"geometry_msgs.msg.Vector3(x=0.2783203125, y=0.08544921875, z=0.71240234375)",[0. 0. 0. 0. 0. 0. 0. 0. 0.],False
1731182664304263544,"std_msgs.msg.Header(stamp=builtin_interfaces.msg.Time(sec=1731182664, nanosec=303856644), frame_id='RL_myo')","geometry_msgs.msg.Quaternion(x=0.8187827915720983, y=0.12243595079341255, z=-0.39922908980045435, w=-0.393980090913)",[0. 0. 0. 0. 0. 0. 0. 0. 0.],"geometry_msgs.msg.Vector3(x=-7.875, y=-117.75, z=132.75)",[0. 0. 0. 0. 0. 0. 0. 0. 0.],"geometry_msgs.msg.Vector3(x=1.390625, y=0.20263671875, z=1.28515625)",[0. 0. 0. 0. 0. 0. 0. 0. 0.],False
1731182664324419808,"std_msgs.msg.Header(stamp=builtin_interfaces.msg.Time(sec=1731182664, nanosec=324038439), frame_id='RL_myo')","geometry_msgs.msg.Quaternion(x=0.8139021015673776, y=0.1333005016740272, z=-0.41662510275957404, w=-0.3823844519174819)",[0. 0. 0. 0. 0. 0. 0. 0. 0.],"geometry_msgs.msg.Vector3(x=119.9375, y=-58.3125, z=29.4375)",[0. 0. 0. 0. 0. 0. 0. 0. 0.],"geometry_msgs.msg.Vector3(x=0.7861328125, y=0.5771484375, z=0.6357421875)",[0. 0. 0. 0. 0. 0. 0. 0. 0.],False
1731182664349182216,"std_msgs.msg.Header(stamp=builtin_interfaces.msg.Time(sec=1731182664, nanosec=348797377), frame_id='RL_myo')","geometry_msgs.msg.Quaternion(x=0.8143988326523399, y=0.13354602756826198, z=-0.42499131168089954, w=-0.37189028609388497)",[0. 0. 0. 0. 0. 0. 0. 0. 0.],"geometry_msgs.msg.Vector3(x=47.5, y=-38.5, z=60.75)",[0. 0. 0. 0. 0. 0. 0. 0. 0.],"geometry_msgs.msg.Vector3(x=0.4189453125, y=0.498046875, z=0.6484375)",[0. 0. 0. 0. 0. 0. 0. 0. 0.],False
1731182664363430262,"std_msgs.msg.Header(stamp=builtin_interfaces.msg.Time(sec=1731182664, nanosec=363041784), frame_id='RL_myo')","geometry_msgs.msg.Quaternion(x=0.8179386709680763, y=0.12201025320984885, z=-0.43347514672153403, w=-0.35803509020959146)",[0. 0. 0. 0. 0. 0. 0. 0. 0.],"geometry_msgs.msg.Vector3(x=-4.8125, y=-46.375, z=107.9375)",[0. 0. 0. 0. 0. 0. 0. 0. 0.],"geometry_msgs.msg.Vector3(x=0.5615234375, y=0.56494140625, z=0.66259765625)",[0. 0. 0. 0. 0. 0. 0. 0. 0.],False
1731182664384777901,"std_msgs.msg.Header(stamp=builtin_interfaces.msg.Time(sec=1731182664, nanosec=384473821), frame_id='RL_myo')","geometry_msgs.msg.Quaternion(x=0.8243201830445058, y=0.10369613438417113, z=-0.43431529857431533, w=-0.34801374823928416)",[0. 0. 0. 0. 0. 0. 0. 0. 0.],"geometry_msgs.msg.Vector3(x=-47.75, y=-23.4375, z=93.375)",[0. 0. 0. 0. 0. 0. 0. 0. 0.],"geometry_msgs.msg.Vector3(x=0.90087890625, y=0.38232421875, z=0.95556640625)",[0. 0. 0. 0. 0. 0. 0. 0. 0.],False
1731182664401121400,"std_msgs.msg.Header(stamp=builtin_interfaces.msg.Time(sec=1731182664, nanosec=400669689), frame_id='RL_myo')","geometry_msgs.msg.Quaternion(x=0.8304576049041857, y=0.10180826730708378, z=-0.4292671126922783, w=-0.34015436073284044)",[0. 0. 0. 0. 0. 0. 0. 0. 0.],"geometry_msgs.msg.Vector3(x=20.0, y=27.4375, z=35.6875)",[0. 0. 0. 0. 0. 0. 0. 0. 0.],"geometry_msgs.msg.Vector3(x=0.84033203125, y=0.27197265625, z=1.0712890625)",[0. 0. 0. 0. 0. 0. 0. 0. 0.],False
1731182664431839531,"std_msgs.msg.Header(stamp=builtin_interfaces.msg.Time(sec=1731182664, nanosec=431390587), frame_id='RL_myo')","geometry_msgs.msg.Quaternion(x=0.8318705890477429, y=0.1121246072404948, z=-0.4284173207517872, w=-0.33448168082629914)",[0. 0. 0. 0. 0. 0. 0. 0. 0.],"geometry_msgs.msg.Vector3(x=63.5, y=28.0625, z=3.0)",[0. 0. 0. 0. 0. 0. 0. 0. 0.],"geometry_msgs.msg.Vector3(x=0.58447265625, y=0.41650390625, z=0.62255859375)",[0. 0. 0. 0. 0. 0. 0. 0. 0.],False
1731182664451736489,"std_msgs.msg.Header(stamp=builtin_interfaces.msg.Time(sec=1731182664, nanosec=451332832), frame_id='RL_myo')","geometry_msgs.msg.Quaternion(x=0.8321030044210069, y=0.1238419273799034, z=-0.42950992753690503, w=-0.32831233483316924)",[0. 0. 0. 0. 0. 0. 0. 0. 0.],"geometry_msgs.msg.Vector3(x=69.4375, y=25.75, z=2.75)",[0. 0. 0. 0. 0. 0. 0. 0. 0.],"geometry_msgs.msg.Vector3(x=0.5673828125, y=0.4521484375, z=0.44921875)",[0. 0. 0. 0. 0. 0. 0. 0. 0.],False
1731182664462395781,"std_msgs.msg.Header(stamp=builtin_interfaces.msg.Time(sec=1731182664, nanosec=462023221), frame_id='RL_myo')","geometry_msgs.msg.Quaternion(x=0.8334308687145628, y=0.13018733379481234, z=-0.4296853398572334, w=-0.3222029700435135)",[0. 0. 0. 0. 0. 0. 0. 0. 0.],"geometry_msgs.msg.Vector3(x=41.3125, y=24.0, z=15.25)",[0. 0. 0. 0. 0. 0. 0. 0. 0.],"geometry_msgs.msg.Vector3(x=0.58056640625, y=0.43408203125, z=0.43115234375)",[0. 0. 0. 0. 0. 0. 0. 0. 0.],False
1731182664484271932,"std_msgs.msg.Header(stamp=builtin_interfaces.msg.Time(sec=1731182664, nanosec=483869321), frame_id='RL_myo')","geometry_msgs.msg.Quaternion(x=0.8359391738390766, y=0.1285402964445893, z=-0.42889490176454376, w=-0.31738344801133167)",[0. 0. 0. 0. 0. 0. 0. 0. 0.],"geometry_msgs.msg.Vector3(x=-1.25, y=15.1875, z=29.0625)",[0. 0. 0. 0. 0. 0. 0. 0. 0.],"geometry_msgs.msg.Vector3(x=0.59423828125, y=0.40966796875, z=0.453125)",[0. 0. 0. 0. 0. 0. 0. 0. 0.],False
1731182664506064594,"std_msgs.msg.Header(stamp=builtin_interfaces.msg.Time(sec=1731182664, nanosec=505655208), frame_id='RL_myo')","geometry_msgs.msg.Quaternion(x=0.8379418272477794, y=0.1223740522712359, z=-0.4296214234100895, w=-0.3135339184625131)",[0. 0. 0. 0. 0. 0. 0. 0. 0.],"geometry_msgs.msg.Vector3(x=-22.4375, y=3.5, z=31.75)",[0. 0. 0. 0. 0. 0. 0. 0. 0.],"geometry_msgs.msg.Vector3(x=0.7412109375, y=0.4150390625, z=0.46044921875)",[0. 0. 0. 0. 0. 0. 0. 0. 0.],False
1731182664527280329,"std_msgs.msg.Header(stamp=builtin_interfaces.msg.Time(sec=1731182664, nanosec=526934886), frame_id='RL_myo')","geometry_msgs.msg.Quaternion(x=0.8391653185669041, y=0.11694237765467949, z=-0.4299890660632657, w=-0.3118259955311887)",[0. 0. 0. 0. 0. 0. 0. 0. 0.],"geometry_msgs.msg.Vector3(x=-21.5, y=3.875, z=14.5625)",[0. 0. 0. 0. 0. 0. 0. 0. 0.],"geometry_msgs.msg.Vector3(x=0.81884765625, y=0.3798828125, z=0.5146484375)",[0. 0. 0. 0. 0. 0. 0. 0. 0.],False
1731182664549924283,"std_msgs.msg.Header(stamp=builtin_interfaces.msg.Time(sec=1731182664, nanosec=549495632), frame_id='RL_myo')","geometry_msgs.msg.Quaternion(x=0.8394631022658641, y=0.11462205220701562, z=-0.42968011050979227, w=-0.31231152350548397)",[0. 0. 0. 0. 0. 0. 0. 0. 0.],"geometry_msgs.msg.Vector3(x=-8.75, y=2.0625, z=-4.25)",[0. 0. 0. 0. 0. 0. 0. 0. 0.],"geometry_msgs.msg.Vector3(x=0.72509765625, y=0.345703125, z=0.57958984375)",[0. 0. 0. 0. 0. 0. 0. 0. 0.],False
1731182664572217715,"std_msgs.msg.Header(stamp=builtin_interfaces.msg.Time(sec=1731182664, nanosec=571892605), frame_id='RL_myo')","geometry_msgs.msg.Quaternion(x=0.8389277944971677, y=0.11566156206417845, z=-0.4306638427044027, w=-0.3120115595103326)",[0. 0. 0. 0. 0. 0. 0. 0. 0.],"geometry_msgs.msg.Vector3(x=12.5625, y=-3.25, z=-7.5625)",[0. 0. 0. 0. 0. 0. 0. 0. 0.],"geometry_msgs.msg.Vector3(x=0.68408203125, y=0.35693359375, z=0.61279296875)",[0. 0. 0. 0. 0. 0. 0. 0. 0.],False
1731182664594741063,"std_msgs.msg.Header(stamp=builtin_interfaces.msg.Time(sec=1731182664, nanosec=594412250), frame_id='RL_myo')","geometry_msgs.msg.Quaternion(x=0.8383149807930841, y=0.11749227069724695, z=-0.432066381436785, w=-0.31103408388216647)",[0. 0. 0. 0. 0. 0. 0. 0. 0.],"geometry_msgs.msg.Vector3(x=17.0, y=-3.875, z=-3.25)",[0. 0. 0. 0. 0. 0. 0. 0. 0.],"geometry_msgs.msg.Vector3(x=0.6513671875, y=0.392578125, z=0.59033203125)",[0. 0. 0. 0. 0. 0. 0. 0. 0.],False
1731182664604807207,"std_msgs.msg.Header(stamp=builtin_interfaces.msg.Time(sec=1731182664, nanosec=604415128), frame_id='RL_myo')","geometry_msgs.msg.Quaternion(x=0.8381461606741198, y=0.11840981297027327, z=-0.4329282491743032, w=-0.3099407372489936)",[0. 0. 0. 0. 0. 0. 0. 0. 0.],"geometry_msgs.msg.Vector3(x=7.8125, y=-2.125, z=4.125)",[0. 0. 0. 0. 0. 0. 0. 0. 0.],"geometry_msgs.msg.Vector3(x=0.59375, y=0.44287109375, z=0.546875)",[0. 0. 0. 0. 0. 0. 0. 0. 0.],False
1731182664624716093,"std_msgs.msg.Header(stamp=builtin_interfaces.msg.Time(sec=1731182664, nanosec=624384414), frame_id='RL_myo')","geometry_msgs.msg.Quaternion(x=0.8388512034601461, y=0.11779560700509908, z=-0.4329141142420559, w=-0.308282699991065)",[0. 0. 0. 0. 0. 0. 0. 0. 0.],"geometry_msgs.msg.Vector3(x=-0.125, y=0.0, z=12.8125)",[0. 0. 0. 0. 0. 0. 0. 0. 0.],"geometry_msgs.msg.Vector3(x=0.5458984375, y=0.43505859375, z=0.53369140625)",[0. 0. 0. 0. 0. 0. 0. 0. 0.],False
1731182664656019375,"std_msgs.msg.Header(stamp=builtin_interfaces.msg.Time(sec=1731182664, nanosec=655710435), frame_id='RL_myo')","geometry_msgs.msg.Quaternion(x=0.8397232594365064, y=0.11627219139602737, z=-0.4328011071859476, w=-0.3066412018759273)",[0. 0. 0. 0. 0. 0. 0. 0. 0.],"geometry_msgs.msg.Vector3(x=-3.375, y=-0.5, z=13.75)",[0. 0. 0. 0. 0. 0. 0. 0. 0.],"geometry_msgs.msg.Vector3(x=0.556640625, y=0.404296875, z=0.54345703125)",[0. 0. 0. 0. 0. 0. 0. 0. 0.],False
1731182664664196271,"std_msgs.msg.Header(stamp=builtin_interfaces.msg.Time(sec=1731182664, nanosec=663852277), frame_id='RL_myo')","geometry_msgs.msg.Quaternion(x=0.8402717677022734, y=0.1148072343319515, z=-0.4328617256152047, w=-0.30560330797452484)",[0. 0. 0. 0. 0. 0. 0. 0. 0.],"geometry_msgs.msg.Vector3(x=-4.125, y=-0.5625, z=8.3125)",[0. 0. 0. 0. 0. 0. 0. 0. 0.],"geometry_msgs.msg.Vector3(x=0.61328125, y=0.40087890625, z=0.552734375)",[0. 0. 0. 0. 0. 0. 0. 0. 0.],False
1731182664701682444,"std_msgs.msg.Header(stamp=builtin_interfaces.msg.Time(sec=1731182664, nanosec=701191112), frame_id='RL_myo')","geometry_msgs.msg.Quaternion(x=0.8407706704886083, y=0.1137710729430683, z=-0.4323789059703304, w=-0.3053019886594569)",[0. 0. 0. 0. 0. 0. 0. 0. 0.],"geometry_msgs.msg.Vector3(x=-4.5625, y=2.1875, z=3.625)",[0. 0. 0. 0. 0. 0. 0. 0. 0.],"geometry_msgs.msg.Vector3(x=0.62548828125, y=0.41162109375, z=0.5654296875)",[0. 0. 0. 0. 0. 0. 0. 0. 0.],False
1731182664707603695,"std_msgs.msg.Header(stamp=builtin_interfaces.msg.Time(sec=1731182664, nanosec=707105835), frame_id='RL_myo')","geometry_msgs.msg.Quaternion(x=0.8416537695207518, y=0.11285118345495794, z=-0.431080534744385, w=-0.30504608702427244)",[0. 0. 0. 0. 0. 0. 0. 0. 0.],"geometry_msgs.msg.Vector3(x=-6.8125, y=7.0625, z=4.0625)",[0. 0. 0. 0. 0. 0. 0. 0. 0.],"geometry_msgs.msg.Vector3(x=0.6025390625, y=0.41455078125, z=0.55322265625)",[0. 0. 0. 0. 0. 0. 0. 0. 0.],False
1731182664723657514,"std_msgs.msg.Header(stamp=builtin_interfaces.msg.Time(sec=1731182664, nanosec=723149831), frame_id='RL_myo')","geometry_msgs.msg.Quaternion(x=0.8430116034154145, y=0.11096112764329738, z=-0.42895203799620135, w=-0.30499051420987733)",[0. 0. 0. 0. 0. 0. 0. 0. 0.],"geometry_msgs.msg.Vector3(x=-12.1875, y=9.0, z=5.5625)",[0. 0. 0. 0. 0. 0. 0. 0. 0.],"geometry_msgs.msg.Vector3(x=0.5771484375, y=0.38720703125, z=0.5634765625)",[0. 0. 0. 0. 0. 0. 0. 0. 0.],False
1731182664746800305,"std_msgs.msg.Header(stamp=builtin_interfaces.msg.Time(sec=1731182664, nanosec=746295202), frame_id='RL_myo')","geometry_msgs.msg.Quaternion(x=0.8444412101385931, y=0.10876720176848377, z=-0.42664575777873265, w=-0.30506087230015816)",[0. 0. 0. 0. 0. 0. 0. 0. 0.],"geometry_msgs.msg.Vector3(x=-14.8125, y=10.8125, z=4.9375)",[0. 0. 0. 0. 0. 0. 0. 0. 0.],"geometry_msgs.msg.Vector3(x=0.60107421875, y=0.38427734375, z=0.5625)",[0. 0. 0. 0. 0. 0. 0. 0. 0.],False
1731182664761143661,"std_msgs.msg.Header(stamp=builtin_interfaces.msg.Time(sec=1731182664, nanosec=760623715), frame_id='RL_myo')","geometry_msgs.msg.Quaternion(x=0.8459166046737793, y=0.10712054558066834, z=-0.4243926800127561, w=-0.30469844076278996)",[0. 0. 0. 0. 0. 0. 0. 0. 0.],"geometry_msgs.msg.Vector3(x=-10.4375, y=12.625, z=5.0625)",[0. 0. 0. 0. 0. 0. 0. 0. 0.],"geometry_msgs.msg.Vector3(x=0.6025390625, y=0.35986328125, z=0.5498046875)",[0. 0. 0. 0. 0. 0. 0. 0. 0.],False
1731182664783582725,"std_msgs.msg.Header(stamp=builtin_interfaces.msg.Time(sec=1731182664, nanosec=783088528), frame_id='RL_myo')","geometry_msgs.msg.Quaternion(x=0.847582717583834, y=0.10626064026164435, z=-0.42229601951195705, w=-0.3032792196784094)",[0. 0. 0. 0. 0. 0. 0. 0. 0.],"geometry_msgs.msg.Vector3(x=-2.8125, y=14.75, z=6.5)",[0. 0. 0. 0. 0. 0. 0. 0. 0.],"geometry_msgs.msg.Vector3(x=0.6357421875, y=0.34375, z=0.57861328125)",[0. 0. 0. 0. 0. 0. 0. 0. 0.],False
1731182664813752978,"std_msgs.msg.Header(stamp=builtin_interfaces.msg.Time(sec=1731182664, nanosec=813238534), frame_id='RL_myo')","geometry_msgs.msg.Quaternion(x=0.8489697372245266, y=0.10638825594811632, z=-0.42073106612183925, w=-0.30152494801129925)",[0. 0. 0. 0. 0. 0. 0. 0. 0.],"geometry_msgs.msg.Vector3(x=4.625, y=14.6875, z=4.625)",[0. 0. 0. 0. 0. 0. 0. 0. 0.],"geometry_msgs.msg.Vector3(x=0.6533203125, y=0.32666015625, z=0.57568359375)",[0. 0. 0. 0. 0. 0. 0. 0. 0.],False
1731182664820543087,"std_msgs.msg.Header(stamp=builtin_interfaces.msg.Time(sec=1731182664, nanosec=819971849), frame_id='RL_myo')","geometry_msgs.msg.Quaternion(x=0.8499216320278073, y=0.10699552035509848, z=-0.41962019534586537, w=-0.3001733993761405)",[0. 0. 0. 0. 0. 0. 0. 0. 0.],"geometry_msgs.msg.Vector3(x=5.1875, y=12.8125, z=1.9375)",[0. 0. 0. 0. 0. 0. 0. 0. 0.],"geometry_msgs.msg.Vector3(x=0.67138671875, y=0.35888671875, z=0.5712890625)",[0. 0. 0. 0. 0. 0. 0. 0. 0.],False
1731182664844117695,"std_msgs.msg.Header(stamp=builtin_interfaces.msg.Time(sec=1731182664, nanosec=843692980), frame_id='RL_myo')","geometry_msgs.msg.Quaternion(x=0.8505057940526919, y=0.10741946160981254, z=-0.4188138327082578, w=-0.29949278302235804)",[0. 0. 0. 0. 0. 0. 0. 0. 0.],"geometry_msgs.msg.Vector3(x=2.0625, y=11.125, z=-0.25)",[0. 0. 0. 0. 0. 0. 0. 0. 0.],"geometry_msgs.msg.Vector3(x=0.67578125, y=0.38232421875, z=0.55126953125)",[0. 0. 0. 0. 0. 0. 0. 0. 0.],False
1731182664881375827,"std_msgs.msg.Header(stamp=builtin_interfaces.msg.Time(sec=1731182664, nanosec=881026161), frame_id='RL_myo')","geometry_msgs.msg.Quaternion(x=0.8508795516115462, y=0.10796972432399578, z=-0.4180851394117417, w=-0.2992513048957328)",[0. 0. 0. 0. 0. 0. 0. 0. 0.],"geometry_msgs.msg.Vector3(x=2.0625, y=8.9375, z=-2.75)",[0. 0. 0. 0. 0. 0. 0. 0. 0.],"geometry_msgs.msg.Vector3(x=0.6572265625, y=0.38525390625, z=0.5634765625)",[0. 0. 0. 0. 0. 0. 0. 0. 0.],False
1731182664884179065,"std_msgs.msg.Header(stamp=builtin_interfaces.msg.Time(sec=1731182664, nanosec=883706519), frame_id='RL_myo')","geometry_msgs.msg.Quaternion(x=0.8508457791188906, y=0.10919390952967685, z=-0.4176102453896305, w=-0.29956607488633535)",[0. 0. 0. 0. 0. 0. 0. 0. 0.],"geometry_msgs.msg.Vector3(x=3.125, y=6.375, z=-5.1875)",[0. 0. 0. 0. 0. 0. 0. 0. 0.],"geometry_msgs.msg.Vector3(x=0.63232421875, y=0.4150390625, z=0.56298828125)",[0. 0. 0. 0. 0. 0. 0. 0. 0.],False
1731182664918561638,"std_msgs.msg.Header(stamp=builtin_interfaces.msg.Time(sec=1731182664, nanosec=918099919), frame_id='RL_myo')","geometry_msgs.msg.Quaternion(x=0.850845707799198, y=0.10968219059649632, z=-0.4169998476100517, w=-0.3002374488281388)",[0. 0. 0. 0. 0. 0. 0. 0. 0.],"geometry_msgs.msg.Vector3(x=-1.8125, y=5.3125, z=-4.6875)",[0. 0. 0. 0. 0. 0. 0. 0. 0.],"geometry_msgs.msg.Vector3(x=0.619140625, y=0.42919921875, z=0.56689453125)",[0. 0. 0. 0. 0. 0. 0. 0. 0.],False
1731182664926111876,"std_msgs.msg.Header(stamp=builtin_interfaces.msg.Time(sec=1731182664, nanosec=925713009), frame_id='RL_myo')","geometry_msgs.msg.Quaternion(x=0.8512250177680869, y=0.10895143099928548, z=-0.41566344263592947, w=-0.30127969939074123)",[0. 0. 0. 0. 0. 0. 0. 0. 0.],"geometry_msgs.msg.Vector3(x=-8.6875, y=5.5, z=-3.375)",[0. 0. 0. 0. 0. 0. 0. 0. 0.],"geometry_msgs.msg.Vector3(x=0.599609375, y=0.40966796875, z=0.58447265625)",[0. 0. 0. 0. 0. 0. 0. 0. 0.],False
1731182664947336705,"std_msgs.msg.Header(stamp=builtin_interfaces.msg.Time(sec=1731182664, nanosec=946988908), frame_id='RL_myo')","geometry_msgs.msg.Quaternion(x=0.8516756597214278, y=0.10772592370706034, z=-0.41418023698363254, w=-0.3024870696273037)",[0. 0. 0. 0. 0. 0. 0. 0. 0.],"geometry_msgs.msg.Vector3(x=-10.75, y=3.6875, z=-3.0625)",[0. 0. 0. 0. 0. 0. 0. 0. 0.],"geometry_msgs.msg.Vector3(x=0.57275390625, y=0.390625, z=0.60400390625)",[0. 0. 0. 0. 0. 0. 0. 0. 0.],False
1731182664964090173,"std_msgs.msg.Header(stamp=builtin_interfaces.msg.Time(sec=1731182664, nanosec=963704582), frame_id='RL_myo')","geometry_msgs.msg.Quaternion(x=0.8519883321207501, y=0.10687238122669485, z=-0.41308525193733336, w=-0.30340525818269565)",[0. 0. 0. 0. 0. 0. 0. 0. 0.],"geometry_msgs.msg.Vector3(x=-7.625, y=1.25, z=-1.8125)",[0. 0. 0. 0. 0. 0. 0. 0. 0.],"geometry_msgs.msg.Vector3(x=0.5458984375, y=0.38818359375, z=0.6064453125)",[0. 0. 0. 0. 0. 0. 0. 0. 0.],False
1731182664986736262,"std_msgs.msg.Header(stamp=builtin_interfaces.msg.Time(sec=1731182664, nanosec=986253896), frame_id='RL_myo')","geometry_msgs.msg.Quaternion(x=0.8523565222304733, y=0.10699469985463801, z=-0.4122927538608555, w=-0.30340596290781835)",[0. 0. 0. 0. 0. 0. 0. 0. 0.],"geometry_msgs.msg.Vector3(x=-0.6875, y=0.875, z=2.625)",[0. 0. 0. 0. 0. 0. 0. 0. 0.],"geometry_msgs.msg.Vector3(x=0.5146484375, y=0.40576171875, z=0.603515625)",[0. 0. 0. 0. 0. 0. 0. 0. 0.],False
1731182665007253696,"std_msgs.msg.Header(stamp=builtin_interfaces.msg.Time(sec=1731182665, nanosec=6946687), frame_id='RL_myo')","geometry_msgs.msg.Quaternion(x=0.8528382495252194, y=0.10784836376662582, z=-0.4121064811274802, w=-0.30199983243761436)",[0. 0. 0. 0. 0. 0. 0. 0. 0.],"geometry_msgs.msg.Vector3(x=7.5625, y=0.375, z=7.3125)",[0. 0. 0. 0. 0. 0. 0. 0. 0.],"geometry_msgs.msg.Vector3(x=0.53955078125, y=0.41064453125, z=0.62939453125)",[0. 0. 0. 0. 0. 0. 0. 0. 0.],False
1731182665024225564,"std_msgs.msg.Header(stamp=builtin_interfaces.msg.Time(sec=1731182665, nanosec=23751809), frame_id='RL_myo')","geometry_msgs.msg.Quaternion(x=0.8529641113284109, y=0.10870333325766725, z=-0.41277969838383133, w=-0.3004142651848614)",[0. 0. 0. 0. 0. 0. 0. 0. 0.],"geometry_msgs.msg.Vector3(x=10.5, y=-2.0, z=6.0)",[0. 0. 0. 0. 0. 0. 0. 0. 0.],"geometry_msgs.msg.Vector3(x=0.603515625, y=0.3955078125, z=0.63134765625)",[0. 0. 0. 0. 0. 0. 0. 0. 0.],False
1731182665046420685,"std_msgs.msg.Header(stamp=builtin_interfaces.msg.Time(sec=1731182665, nanosec=46005193), frame_id='RL_myo')","geometry_msgs.msg.Quaternion(x=0.8526030292881616, y=0.1084598455898821, z=-0.4139418530053913, w=-0.2999277890988636)",[0. 0. 0. 0. 0. 0. 0. 0. 0.],"geometry_msgs.msg.Vector3(x=2.3125, y=-4.0625, z=0.75)",[0. 0. 0. 0. 0. 0. 0. 0. 0.],"geometry_msgs.msg.Vector3(x=0.6435546875, y=0.390625, z=0.58056640625)",[0. 0. 0. 0. 0. 0. 0. 0. 0.],False
1731182665067085429,"std_msgs.msg.Header(stamp=builtin_interfaces.msg.Time(sec=1731182665, nanosec=66846700), frame_id='RL_myo')","geometry_msgs.msg.Quaternion(x=0.852426163181671, y=0.10754510235759017, z=-0.4141890264464284, w=-0.3004182711714295)",[0. 0. 0. 0. 0. 0. 0. 0. 0.],"geometry_msgs.msg.Vector3(x=-5.3125, y=-0.625, z=-2.0625)",[0. 0. 0. 0. 0. 0. 0. 0. 0.],"geometry_msgs.msg.Vector3(x=0.63671875, y=0.39501953125, z=0.56005859375)",[0. 0. 0. 0. 0. 0. 0. 0. 0.],False
1731182665091190087,"std_msgs.msg.Header(stamp=builtin_interfaces.msg.Time(sec=1731182665, nanosec=90681754), frame_id='RL_myo')","geometry_msgs.msg.Quaternion(x=0.852479897853772, y=0.10632347548229905, z=-0.4138192673765715, w=-0.3012091570063983)",[0. 0. 0. 0. 0. 0. 0. 0. 0.],"geometry_msgs.msg.Vector3(x=-8.75, y=2.3125, z=-2.75)",[0. 0. 0. 0. 0. 0. 0. 0. 0.],"geometry_msgs.msg.Vector3(x=0.62939453125, y=0.38134765625, z=0.5615234375)",[0. 0. 0. 0. 0. 0. 0. 0. 0.],False
1731182665106902657,"std_msgs.msg.Header(stamp=builtin_interfaces.msg.Time(sec=1731182665, nanosec=106358067), frame_id='RL_myo')","geometry_msgs.msg.Quaternion(x=0.852381871619077, y=0.10486158649778547, z=-0.4135867928457476, w=-0.3023163200951871)",[0. 0. 0. 0. 0. 0. 0. 0. 0.],"geometry_msgs.msg.Vector3(x=-8.9375, y=0.3125, z=-5.375)",[0. 0. 0. 0. 0. 0. 0. 0. 0.],"geometry_msgs.msg.Vector3(x=0.6318359375, y=0.35400390625, z=0.56591796875)",[0. 0. 0. 0. 0. 0. 0. 0. 0.],False
1731182665127570879,"std_msgs.msg.Header(stamp=builtin_interfaces.msg.Time(sec=1731182665, nanosec=127024694), frame_id='RL_myo')","geometry_msgs.msg.Quaternion(x=0.8518212473646526, y=0.10449397932704824, z=-0.4137644193096145, w=-0.30377718172355084)",[0. 0. 0. 0. 0. 0. 0. 0. 0.],"geometry_msgs.msg.Vector3(x=-3.8125, y=-1.3125, z=-9.25)",[0. 0. 0. 0. 0. 0. 0. 0. 0.],"geometry_msgs.msg.Vector3(x=0.62353515625, y=0.37060546875, z=0.5693359375)",[0. 0. 0. 0. 0. 0. 0. 0. 0.],False
1731182665144468525,"std_msgs.msg.Header(stamp=builtin_interfaces.msg.Time(sec=1731182665, nanosec=143898102), frame_id='RL_myo')","geometry_msgs.msg.Quaternion(x=0.8510275785751679, y=0.1055926063928165, z=-0.4141305401013063, w=-0.3051199071431732)",[0. 0. 0. 0. 0. 0. 0. 0. 0.],"geometry_msgs.msg.Vector3(x=3.0625, y=-2.5625, z=-10.5625)",[0. 0. 0. 0. 0. 0. 0. 0. 0.],"geometry_msgs.msg.Vector3(x=0.587890625, y=0.39208984375, z=0.578125)",[0. 0. 0. 0. 0. 0. 0. 0. 0.],False
1731182665172367161,"std_msgs.msg.Header(stamp=builtin_interfaces.msg.Time(sec=1731182665, nanosec=171980570), frame_id='RL_myo')","geometry_msgs.msg.Quaternion(x=0.8503200958253492, y=0.10718269243193693, z=-0.4144478824674554, w=-0.30610546842036657)",[0. 0. 0. 0. 0. 0. 0. 0. 0.],"geometry_msgs.msg.Vector3(x=5.875, y=-2.8125, z=-8.0625)",[0. 0. 0. 0. 0. 0. 0. 0. 0.],"geometry_msgs.msg.Vector3(x=0.54931640625, y=0.41552734375, z=0.58251953125)",[0. 0. 0. 0. 0. 0. 0. 0. 0.],False
1731182665182619819,"std_msgs.msg.Header(stamp=builtin_interfaces.msg.Time(sec=1731182665, nanosec=182058013), frame_id='RL_myo')","geometry_msgs.msg.Quaternion(x=0.8498155484536193, y=0.10864552727482887, z=-0.4147451448496978, w=-0.30658791207947494)",[0. 0. 0. 0. 0. 0. 0. 0. 0.],"geometry_msgs.msg.Vector3(x=5.8125, y=-3.0625, z=-3.875)",[0. 0. 0. 0. 0. 0. 0. 0. 0.],"geometry_msgs.msg.Vector3(x=0.55029296875, y=0.43701171875, z=0.60546875)",[0. 0. 0. 0. 0. 0. 0. 0. 0.],False
1731182665203985308,"std_msgs.msg.Header(stamp=builtin_interfaces.msg.Time(sec=1731182665, nanosec=203746224), frame_id='RL_myo')","geometry_msgs.msg.Quaternion(x=0.8493262604037765, y=0.10956095130612854, z=-0.41541606383816765, w=-0.3067096269154852)",[0. 0. 0. 0. 0. 0. 0. 0. 0.],"geometry_msgs.msg.Vector3(x=5.4375, y=-3.5625, z=-2.5)",[0. 0. 0. 0. 0. 0. 0. 0. 0.],"geometry_msgs.msg.Vector3(x=0.591796875, y=0.42529296875, z=0.59619140625)",[0. 0. 0. 0. 0. 0. 0. 0. 0.],False
1731182665225896078,"std_msgs.msg.Header(stamp=builtin_interfaces.msg.Time(sec=1731182665, nanosec=225635088), frame_id='RL_myo')","geometry_msgs.msg.Quaternion(x=0.8488845601713617, y=0.11041358709735355, z=-0.41614142444983776, w=-0.30664337290055516)",[0. 0. 0. 0. 0. 0. 0. 0. 0.],"geometry_msgs.msg.Vector3(x=5.3125, y=-1.8125, z=-2.125)",[0. 0. 0. 0. 0. 0. 0. 0. 0.],"geometry_msgs.msg.Vector3(x=0.6083984375, y=0.41796875, z=0.57470703125)",[0. 0. 0. 0. 0. 0. 0. 0. 0.],False
1731182665254627281,"std_msgs.msg.Header(stamp=builtin_interfaces.msg.Time(sec=1731182665, nanosec=254411735), frame_id='RL_myo')","geometry_msgs.msg.Quaternion(x=0.8486612965996102, y=0.11102667566992887, z=-0.41651788607564294, w=-0.30652884288861065)",[0. 0. 0. 0. 0. 0. 0. 0. 0.],"geometry_msgs.msg.Vector3(x=3.125, y=-0.375, z=-1.0)",[0. 0. 0. 0. 0. 0. 0. 0. 0.],"geometry_msgs.msg.Vector3(x=0.5986328125, y=0.41455078125, z=0.56640625)",[0. 0. 0. 0. 0. 0. 0. 0. 0.],False
1731182665265291679,"std_msgs.msg.Header(stamp=builtin_interfaces.msg.Time(sec=1731182665, nanosec=265094604), frame_id='RL_myo')","geometry_msgs.msg.Quaternion(x=0.8487819480334163, y=0.11066026691964503, z=-0.4166392619931037, w=-0.30616210638110286)",[0. 0. 0. 0. 0. 0. 0. 0. 0.],"geometry_msgs.msg.Vector3(x=-0.8125, y=0.1875, z=2.125)",[0. 0. 0. 0. 0. 0. 0. 0. 0.],"geometry_msgs.msg.Vector3(x=0.599609375, y=0.4033203125, z=0.56884765625)",[0. 0. 0. 0. 0. 0. 0. 0. 0.],False
1731182665268561663,"std_msgs.msg.Header(stamp=builtin_interfaces.msg.Time(sec=1731182665, nanosec=268340966), frame_id='RL_myo')","geometry_msgs.msg.Quaternion(x=0.8493131990887036, y=0.10968133803538631, z=-0.4164472840375296, w=-0.30530108672955053)",[0. 0. 0. 0. 0. 0. 0. 0. 0.],"geometry_msgs.msg.Vector3(x=-3.0625, y=1.875, z=6.3125)",[0. 0. 0. 0. 0. 0. 0. 0. 0.],"geometry_msgs.msg.Vector3(x=0.5947265625, y=0.38818359375, z=0.56591796875)",[0. 0. 0. 0. 0. 0. 0. 0. 0.],False
1731182665292683557,"std_msgs.msg.Header(stamp=builtin_interfaces.msg.Time(sec=1731182665, nanosec=292299776), frame_id='RL_myo')","geometry_msgs.msg.Quaternion(x=0.8502117592928569, y=0.10906880214331194, z=-0.41607276117009373, w=-0.30352498772170694)",[0. 0. 0. 0. 0. 0. 0. 0. 0.],"geometry_msgs.msg.Vector3(x=1.3125, y=3.9375, z=10.1875)",[0. 0. 0. 0. 0. 0. 0. 0. 0.],"geometry_msgs.msg.Vector3(x=0.5908203125, y=0.37158203125, z=0.57763671875)",[0. 0. 0. 0. 0. 0. 0. 0. 0.],False
1731182665323255885,"std_msgs.msg.Header(stamp=builtin_interfaces.msg.Time(sec=1731182665, nanosec=322969526), frame_id='RL_myo')","geometry_msgs.msg.Quaternion(x=0.8513738917971825, y=0.10913015402776989, z=-0.4155856928272289, w=-0.30090137547925366)",[0. 0. 0. 0. 0. 0. 0. 0. 0.],"geometry_msgs.msg.Vector3(x=6.1875, y=6.9375, z=13.0)",[0. 0. 0. 0. 0. 0. 0. 0. 0.],"geometry_msgs.msg.Vector3(x=0.58935546875, y=0.37158203125, z=0.57958984375)",[0. 0. 0. 0. 0. 0. 0. 0. 0.],False
1731182665328556998,"std_msgs.msg.Header(stamp=builtin_interfaces.msg.Time(sec=1731182665, nanosec=328341711), frame_id='RL_myo')","geometry_msgs.msg.Quaternion(x=0.8525395992369861, y=0.10974128002778501, z=-0.4151003589927508, w=-0.29803485560382326)",[0. 0. 0. 0. 0. 0. 0. 0. 0.],"geometry_msgs.msg.Vector3(x=10.25, y=7.125, z=12.625)",[0. 0. 0. 0. 0. 0. 0. 0. 0.],"geometry_msgs.msg.Vector3(x=0.580078125, y=0.359375, z=0.587890625)",[0. 0. 0. 0. 0. 0. 0. 0. 0.],False
1731182665367485931,"std_msgs.msg.Header(stamp=builtin_interfaces.msg.Time(sec=1731182665, nanosec=367257481), frame_id='RL_myo')","geometry_msgs.msg.Quaternion(x=0.853597714529072, y=0.1097439178207559, z=-0.41462204324604834, w=-0.2956615895015248)",[0. 0. 0. 0. 0. 0. 0. 0. 0.],"geometry_msgs.msg.Vector3(x=6.0625, y=5.8125, z=11.4375)",[0. 0. 0. 0. 0. 0. 0. 0. 0.],"geometry_msgs.msg.Vector3(x=0.59521484375, y=0.36669921875, z=0.599609375)",[0. 0. 0. 0. 0. 0. 0. 0. 0.],False
1731182665383630072,"std_msgs.msg.Header(stamp=builtin_interfaces.msg.Time(sec=1731182665, nanosec=383253665), frame_id='RL_myo')","geometry_msgs.msg.Quaternion(x=0.8545776806286796, y=0.10919501968750145, z=-0.41413538769127856, w=-0.29370957782909834)",[0. 0. 0. 0. 0. 0. 0. 0. 0.],"geometry_msgs.msg.Vector3(x=2.6875, y=4.875, z=10.0)",[0. 0. 0. 0. 0. 0. 0. 0. 0.],"geometry_msgs.msg.Vector3(x=0.6103515625, y=0.3583984375, z=0.6015625)",[0. 0. 0. 0. 0. 0. 0. 0. 0.],False
1731182665396455169,"std_msgs.msg.Header(stamp=builtin_interfaces.msg.Time(sec=1731182665, nanosec=396086579), frame_id='RL_myo')","geometry_msgs.msg.Quaternion(x=0.8554337349633676, y=0.10840173480520449, z=-0.41352576199620517, w=-0.29236729150728014)",[0. 0. 0. 0. 0. 0. 0. 0. 0.],"geometry_msgs.msg.Vector3(x=-0.1875, y=4.6875, z=7.125)",[0. 0. 0. 0. 0. 0. 0. 0. 0.],"geometry_msgs.msg.Vector3(x=0.61962890625, y=0.359375, z=0.60693359375)",[0. 0. 0. 0. 0. 0. 0. 0. 0.],False
1731182665418711593,"std_msgs.msg.Header(stamp=builtin_interfaces.msg.Time(sec=1731182665, nanosec=418314884), frame_id='RL_myo')","geometry_msgs.msg.Quaternion(x=0.8561699365635578, y=0.1076697631780221, z=-0.4127951294631312, w=-0.29151405268607344)",[0. 0. 0. 0. 0. 0. 0. 0. 0.],"geometry_msgs.msg.Vector3(x=-0.8125, y=5.1875, z=4.125)",[0. 0. 0. 0. 0. 0. 0. 0. 0.],"geometry_msgs.msg.Vector3(x=0.62060546875, y=0.35498046875, z=0.60400390625)",[0. 0. 0. 0. 0. 0. 0. 0. 0.],False
1731182665442567370,"std_msgs.msg.Header(stamp=builtin_interfaces.msg.Time(sec=1731182665, nanosec=442247289), frame_id='RL_myo')","geometry_msgs.msg.Quaternion(x=0.8565851825542461, y=0.10730203441145536, z=-0.4121179387634509, w=-0.29138789094441864)",[0. 0. 0. 0. 0. 0. 0. 0. 0.],"geometry_msgs.msg.Vector3(x=-2.1875, y=4.375, z=0.5625)",[0. 0. 0. 0. 0. 0. 0. 0. 0.],"geometry_msgs.msg.Vector3(x=0.61083984375, y=0.37255859375, z=0.58837890625)",[0. 0. 0. 0. 0. 0. 0. 0. 0.],False
1731182665465780789,"std_msgs.msg.Header(stamp=builtin_interfaces.msg.Time(sec=1731182665, nanosec=465430381), frame_id='RL_myo')","geometry_msgs.msg.Quaternion(x=0.8568291223640833, y=0.10693579016824861, z=-0.41144643922612095, w=-0.2917540393859751)",[0. 0. 0. 0. 0. 0. 0. 0. 0.],"geometry_msgs.msg.Vector3(x=-3.9375, y=2.8125, z=-1.3125)",[0. 0. 0. 0. 0. 0. 0. 0. 0.],"geometry_msgs.msg.Vector3(x=0.595703125, y=0.38916015625, z=0.5927734375)",[0. 0. 0. 0. 0. 0. 0. 0. 0.],False
1731182665471341082,"std_msgs.msg.Header(stamp=builtin_interfaces.msg.Time(sec=1731182665, nanosec=470986475), frame_id='RL_myo')","geometry_msgs.msg.Quaternion(x=0.8568975107256814, y=0.10650944912146977, z=-0.41102271082176356, w=-0.2923058749815007)",[0. 0. 0. 0. 0. 0. 0. 0. 0.],"geometry_msgs.msg.Vector3(x=-4.5, y=1.5, z=-1.4375)",[0. 0. 0. 0. 0. 0. 0. 0. 0.],"geometry_msgs.msg.Vector3(x=0.59130859375, y=0.3974609375, z=0.587890625)",[0. 0. 0. 0. 0. 0. 0. 0. 0.],False
1731182665493678276,"std_msgs.msg.Header(stamp=builtin_interfaces.msg.Time(sec=1731182665, nanosec=493269836), frame_id='RL_myo')","geometry_msgs.msg.Quaternion(x=0.8569591638327615, y=0.10608226686191877, z=-0.41065678449193865, w=-0.2927943809761935)",[0. 0. 0. 0. 0. 0. 0. 0. 0.],"geometry_msgs.msg.Vector3(x=-4.5, y=0.6875, z=-0.8125)",[0. 0. 0. 0. 0. 0. 0. 0. 0.],"geometry_msgs.msg.Vector3(x=0.58984375, y=0.4013671875, z=0.5908203125)",[0. 0. 0. 0. 0. 0. 0. 0. 0.],False
1731182665516257356,"std_msgs.msg.Header(stamp=builtin_interfaces.msg.Time(sec=1731182665, nanosec=515850122), frame_id='RL_myo')","geometry_msgs.msg.Quaternion(x=0.8569170292485931, y=0.10552774526857675, z=-0.410636593503172, w=-0.29314618885192256)",[0. 0. 0. 0. 0. 0. 0. 0. 0.],"geometry_msgs.msg.Vector3(x=-4.1875, y=-0.3125, z=-0.6875)",[0. 0. 0. 0. 0. 0. 0. 0. 0.],"geometry_msgs.msg.Vector3(x=0.59765625, y=0.3974609375, z=0.57958984375)",[0. 0. 0. 0. 0. 0. 0. 0. 0.],False
1731182665538588586,"std_msgs.msg.Header(stamp=builtin_interfaces.msg.Time(sec=1731182665, nanosec=538323701), frame_id='RL_myo')","geometry_msgs.msg.Quaternion(x=0.8568550105684029, y=0.10467314930727338, z=-0.41063612159728, w=-0.29363412321708)",[0. 0. 0. 0. 0. 0. 0. 0. 0.],"geometry_msgs.msg.Vector3(x=-5.4375, y=-0.8125, z=-1.0625)",[0. 0. 0. 0. 0. 0. 0. 0. 0.],"geometry_msgs.msg.Vector3(x=0.6064453125, y=0.3857421875, z=0.58251953125)",[0. 0. 0. 0. 0. 0. 0. 0. 0.],False
1731182665561528998,"std_msgs.msg.Header(stamp=builtin_interfaces.msg.Time(sec=1731182665, nanosec=561292376), frame_id='RL_myo')","geometry_msgs.msg.Quaternion(x=0.8567460439511692, y=0.10363715769958576, z=-0.41064240106172734, w=-0.29430999671814045)",[0. 0. 0. 0. 0. 0. 0. 0. 0.],"geometry_msgs.msg.Vector3(x=-6.8125, y=-1.25, z=-1.6875)",[0. 0. 0. 0. 0. 0. 0. 0. 0.],"geometry_msgs.msg.Vector3(x=0.609375, y=0.3818359375, z=0.57568359375)",[0. 0. 0. 0. 0. 0. 0. 0. 0.],False
1731182665571440841,"std_msgs.msg.Header(stamp=builtin_interfaces.msg.Time(sec=1731182665, nanosec=571229102), frame_id='RL_myo')","geometry_msgs.msg.Quaternion(x=0.8565381387168398, y=0.10278701814288878, z=-0.41084288546305486, w=-0.29493282165465473)",[0. 0. 0. 0. 0. 0. 0. 0. 0.],"geometry_msgs.msg.Vector3(x=-5.4375, y=-2.0625, z=-1.625)",[0. 0. 0. 0. 0. 0. 0. 0. 0.],"geometry_msgs.msg.Vector3(x=0.6083984375, y=0.384765625, z=0.5810546875)",[0. 0. 0. 0. 0. 0. 0. 0. 0.],False
1731182665598963715,"std_msgs.msg.Header(stamp=builtin_interfaces.msg.Time(sec=1731182665, nanosec=598750902), frame_id='RL_myo')","geometry_msgs.msg.Quaternion(x=0.8563686757055707, y=0.10241512635121856, z=-0.4111253224683005, w=-0.29516063828038913)",[0. 0. 0. 0. 0. 0. 0. 0. 0.],"geometry_msgs.msg.Vector3(x=-2.1875, y=-2.25, z=-0.6875)",[0. 0. 0. 0. 0. 0. 0. 0. 0.],"geometry_msgs.msg.Vector3(x=0.60205078125, y=0.38818359375, z=0.59130859375)",[0. 0. 0. 0. 0. 0. 0. 0. 0.],False
1731182665614937050,"std_msgs.msg.Header(stamp=builtin_interfaces.msg.Time(sec=1731182665, nanosec=614724701), frame_id='RL_myo')","geometry_msgs.msg.Quaternion(x=0.8561423405823066, y=0.10253932645457155, z=-0.4115611180257, w=-0.29516677543708814)",[0. 0. 0. 0. 0. 0. 0. 0. 0.],"geometry_msgs.msg.Vector3(x=0.875, y=-2.0, z=0.125)",[0. 0. 0. 0. 0. 0. 0. 0. 0.],"geometry_msgs.msg.Vector3(x=0.59326171875, y=0.3984375, z=0.58349609375)",[0. 0. 0. 0. 0. 0. 0. 0. 0.],False
1731182665636192793,"std_msgs.msg.Header(stamp=builtin_interfaces.msg.Time(sec=1731182665, nanosec=635760582), frame_id='RL_myo')","geometry_msgs.msg.Quaternion(x=0.8560337881942479, y=0.10309027224670836, z=-0.41168968993726934, w=-0.29511040042204556)",[0. 0. 0. 0. 0. 0. 0. 0. 0.],"geometry_msgs.msg.Vector3(x=1.5, y=-0.625, z=0.5625)",[0. 0. 0. 0. 0. 0. 0. 0. 0.],"geometry_msgs.msg.Vector3(x=0.57275390625, y=0.41357421875, z=0.5830078125)",[0. 0. 0. 0. 0. 0. 0. 0. 0.],False
1731182665651269404,"std_msgs.msg.Header(stamp=builtin_interfaces.msg.Time(sec=1731182665, nanosec=650845966), frame_id='RL_myo')","geometry_msgs.msg.Quaternion(x=0.8560436139543489, y=0.10364078834185272, z=-0.4115723414541301, w=-0.29505275079182336)",[0. 0. 0. 0. 0. 0. 0. 0. 0.],"geometry_msgs.msg.Vector3(x=1.125, y=-0.25, z=1.4375)",[0. 0. 0. 0. 0. 0. 0. 0. 0.],"geometry_msgs.msg.Vector3(x=0.5673828125, y=0.42626953125, z=0.6005859375)",[0. 0. 0. 0. 0. 0. 0. 0. 0.],False
1731182665683358876,"std_msgs.msg.Header(stamp=builtin_interfaces.msg.Time(sec=1731182665, nanosec=682937069), frame_id='RL_myo')","geometry_msgs.msg.Quaternion(x=0.8561098130692386, y=0.10345830123715667, z=-0.4113917111141215, w=-0.29517660459167533)",[0. 0. 0. 0. 0. 0. 0. 0. 0.],"geometry_msgs.msg.Vector3(x=-3.3125, y=0.1875, z=2.3125)",[0. 0. 0. 0. 0. 0. 0. 0. 0.],"geometry_msgs.msg.Vector3(x=0.578125, y=0.4287109375, z=0.5859375)",[0. 0. 0. 0. 0. 0. 0. 0. 0.],False
1731182665688986833,"std_msgs.msg.Header(stamp=builtin_interfaces.msg.Time(sec=1731182665, nanosec=688523912), frame_id='RL_myo')","geometry_msgs.msg.Quaternion(x=0.8563908940612369, y=0.10272296163531194, z=-0.4109528821690762, w=-0.29522933180630057)",[0. 0. 0. 0. 0. 0. 0. 0. 0.],"geometry_msgs.msg.Vector3(x=-6.25, y=0.9375, z=3.25)",[0. 0. 0. 0. 0. 0. 0. 0. 0.],"geometry_msgs.msg.Vector3(x=0.58447265625, y=0.42236328125, z=0.59375)",[0. 0. 0. 0. 0. 0. 0. 0. 0.],False
1731182665718982631,"std_msgs.msg.Header(stamp=builtin_interfaces.msg.Time(sec=1731182665, nanosec=718527341), frame_id='RL_myo')","geometry_msgs.msg.Quaternion(x=0.856803443328703, y=0.10162257680170184, z=-0.4104575549498167, w=-0.2951021974992363)",[0. 0. 0. 0. 0. 0. 0. 0. 0.],"geometry_msgs.msg.Vector3(x=-6.875, y=2.1875, z=4.0625)",[0. 0. 0. 0. 0. 0. 0. 0. 0.],"geometry_msgs.msg.Vector3(x=0.59814453125, y=0.39404296875, z=0.5888671875)",[0. 0. 0. 0. 0. 0. 0. 0. 0.],False
1731182665743453714,"std_msgs.msg.Header(stamp=builtin_interfaces.msg.Time(sec=1731182665, nanosec=742963930), frame_id='RL_myo')","geometry_msgs.msg.Quaternion(x=0.8574203354260674, y=0.10034161670276585, z=-0.40978930324961677, w=-0.2946772052560545)",[0. 0. 0. 0. 0. 0. 0. 0. 0.],"geometry_msgs.msg.Vector3(x=-6.375, y=2.625, z=5.0625)",[0. 0. 0. 0. 0. 0. 0. 0. 0.],"geometry_msgs.msg.Vector3(x=0.591796875, y=0.3671875, z=0.59033203125)",[0. 0. 0. 0. 0. 0. 0. 0. 0.],False
1731182665748899888,"std_msgs.msg.Header(stamp=builtin_interfaces.msg.Time(sec=1731182665, nanosec=748486306), frame_id='RL_myo')","geometry_msgs.msg.Quaternion(x=0.8581628614283281, y=0.09906104723315622, z=-0.4092448069613755, w=-0.2937041030720565)",[0. 0. 0. 0. 0. 0. 0. 0. 0.],"geometry_msgs.msg.Vector3(x=-3.9375, y=2.4375, z=7.4375)",[0. 0. 0. 0. 0. 0. 0. 0. 0.],"geometry_msgs.msg.Vector3(x=0.587890625, y=0.34716796875, z=0.59521484375)",[0. 0. 0. 0. 0. 0. 0. 0. 0.],False
1731182665771341727,"std_msgs.msg.Header(stamp=builtin_interfaces.msg.Time(sec=1731182665, nanosec=771011026), frame_id='RL_myo')","geometry_msgs.msg.Quaternion(x=0.8590535960359896, y=0.0980816432561162, z=-0.4089278219141123, w=-0.2918646036407888)",[0. 0. 0. 0. 0. 0. 0. 0. 0.],"geometry_msgs.msg.Vector3(x=0.5, y=2.75, z=11.0625)",[0. 0. 0. 0. 0. 0. 0. 0. 0.],"geometry_msgs.msg.Vector3(x=0.59326171875, y=0.33349609375, z=0.60205078125)",[0. 0. 0. 0. 0. 0. 0. 0. 0.],False
1731182665811528339,"std_msgs.msg.Header(stamp=builtin_interfaces.msg.Time(sec=1731182665, nanosec=811012217), frame_id='RL_myo')","geometry_msgs.msg.Quaternion(x=0.8599366372078648, y=0.09735246904297994, z=-0.40875829791901985, w=-0.2897380379605177)",[0. 0. 0. 0. 0. 0. 0. 0. 0.],"geometry_msgs.msg.Vector3(x=3.625, y=2.5, z=10.625)",[0. 0. 0. 0. 0. 0. 0. 0. 0.],"geometry_msgs.msg.Vector3(x=0.6015625, y=0.3154296875, z=0.60888671875)",[0. 0. 0. 0. 0. 0. 0. 0. 0.],False
1731182665814197947,"std_msgs.msg.Header(stamp=builtin_interfaces.msg.Time(sec=1731182665, nanosec=813695127), frame_id='RL_myo')","geometry_msgs.msg.Quaternion(x=0.860523770257705, y=0.09710570384282634, z=-0.40905243692936655, w=-0.2876550485300066)",[0. 0. 0. 0. 0. 0. 0. 0. 0.],"geometry_msgs.msg.Vector3(x=6.75, y=1.125, z=8.9375)",[0. 0. 0. 0. 0. 0. 0. 0. 0.],"geometry_msgs.msg.Vector3(x=0.61669921875, y=0.31689453125, z=0.6103515625)",[0. 0. 0. 0. 0. 0. 0. 0. 0.],False
1731182665838896061,"std_msgs.msg.Header(stamp=builtin_interfaces.msg.Time(sec=1731182665, nanosec=838443696), frame_id='RL_myo')","geometry_msgs.msg.Quaternion(x=0.8610752849862853, y=0.09692284891963573, z=-0.40917555362546476, w=-0.2858857835891523)",[0. 0. 0. 0. 0. 0. 0. 0. 0.],"geometry_msgs.msg.Vector3(x=5.625, y=1.6875, z=7.0625)",[0. 0. 0. 0. 0. 0. 0. 0. 0.],"geometry_msgs.msg.Vector3(x=0.62255859375, y=0.32177734375, z=0.60888671875)",[0. 0. 0. 0. 0. 0. 0. 0. 0.],False
1731182665853856431,"std_msgs.msg.Header(stamp=builtin_interfaces.msg.Time(sec=1731182665, nanosec=853448069), frame_id='RL_myo')","geometry_msgs.msg.Quaternion(x=0.861551381472895, y=0.0965552766711618, z=-0.40898666812481366, w=-0.28484416954760566)",[0. 0. 0. 0. 0. 0. 0. 0. 0.],"geometry_msgs.msg.Vector3(x=1.5625, y=2.25, z=5.0625)",[0. 0. 0. 0. 0. 0. 0. 0. 0.],"geometry_msgs.msg.Vector3(x=0.6083984375, y=0.33642578125, z=0.6044921875)",[0. 0. 0. 0. 0. 0. 0. 0. 0.],False
1731182665868818264,"std_msgs.msg.Header(stamp=builtin_interfaces.msg.Time(sec=1731182665, nanosec=868405086), frame_id='RL_myo')","geometry_msgs.msg.Quaternion(x=0.8619958413424006, y=0.09570271749804461, z=-0.40862863115395964, w=-0.2843005472614106)",[0. 0. 0. 0. 0. 0. 0. 0. 0.],"geometry_msgs.msg.Vector3(x=-2.25, y=1.8125, z=3.4375)",[0. 0. 0. 0. 0. 0. 0. 0. 0.],"geometry_msgs.msg.Vector3(x=0.61376953125, y=0.3388671875, z=0.60791015625)",[0. 0. 0. 0. 0. 0. 0. 0. 0.],False
1731182665891429561,"std_msgs.msg.Header(stamp=builtin_interfaces.msg.Time(sec=1731182665, nanosec=890963564), frame_id='RL_myo')","geometry_msgs.msg.Quaternion(x=0.8622726286237649, y=0.09485182026483546, z=-0.4082778801489604, w=-0.28425027475761827)",[0. 0. 0. 0. 0. 0. 0. 0. 0.],"geometry_msgs.msg.Vector3(x=-3.9375, y=1.4375, z=1.3125)",[0. 0. 0. 0. 0. 0. 0. 0. 0.],"geometry_msgs.msg.Vector3(x=0.6162109375, y=0.34912109375, z=0.60302734375)",[0. 0. 0. 0. 0. 0. 0. 0. 0.],False
1731182665913805731,"std_msgs.msg.Header(stamp=builtin_interfaces.msg.Time(sec=1731182665, nanosec=913410640), frame_id='RL_myo')","geometry_msgs.msg.Quaternion(x=0.8624419097295956, y=0.09448408183024869, z=-0.4079661517786707, w=-0.2843067526907612)",[0. 0. 0. 0. 0. 0. 0. 0. 0.],"geometry_msgs.msg.Vector3(x=-2.4375, y=2.0625, z=0.375)",[0. 0. 0. 0. 0. 0. 0. 0. 0.],"geometry_msgs.msg.Vector3(x=0.60693359375, y=0.3583984375, z=0.59423828125)",[0. 0. 0. 0. 0. 0. 0. 0. 0.],False
1731182665928815066,"std_msgs.msg.Header(stamp=builtin_interfaces.msg.Time(sec=1731182665, nanosec=928388464), frame_id='RL_myo')","geometry_msgs.msg.Quaternion(x=0.8626305700346485, y=0.09448468990402858, z=-0.4074804843664695, w=-0.28443065565424624)",[0. 0. 0. 0. 0. 0. 0. 0. 0.],"geometry_msgs.msg.Vector3(x=-2.0, y=2.8125, z=-0.1875)",[0. 0. 0. 0. 0. 0. 0. 0. 0.],"geometry_msgs.msg.Vector3(x=0.5927734375, y=0.37255859375, z=0.58837890625)",[0. 0. 0. 0. 0. 0. 0. 0. 0.],False
1731182665958846962,"std_msgs.msg.Header(stamp=builtin_interfaces.msg.Time(sec=1731182665, nanosec=958433072), frame_id='RL_myo')","geometry_msgs.msg.Quaternion(x=0.8628118235970255, y=0.0943624136446662, z=-0.4068692427912968, w=-0.2847962626558942)",[0. 0. 0. 0. 0. 0. 0. 0. 0.],"geometry_msgs.msg.Vector3(x=-3.9375, y=3.125, z=-0.1875)",[0. 0. 0. 0. 0. 0. 0. 0. 0.],"geometry_msgs.msg.Vector3(x=0.58935546875, y=0.38525390625, z=0.58984375)",[0. 0. 0. 0. 0. 0. 0. 0. 0.],False
1731182665983707269,"std_msgs.msg.Header(stamp=builtin_interfaces.msg.Time(sec=1731182665, nanosec=983348753), frame_id='RL_myo')","geometry_msgs.msg.Quaternion(x=0.863042843498382, y=0.09381165844816217, z=-0.4062526991743445, w=-0.285158144612761)",[0. 0. 0. 0. 0. 0. 0. 0. 0.],"geometry_msgs.msg.Vector3(x=-5.375, y=2.1875, z=0.375)",[0. 0. 0. 0. 0. 0. 0. 0. 0.],"geometry_msgs.msg.Vector3(x=0.5888671875, y=0.37939453125, z=0.6015625)",[0. 0. 0. 0. 0. 0. 0. 0. 0.],False
1731182665996440436,"std_msgs.msg.Header(stamp=builtin_interfaces.msg.Time(sec=1731182665, nanosec=995980551), frame_id='RL_myo')","geometry_msgs.msg.Quaternion(x=0.8631868441232311, y=0.09344781914528828, z=-0.4058967977244723, w=-0.285348500655926)",[0. 0. 0. 0. 0. 0. 0. 0. 0.],"geometry_msgs.msg.Vector3(x=-3.875, y=1.0625, z=0.9375)",[0. 0. 0. 0. 0. 0. 0. 0. 0.],"geometry_msgs.msg.Vector3(x=0.58935546875, y=0.37841796875, z=0.59912109375)",[0. 0. 0. 0. 0. 0. 0. 0. 0.],False
1731182666018918334,"std_msgs.msg.Header(stamp=builtin_interfaces.msg.Time(sec=1731182666, nanosec=18466628), frame_id='RL_myo')","geometry_msgs.msg.Quaternion(x=0.8631605334239809, y=0.0935060060249992, z=-0.4059454608826826, w=-0.28533980298098643)",[0. 0. 0. 0. 0. 0. 0. 0. 0.],"geometry_msgs.msg.Vector3(x=-0.3125, y=0.0, z=0.875)",[0. 0. 0. 0. 0. 0. 0. 0. 0.],"geometry_msgs.msg.Vector3(x=0.59375, y=0.388671875, z=0.59033203125)",[0. 0. 0. 0. 0. 0. 0. 0. 0.],False
1731182666030071237,"std_msgs.msg.Header(stamp=builtin_interfaces.msg.Time(sec=1731182666, nanosec=29599339), frame_id='RL_myo')","geometry_msgs.msg.Quaternion(x=0.8629003068866283, y=0.09399253590362198, z=-0.4063040983833841, w=-0.28545655222158445)",[0. 0. 0. 0. 0. 0. 0. 0. 0.],"geometry_msgs.msg.Vector3(x=1.3125, y=-1.0625, z=-0.5625)",[0. 0. 0. 0. 0. 0. 0. 0. 0.],"geometry_msgs.msg.Vector3(x=0.6015625, y=0.39453125, z=0.58837890625)",[0. 0. 0. 0. 0. 0. 0. 0. 0.],False
1731182666056444028,"std_msgs.msg.Header(stamp=builtin_interfaces.msg.Time(sec=1731182666, nanosec=55978357), frame_id='RL_myo')","geometry_msgs.msg.Quaternion(x=0.8625506002349581, y=0.09448261598950716, z=-0.40680015217704474, w=-0.28564511810781235)",[0. 0. 0. 0. 0. 0. 0. 0. 0.],"geometry_msgs.msg.Vector3(x=1.125, y=-1.375, z=-1.3125)",[0. 0. 0. 0. 0. 0. 0. 0. 0.],"geometry_msgs.msg.Vector3(x=0.60546875, y=0.39453125, z=0.58251953125)",[0. 0. 0. 0. 0. 0. 0. 0. 0.],False
1731182666087606922,"std_msgs.msg.Header(stamp=builtin_interfaces.msg.Time(sec=1731182666, nanosec=87155098), frame_id='RL_myo')","geometry_msgs.msg.Quaternion(x=0.8623008519972581, y=0.0947261411593817, z=-0.4071026814001778, w=-0.2858874002516391)",[0. 0. 0. 0. 0. 0. 0. 0. 0.],"geometry_msgs.msg.Vector3(x=-0.8125, y=-1.125, z=-0.375)",[0. 0. 0. 0. 0. 0. 0. 0. 0.],"geometry_msgs.msg.Vector3(x=0.59375, y=0.39892578125, z=0.583984375)",[0. 0. 0. 0. 0. 0. 0. 0. 0.],False
1731182666097481795,"std_msgs.msg.Header(stamp=builtin_interfaces.msg.Time(sec=1731182666, nanosec=96984408), frame_id='RL_myo')","geometry_msgs.msg.Quaternion(x=0.8623081022326932, y=0.09466590221991131, z=-0.4072281751200827, w=-0.2857066978023242)",[0. 0. 0. 0. 0. 0. 0. 0. 0.],"geometry_msgs.msg.Vector3(x=-0.6875, y=-1.0, z=2.125)",[0. 0. 0. 0. 0. 0. 0. 0. 0.],"geometry_msgs.msg.Vector3(x=0.587890625, y=0.38134765625, z=0.595703125)",[0. 0. 0. 0. 0. 0. 0. 0. 0.],False
1731182666116440864,"std_msgs.msg.Header(stamp=builtin_interfaces.msg.Time(sec=1731182666, nanosec=116040526), frame_id='RL_myo')","geometry_msgs.msg.Quaternion(x=0.8623666832140904, y=0.09448252711553627, z=-0.4075321922160437, w=-0.2851565676251844)",[0. 0. 0. 0. 0. 0. 0. 0. 0.],"geometry_msgs.msg.Vector3(x=1.1875, y=-1.5, z=3.125)",[0. 0. 0. 0. 0. 0. 0. 0. 0.],"geometry_msgs.msg.Vector3(x=0.5947265625, y=0.3603515625, z=0.60009765625)",[0. 0. 0. 0. 0. 0. 0. 0. 0.],False
1731182666131394902,"std_msgs.msg.Header(stamp=builtin_interfaces.msg.Time(sec=1731182666, nanosec=130957216), frame_id='RL_myo')","geometry_msgs.msg.Quaternion(x=0.8623193313034211, y=0.09478920735519628, z=-0.408026948595935, w=-0.28448969445110744)",[0. 0. 0. 0. 0. 0. 0. 0. 0.],"geometry_msgs.msg.Vector3(x=4.6875, y=-2.3125, z=2.0625)",[0. 0. 0. 0. 0. 0. 0. 0. 0.],"geometry_msgs.msg.Vector3(x=0.59423828125, y=0.34814453125, z=0.6015625)",[0. 0. 0. 0. 0. 0. 0. 0. 0.],False
1731182666149370220,"std_msgs.msg.Header(stamp=builtin_interfaces.msg.Time(sec=1731182666, nanosec=148930346), frame_id='RL_myo')","geometry_msgs.msg.Quaternion(x=0.8621485884858293, y=0.09540093761439655, z=-0.40858213460701887, w=-0.2840054783875797)",[0. 0. 0. 0. 0. 0. 0. 0. 0.],"geometry_msgs.msg.Vector3(x=6.1875, y=-2.3125, z=0.0625)",[0. 0. 0. 0. 0. 0. 0. 0. 0.],"geometry_msgs.msg.Vector3(x=0.6015625, y=0.34619140625, z=0.61083984375)",[0. 0. 0. 0. 0. 0. 0. 0. 0.],False
1731182666168811593,"std_msgs.msg.Header(stamp=builtin_interfaces.msg.Time(sec=1731182666, nanosec=168421965), frame_id='RL_myo')","geometry_msgs.msg.Quaternion(x=0.8618968108703768, y=0.09588838537478664, z=-0.4091278467009515, w=-0.28381985486489997)",[0. 0. 0. 0. 0. 0. 0. 0. 0.],"geometry_msgs.msg.Vector3(x=4.4375, y=-2.125, z=-1.0625)",[0. 0. 0. 0. 0. 0. 0. 0. 0.],"geometry_msgs.msg.Vector3(x=0.60791015625, y=0.35400390625, z=0.60009765625)",[0. 0. 0. 0. 0. 0. 0. 0. 0.],False
1731182666195208757,"std_msgs.msg.Header(stamp=builtin_interfaces.msg.Time(sec=1731182666, nanosec=194637891), frame_id='RL_myo')","geometry_msgs.msg.Quaternion(x=0.8618134092486699, y=0.09564175724452306, z=-0.40923929950512267, w=-0.2839955944216757)",[0. 0. 0. 0. 0. 0. 0. 0. 0.],"geometry_msgs.msg.Vector3(x=-0.6875, y=-1.375, z=-1.0625)",[0. 0. 0. 0. 0. 0. 0. 0. 0.],"geometry_msgs.msg.Vector3(x=0.5986328125, y=0.3525390625, z=0.59033203125)",[0. 0. 0. 0. 0. 0. 0. 0. 0.],False
1731182666209423018,"std_msgs.msg.Header(stamp=builtin_interfaces.msg.Time(sec=1731182666, nanosec=208939649), frame_id='RL_myo')","geometry_msgs.msg.Quaternion(x=0.8617861995473464, y=0.09521824996769321, z=-0.4091332881624664, w=-0.28437296576889914)",[0. 0. 0. 0. 0. 0. 0. 0. 0.],"geometry_msgs.msg.Vector3(x=-2.625, y=-0.25, z=-1.5)",[0. 0. 0. 0. 0. 0. 0. 0. 0.],"geometry_msgs.msg.Vector3(x=0.59423828125, y=0.3525390625, z=0.5927734375)",[0. 0. 0. 0. 0. 0. 0. 0. 0.],False
1731182666236302095,"std_msgs.msg.Header(stamp=builtin_interfaces.msg.Time(sec=1731182666, nanosec=235893238), frame_id='RL_myo')","geometry_msgs.msg.Quaternion(x=0.8618968429799801, y=0.0949118044638389, z=-0.4087616427616264, w=-0.28467437686131486)",[0. 0. 0. 0. 0. 0. 0. 0. 0.],"geometry_msgs.msg.Vector3(x=-1.6875, y=0.5, z=-1.625)",[0. 0. 0. 0. 0. 0. 0. 0. 0.],"geometry_msgs.msg.Vector3(x=0.58935546875, y=0.341796875, z=0.607421875)",[0. 0. 0. 0. 0. 0. 0. 0. 0.],False
1731182666258918071,"std_msgs.msg.Header(stamp=builtin_interfaces.msg.Time(sec=1731182666, nanosec=258462690), frame_id='RL_myo')","geometry_msgs.msg.Quaternion(x=0.8619420792946, y=0.09497110008372735, z=-0.4085710436763952, w=-0.2847912294284523)",[0. 0. 0. 0. 0. 0. 0. 0. 0.],"geometry_msgs.msg.Vector3(x=0.6875, y=0.1875, z=-1.125)",[0. 0. 0. 0. 0. 0. 0. 0. 0.],"geometry_msgs.msg.Vector3(x=0.5927734375, y=0.3525390625, z=0.6103515625)",[0. 0. 0. 0. 0. 0. 0. 0. 0.],False
1731182666269399480,"std_msgs.msg.Header(stamp=builtin_interfaces.msg.Time(sec=1731182666, nanosec=268994390), frame_id='RL_myo')","geometry_msgs.msg.Quaternion(x=0.8618878733018304, y=0.09533806799075555, z=-0.40851324523823745, w=-0.2849155578622579)",[0. 0. 0. 0. 0. 0. 0. 0. 0.],"geometry_msgs.msg.Vector3(x=1.625, y=-0.0625, z=-1.5)",[0. 0. 0. 0. 0. 0. 0. 0. 0.],"geometry_msgs.msg.Vector3(x=0.59619140625, y=0.365234375, z=0.60791015625)",[0. 0. 0. 0. 0. 0. 0. 0. 0.],False
1731182666292635166,"std_msgs.msg.Header(stamp=builtin_interfaces.msg.Time(sec=1731182666, nanosec=292129872), frame_id='RL_myo')","geometry_msgs.msg.Quaternion(x=0.861812137900293, y=0.09551954644574777, z=-0.4085062775472139, w=-0.2850938028422286)",[0. 0. 0. 0. 0. 0. 0. 0. 0.],"geometry_msgs.msg.Vector3(x=0.0, y=0.125, z=-1.4375)",[0. 0. 0. 0. 0. 0. 0. 0. 0.],"geometry_msgs.msg.Vector3(x=0.603515625, y=0.373046875, z=0.595703125)",[0. 0. 0. 0. 0. 0. 0. 0. 0.],False
1731182666312956668,"std_msgs.msg.Header(stamp=builtin_interfaces.msg.Time(sec=1731182666, nanosec=312479347), frame_id='RL_myo')","geometry_msgs.msg.Quaternion(x=0.8617708467083685, y=0.09552173490322237, z=-0.4083325281166503, w=-0.2854665521676492)",[0. 0. 0. 0. 0. 0. 0. 0. 0.],"geometry_msgs.msg.Vector3(x=-2.125, y=1.0, z=-0.9375)",[0. 0. 0. 0. 0. 0. 0. 0. 0.],"geometry_msgs.msg.Vector3(x=0.59912109375, y=0.38916015625, z=0.59326171875)",[0. 0. 0. 0. 0. 0. 0. 0. 0.],False
1731182666333808463,"std_msgs.msg.Header(stamp=builtin_interfaces.msg.Time(sec=1731182666, nanosec=333411582), frame_id='RL_myo')","geometry_msgs.msg.Quaternion(x=0.8618924648686902, y=0.09533857588873974, z=-0.4079050593242303, w=-0.2857715827855823)",[0. 0. 0. 0. 0. 0. 0. 0. 0.],"geometry_msgs.msg.Vector3(x=-3.125, y=1.3125, z=-0.0625)",[0. 0. 0. 0. 0. 0. 0. 0. 0.],"geometry_msgs.msg.Vector3(x=0.591796875, y=0.38330078125, z=0.60107421875)",[0. 0. 0. 0. 0. 0. 0. 0. 0.],False
1731182666356408915,"std_msgs.msg.Header(stamp=builtin_interfaces.msg.Time(sec=1731182666, nanosec=355971758), frame_id='RL_myo')","geometry_msgs.msg.Quaternion(x=0.8619667561508235, y=0.0953332913055007, z=-0.40776038361847, w=-0.2857557425687287)",[0. 0. 0. 0. 0. 0. 0. 0. 0.],"geometry_msgs.msg.Vector3(x=-1.375, y=0.6875, z=1.1875)",[0. 0. 0. 0. 0. 0. 0. 0. 0.],"geometry_msgs.msg.Vector3(x=0.58544921875, y=0.38330078125, z=0.59228515625)",[0. 0. 0. 0. 0. 0. 0. 0. 0.],False
1731182666378881587,"std_msgs.msg.Header(stamp=builtin_interfaces.msg.Time(sec=1731182666, nanosec=378400584), frame_id='RL_myo')","geometry_msgs.msg.Quaternion(x=0.8620624817655539, y=0.09564230451193875, z=-0.4077767941571556, w=-0.28533999591149567)",[0. 0. 0. 0. 0. 0. 0. 0. 0.],"geometry_msgs.msg.Vector3(x=1.25, y=0.4375, z=2.6875)",[0. 0. 0. 0. 0. 0. 0. 0. 0.],"geometry_msgs.msg.Vector3(x=0.583984375, y=0.3876953125, z=0.5908203125)",[0. 0. 0. 0. 0. 0. 0. 0. 0.],False
1731182666412452749,"std_msgs.msg.Header(stamp=builtin_interfaces.msg.Time(sec=1731182666, nanosec=411968567), frame_id='RL_myo')","geometry_msgs.msg.Quaternion(x=0.8622409975488209, y=0.0955807603993384, z=-0.40771358842118804, w=-0.28491123214821945)",[0. 0. 0. 0. 0. 0. 0. 0. 0.],"geometry_msgs.msg.Vector3(x=0.0, y=0.6875, z=3.3125)",[0. 0. 0. 0. 0. 0. 0. 0. 0.],"geometry_msgs.msg.Vector3(x=0.59521484375, y=0.38232421875, z=0.60302734375)",[0. 0. 0. 0. 0. 0. 0. 0. 0.],False
1731182666424296550,"std_msgs.msg.Header(stamp=builtin_interfaces.msg.Time(sec=1731182666, nanosec=423862337), frame_id='RL_myo')","geometry_msgs.msg.Quaternion(x=0.8625450590135767, y=0.09515339279664352, z=-0.40746892258524187, w=-0.2844836201572517)",[0. 0. 0. 0. 0. 0. 0. 0. 0.],"geometry_msgs.msg.Vector3(x=-1.5625, y=1.3125, z=3.4375)",[0. 0. 0. 0. 0. 0. 0. 0. 0.],"geometry_msgs.msg.Vector3(x=0.6025390625, y=0.3681640625, z=0.60546875)",[0. 0. 0. 0. 0. 0. 0. 0. 0.],False
1731182666435092102,"std_msgs.msg.Header(stamp=builtin_interfaces.msg.Time(sec=1731182666, nanosec=434660673), frame_id='RL_myo')","geometry_msgs.msg.Quaternion(x=0.8629036499282122, y=0.09466427790625669, z=-0.40703808469169944, w=-0.2841759367708131)",[0. 0. 0. 0. 0. 0. 0. 0. 0.],"geometry_msgs.msg.Vector3(x=-2.4375, y=1.8125, z=2.8125)",[0. 0. 0. 0. 0. 0. 0. 0. 0.],"geometry_msgs.msg.Vector3(x=0.59521484375, y=0.359375, z=0.60546875)",[0. 0. 0. 0. 0. 0. 0. 0. 0.],False
1731182666449385210,"std_msgs.msg.Header(stamp=builtin_interfaces.msg.Time(sec=1731182666, nanosec=448974428), frame_id='RL_myo')","geometry_msgs.msg.Quaternion(x=0.8632132608772901, y=0.0942375220812088, z=-0.40673500463029494, w=-0.283811190205713)",[0. 0. 0. 0. 0. 0. 0. 0. 0.],"geometry_msgs.msg.Vector3(x=-1.1875, y=1.75, z=2.6875)",[0. 0. 0. 0. 0. 0. 0. 0. 0.],"geometry_msgs.msg.Vector3(x=0.59423828125, y=0.34765625, z=0.59521484375)",[0. 0. 0. 0. 0. 0. 0. 0. 0.],False
1731182666476471452,"std_msgs.msg.Header(stamp=builtin_interfaces.msg.Time(sec=1731182666, nanosec=476019226), frame_id='RL_myo')","geometry_msgs.msg.Quaternion(x=0.8634790913442905, y=0.09399574472822558, z=-0.4065621140485134, w=-0.2833300305379371)",[0. 0. 0. 0. 0. 0. 0. 0. 0.],"geometry_msgs.msg.Vector3(x=0.0, y=1.25, z=2.3125)",[0. 0. 0. 0. 0. 0. 0. 0. 0.],"geometry_msgs.msg.Vector3(x=0.59716796875, y=0.3427734375, z=0.60302734375)",[0. 0. 0. 0. 0. 0. 0. 0. 0.],False
1731182666491374816,"std_msgs.msg.Header(stamp=builtin_interfaces.msg.Time(sec=1731182666, nanosec=490945068), frame_id='RL_myo')","geometry_msgs.msg.Quaternion(x=0.8635946633096098, y=0.09387296573398683, z=-0.406559053806298, w=-0.2830227191862789)",[0. 0. 0. 0. 0. 0. 0. 0. 0.],"geometry_msgs.msg.Vector3(x=0.75, y=0.625, z=1.25)",[0. 0. 0. 0. 0. 0. 0. 0. 0.],"geometry_msgs.msg.Vector3(x=0.60205078125, y=0.34765625, z=0.59912109375)",[0. 0. 0. 0. 0. 0. 0. 0. 0.],False
1731182666510299284,"std_msgs.msg.Header(stamp=builtin_interfaces.msg.Time(sec=1731182666, nanosec=509781128), frame_id='RL_myo')","geometry_msgs.msg.Quaternion(x=0.8636160922824095, y=0.09387529506893391, z=-0.40650810478485033, w=-0.28302974202512776)",[0. 0. 0. 0. 0. 0. 0. 0. 0.],"geometry_msgs.msg.Vector3(x=-0.25, y=0.1875, z=0.6875)",[0. 0. 0. 0. 0. 0. 0. 0. 0.],"geometry_msgs.msg.Vector3(x=0.5986328125, y=0.3515625, z=0.6044921875)",[0. 0. 0. 0. 0. 0. 0. 0. 0.],False
1731182666536507158,"std_msgs.msg.Header(stamp=builtin_interfaces.msg.Time(sec=1731182666, nanosec=536056535), frame_id='RL_myo')","geometry_msgs.msg.Quaternion(x=0.8636910704242478, y=0.09351058091095035, z=-0.40651466636222544, w=-0.2829122340223596)",[0. 0. 0. 0. 0. 0. 0. 0. 0.],"geometry_msgs.msg.Vector3(x=-1.3125, y=0.0, z=1.0)",[0. 0. 0. 0. 0. 0. 0. 0. 0.],"geometry_msgs.msg.Vector3(x=0.60400390625, y=0.3583984375, z=0.599609375)",[0. 0. 0. 0. 0. 0. 0. 0. 0.],False
1731182666552879997,"std_msgs.msg.Header(stamp=builtin_interfaces.msg.Time(sec=1731182666, nanosec=552424916), frame_id='RL_myo')","geometry_msgs.msg.Quaternion(x=0.8637617491246024, y=0.0933829477219221, z=-0.406490478318955, w=-0.2827733312389968)",[0. 0. 0. 0. 0. 0. 0. 0. 0.],"geometry_msgs.msg.Vector3(x=-0.375, y=0.0625, z=1.125)",[0. 0. 0. 0. 0. 0. 0. 0. 0.],"geometry_msgs.msg.Vector3(x=0.599609375, y=0.359375, z=0.6064453125)",[0. 0. 0. 0. 0. 0. 0. 0. 0.],False
1731182666581509843,"std_msgs.msg.Header(stamp=builtin_interfaces.msg.Time(sec=1731182666, nanosec=580997483), frame_id='RL_myo')","geometry_msgs.msg.Quaternion(x=0.863878691854034, y=0.0933213593220869, z=-0.40642703186774143, w=-0.28252751622102046)",[0. 0. 0. 0. 0. 0. 0. 0. 0.],"geometry_msgs.msg.Vector3(x=0.5, y=0.125, z=1.25)",[0. 0. 0. 0. 0. 0. 0. 0. 0.],"geometry_msgs.msg.Vector3(x=0.5986328125, y=0.3564453125, z=0.60595703125)",[0. 0. 0. 0. 0. 0. 0. 0. 0.],False
1731182666597908482,"std_msgs.msg.Header(stamp=builtin_interfaces.msg.Time(sec=1731182666, nanosec=597525531), frame_id='RL_myo')","geometry_msgs.msg.Quaternion(x=0.8639071171492801, y=0.09381272001260729, z=-0.4065014413038156, w=-0.2821705950671981)",[0. 0. 0. 0. 0. 0. 0. 0. 0.],"geometry_msgs.msg.Vector3(x=3.0625, y=0.25, z=0.9375)",[0. 0. 0. 0. 0. 0. 0. 0. 0.],"geometry_msgs.msg.Vector3(x=0.59814453125, y=0.36767578125, z=0.609375)",[0. 0. 0. 0. 0. 0. 0. 0. 0.],False
1731182666618914673,"std_msgs.msg.Header(stamp=builtin_interfaces.msg.Time(sec=1731182666, nanosec=618469780), frame_id='RL_myo')","geometry_msgs.msg.Quaternion(x=0.8638839872907613, y=0.09448158911446225, z=-0.40661262705461726, w=-0.2818578672678208)",[0. 0. 0. 0. 0. 0. 0. 0. 0.],"geometry_msgs.msg.Vector3(x=3.75, y=-0.0625, z=0.875)",[0. 0. 0. 0. 0. 0. 0. 0. 0.],"geometry_msgs.msg.Vector3(x=0.58447265625, y=0.3720703125, z=0.60302734375)",[0. 0. 0. 0. 0. 0. 0. 0. 0.],False
1731182666630084286,"std_msgs.msg.Header(stamp=builtin_interfaces.msg.Time(sec=1731182666, nanosec=629617432), frame_id='RL_myo')","geometry_msgs.msg.Quaternion(x=0.8637850880869234, y=0.09491137733007109, z=-0.4069287155367099, w=-0.2815602467032913)",[0. 0. 0. 0. 0. 0. 0. 0. 0.],"geometry_msgs.msg.Vector3(x=2.75, y=-1.375, z=1.1875)",[0. 0. 0. 0. 0. 0. 0. 0. 0.],"geometry_msgs.msg.Vector3(x=0.58935546875, y=0.373046875, z=0.59765625)",[0. 0. 0. 0. 0. 0. 0. 0. 0.],False
1731182666652583307,"std_msgs.msg.Header(stamp=builtin_interfaces.msg.Time(sec=1731182666, nanosec=652172378), frame_id='RL_myo')","geometry_msgs.msg.Quaternion(x=0.8636397490827892, y=0.0952750281496985, z=-0.4072839608218694, w=-0.28136955782838574)",[0. 0. 0. 0. 0. 0. 0. 0. 0.],"geometry_msgs.msg.Vector3(x=2.125, y=-1.125, z=0.5)",[0. 0. 0. 0. 0. 0. 0. 0. 0.],"geometry_msgs.msg.Vector3(x=0.59716796875, y=0.37548828125, z=0.59326171875)",[0. 0. 0. 0. 0. 0. 0. 0. 0.],False
1731182666678936192,"std_msgs.msg.Header(stamp=builtin_interfaces.msg.Time(sec=1731182666, nanosec=678493654), frame_id='RL_myo')","geometry_msgs.msg.Quaternion(x=0.863541839016503, y=0.09576598426752145, z=-0.4075395009268583, w=-0.2811332845992376)",[0. 0. 0. 0. 0. 0. 0. 0. 0.],"geometry_msgs.msg.Vector3(x=2.75, y=-0.6875, z=0.8125)",[0. 0. 0. 0. 0. 0. 0. 0. 0.],"geometry_msgs.msg.Vector3(x=0.59716796875, y=0.3779296875, z=0.60009765625)",[0. 0. 0. 0. 0. 0. 0. 0. 0.],False
1731182666690055368,"std_msgs.msg.Header(stamp=builtin_interfaces.msg.Time(sec=1731182666, nanosec=689619437), frame_id='RL_myo')","geometry_msgs.msg.Quaternion(x=0.8635328394134102, y=0.0960701646336378, z=-0.4076573250241848, w=-0.2808862119720465)",[0. 0. 0. 0. 0. 0. 0. 0. 0.],"geometry_msgs.msg.Vector3(x=2.0625, y=-0.1875, z=0.875)",[0. 0. 0. 0. 0. 0. 0. 0. 0.],"geometry_msgs.msg.Vector3(x=0.599609375, y=0.37548828125, z=0.5986328125)",[0. 0. 0. 0. 0. 0. 0. 0. 0.],False
1731182666712560928,"std_msgs.msg.Header(stamp=builtin_interfaces.msg.Time(sec=1731182666, nanosec=712053952), frame_id='RL_myo')","geometry_msgs.msg.Quaternion(x=0.8635086023560755, y=0.09619633542893724, z=-0.4077967747466559, w=-0.280715067663504)",[0. 0. 0. 0. 0. 0. 0. 0. 0.],"geometry_msgs.msg.Vector3(x=0.75, y=-0.3125, z=1.0)",[0. 0. 0. 0. 0. 0. 0. 0. 0.],"geometry_msgs.msg.Vector3(x=0.59375, y=0.3671875, z=0.591796875)",[0. 0. 0. 0. 0. 0. 0. 0. 0.],False
1731182666731583403,"std_msgs.msg.Header(stamp=builtin_interfaces.msg.Time(sec=1731182666, nanosec=731071808), frame_id='RL_myo')","geometry_msgs.msg.Quaternion(x=0.8635941501663167, y=0.0960701952337114, z=-0.4077795262747305, w=-0.28052008722626276)",[0. 0. 0. 0. 0. 0. 0. 0. 0.],"geometry_msgs.msg.Vector3(x=0.0625, y=-0.375, z=1.25)",[0. 0. 0. 0. 0. 0. 0. 0. 0.],"geometry_msgs.msg.Vector3(x=0.58935546875, y=0.35595703125, z=0.6025390625)",[0. 0. 0. 0. 0. 0. 0. 0. 0.],False
1731182666750128148,"std_msgs.msg.Header(stamp=builtin_interfaces.msg.Time(sec=1731182666, nanosec=749668843), frame_id='RL_myo')","geometry_msgs.msg.Quaternion(x=0.863637574229111, y=0.09600720171465665, z=-0.407832245300277, w=-0.28033126349359055)",[0. 0. 0. 0. 0. 0. 0. 0. 0.],"geometry_msgs.msg.Vector3(x=1.25, y=-1.25, z=0.9375)",[0. 0. 0. 0. 0. 0. 0. 0. 0.],"geometry_msgs.msg.Vector3(x=0.591796875, y=0.349609375, z=0.60791015625)",[0. 0. 0. 0. 0. 0. 0. 0. 0.],False
1731182666772581453,"std_msgs.msg.Header(stamp=builtin_interfaces.msg.Time(sec=1731182666, nanosec=772129547), frame_id='RL_myo')","geometry_msgs.msg.Quaternion(x=0.8634792747030932, y=0.09625410448906326, z=-0.408271214284936, w=-0.2800951715284155)",[0. 0. 0. 0. 0. 0. 0. 0. 0.],"geometry_msgs.msg.Vector3(x=2.5625, y=-1.5625, z=0.125)",[0. 0. 0. 0. 0. 0. 0. 0. 0.],"geometry_msgs.msg.Vector3(x=0.603515625, y=0.3603515625, z=0.5966796875)",[0. 0. 0. 0. 0. 0. 0. 0. 0.],False
1731182666815265067,"std_msgs.msg.Header(stamp=builtin_interfaces.msg.Time(sec=1731182666, nanosec=814801990), frame_id='RL_myo')","geometry_msgs.msg.Quaternion(x=0.8632940241293365, y=0.09680319020567928, z=-0.4085753816121167, w=-0.2800334405193295)",[0. 0. 0. 0. 0. 0. 0. 0. 0.],"geometry_msgs.msg.Vector3(x=2.9375, y=-1.4375, z=-0.3125)",[0. 0. 0. 0. 0. 0. 0. 0. 0.],"geometry_msgs.msg.Vector3(x=0.59716796875, y=0.3759765625, z=0.60205078125)",[0. 0. 0. 0. 0. 0. 0. 0. 0.],False
1731182666824481118,"std_msgs.msg.Header(stamp=builtin_interfaces.msg.Time(sec=1731182666, nanosec=824011091), frame_id='RL_myo')","geometry_msgs.msg.Quaternion(x=0.863154679604526, y=0.09698435765037418, z=-0.40887238005025595, w=-0.2799668021033772)",[0. 0. 0. 0. 0. 0. 0. 0. 0.],"geometry_msgs.msg.Vector3(x=1.375, y=-1.25, z=-0.1875)",[0. 0. 0. 0. 0. 0. 0. 0. 0.],"geometry_msgs.msg.Vector3(x=0.6064453125, y=0.369140625, z=0.59228515625)",[0. 0. 0. 0. 0. 0. 0. 0. 0.],False
1731182666831916454,"std_msgs.msg.Header(stamp=builtin_interfaces.msg.Time(sec=1731182666, nanosec=831543018), frame_id='RL_myo')","geometry_msgs.msg.Quaternion(x=0.8629911232615657, y=0.09710862699689872, z=-0.4093088954375882, w=-0.2797900352946472)",[0. 0. 0. 0. 0. 0. 0. 0. 0.],"geometry_msgs.msg.Vector3(x=1.875, y=-2.125, z=0.0)",[0. 0. 0. 0. 0. 0. 0. 0. 0.],"geometry_msgs.msg.Vector3(x=0.60546875, y=0.361328125, z=0.59521484375)",[0. 0. 0. 0. 0. 0. 0. 0. 0.],False
1731182666851389829,"std_msgs.msg.Header(stamp=builtin_interfaces.msg.Time(sec=1731182666, nanosec=850930458), frame_id='RL_myo')","geometry_msgs.msg.Quaternion(x=0.8627189190912548, y=0.0976547768338173, z=-0.4099669599954692, w=-0.27947576445128086)",[0. 0. 0. 0. 0. 0. 0. 0. 0.],"geometry_msgs.msg.Vector3(x=4.875, y=-2.625, z=0.1875)",[0. 0. 0. 0. 0. 0. 0. 0. 0.],"geometry_msgs.msg.Vector3(x=0.60302734375, y=0.36376953125, z=0.591796875)",[0. 0. 0. 0. 0. 0. 0. 0. 0.],False
1731182666869343362,"std_msgs.msg.Header(stamp=builtin_interfaces.msg.Time(sec=1731182666, nanosec=868849699), frame_id='RL_myo')","geometry_msgs.msg.Quaternion(x=0.8623800365855586, y=0.09863444965123241, z=-0.41089549198768355, w=-0.2788132215388798)",[0. 0. 0. 0. 0. 0. 0. 0. 0.],"geometry_msgs.msg.Vector3(x=7.75, y=-3.0, z=0.875)",[0. 0. 0. 0. 0. 0. 0. 0. 0.],"geometry_msgs.msg.Vector3(x=0.6025390625, y=0.373046875, z=0.58642578125)",[0. 0. 0. 0. 0. 0. 0. 0. 0.],False
1731182666892367561,"std_msgs.msg.Header(stamp=builtin_interfaces.msg.Time(sec=1731182666, nanosec=891925025), frame_id='RL_myo')","geometry_msgs.msg.Quaternion(x=0.8620309398307691, y=0.0997961188574175, z=-0.41188025079501733, w=-0.27802527302479313)",[0. 0. 0. 0. 0. 0. 0. 0. 0.],"geometry_msgs.msg.Vector3(x=8.375, y=-3.375, z=1.875)",[0. 0. 0. 0. 0. 0. 0. 0. 0.],"geometry_msgs.msg.Vector3(x=0.59912109375, y=0.3818359375, z=0.58251953125)",[0. 0. 0. 0. 0. 0. 0. 0. 0.],False
1731182666915027187,"std_msgs.msg.Header(stamp=builtin_interfaces.msg.Time(sec=1731182666, nanosec=914491073), frame_id='RL_myo')","geometry_msgs.msg.Quaternion(x=0.8616940759226321, y=0.10070797742402203, z=-0.41278063716282487, w=-0.2774047014498061)",[0. 0. 0. 0. 0. 0. 0. 0. 0.],"geometry_msgs.msg.Vector3(x=7.0, y=-3.8125, z=1.8125)",[0. 0. 0. 0. 0. 0. 0. 0. 0.],"geometry_msgs.msg.Vector3(x=0.59521484375, y=0.38623046875, z=0.5869140625)",[0. 0. 0. 0. 0. 0. 0. 0. 0.],False
1731182666929887728,"std_msgs.msg.Header(stamp=builtin_interfaces.msg.Time(sec=1731182666, nanosec=929401350), frame_id='RL_myo')","geometry_msgs.msg.Quaternion(x=0.8613357666143309, y=0.10150236535428234, z=-0.4136999593333287, w=-0.2768579249831778)",[0. 0. 0. 0. 0. 0. 0. 0. 0.],"geometry_msgs.msg.Vector3(x=6.1875, y=-4.0625, z=1.375)",[0. 0. 0. 0. 0. 0. 0. 0. 0.],"geometry_msgs.msg.Vector3(x=0.59912109375, y=0.384765625, z=0.58935546875)",[0. 0. 0. 0. 0. 0. 0. 0. 0.],False
1731182666956227202,"std_msgs.msg.Header(stamp=builtin_interfaces.msg.Time(sec=1731182666, nanosec=955816589), frame_id='RL_myo')","geometry_msgs.msg.Quaternion(x=0.8610171034993818, y=0.10241629685063888, z=-0.41430382778434843, w=-0.27660945013533694)",[0. 0. 0. 0. 0. 0. 0. 0. 0.],"geometry_msgs.msg.Vector3(x=5.3125, y=-3.0, z=0.875)",[0. 0. 0. 0. 0. 0. 0. 0. 0.],"geometry_msgs.msg.Vector3(x=0.5888671875, y=0.40185546875, z=0.58935546875)",[0. 0. 0. 0. 0. 0. 0. 0. 0.],False
1731182666972733806,"std_msgs.msg.Header(stamp=builtin_interfaces.msg.Time(sec=1731182666, nanosec=972330204), frame_id='RL_myo')","geometry_msgs.msg.Quaternion(x=0.8608038488202476, y=0.10321345163121597, z=-0.41462387754633356, w=-0.27649730093992214)",[0. 0. 0. 0. 0. 0. 0. 0. 0.],"geometry_msgs.msg.Vector3(x=3.0, y=-1.9375, z=0.8125)",[0. 0. 0. 0. 0. 0. 0. 0. 0.],"geometry_msgs.msg.Vector3(x=0.58251953125, y=0.41162109375, z=0.58984375)",[0. 0. 0. 0. 0. 0. 0. 0. 0.],False
1731182666989796254,"std_msgs.msg.Header(stamp=builtin_interfaces.msg.Time(sec=1731182666, nanosec=989327068), frame_id='RL_myo')","geometry_msgs.msg.Quaternion(x=0.8606705140339491, y=0.10321210121490731, z=-0.41474052498834724, w=-0.27673782785830264)",[0. 0. 0. 0. 0. 0. 0. 0. 0.],"geometry_msgs.msg.Vector3(x=-1.0625, y=-2.125, z=0.3125)",[0. 0. 0. 0. 0. 0. 0. 0. 0.],"geometry_msgs.msg.Vector3(x=0.58447265625, y=0.3974609375, z=0.58544921875)",[0. 0. 0. 0. 0. 0. 0. 0. 0.],False
1731182667027290455,"std_msgs.msg.Header(stamp=builtin_interfaces.msg.Time(sec=1731182667, nanosec=26924197), frame_id='RL_myo')","geometry_msgs.msg.Quaternion(x=0.8606181746406052, y=0.10296899720700008, z=-0.4147447160768023, w=-0.276984771384331)",[0. 0. 0. 0. 0. 0. 0. 0. 0.],"geometry_msgs.msg.Vector3(x=-2.375, y=-1.5, z=0.0)",[0. 0. 0. 0. 0. 0. 0. 0. 0.],"geometry_msgs.msg.Vector3(x=0.5947265625, y=0.3876953125, z=0.58984375)",[0. 0. 0. 0. 0. 0. 0. 0. 0.],False
1731182667031408612,"std_msgs.msg.Header(stamp=builtin_interfaces.msg.Time(sec=1731182667, nanosec=31007554), frame_id='RL_myo')","geometry_msgs.msg.Quaternion(x=0.8605942860902798, y=0.10266096377332273, z=-0.4147942388843646, w=-0.2770991531099199)",[0. 0. 0. 0. 0. 0. 0. 0. 0.],"geometry_msgs.msg.Vector3(x=-1.4375, y=-1.0, z=0.1875)",[0. 0. 0. 0. 0. 0. 0. 0. 0.],"geometry_msgs.msg.Vector3(x=0.6025390625, y=0.373046875, z=0.58837890625)",[0. 0. 0. 0. 0. 0. 0. 0. 0.],False
1731182667049962049,"std_msgs.msg.Header(stamp=builtin_interfaces.msg.Time(sec=1731182667, nanosec=49501082), frame_id='RL_myo')","geometry_msgs.msg.Quaternion(x=0.8606784354313679, y=0.10205335394945374, z=-0.4148053788519662, w=-0.27704555835919287)",[0. 0. 0. 0. 0. 0. 0. 0. 0.],"geometry_msgs.msg.Vector3(x=-2.375, y=-1.0, z=1.125)",[0. 0. 0. 0. 0. 0. 0. 0. 0.],"geometry_msgs.msg.Vector3(x=0.60693359375, y=0.35986328125, z=0.58837890625)",[0. 0. 0. 0. 0. 0. 0. 0. 0.],False
1731182667072661955,"std_msgs.msg.Header(stamp=builtin_interfaces.msg.Time(sec=1731182667, nanosec=72182646), frame_id='RL_myo')","geometry_msgs.msg.Quaternion(x=0.8607940502105008, y=0.10125911715941437, z=-0.41480226655538277, w=-0.27698244344148426)",[0. 0. 0. 0. 0. 0. 0. 0. 0.],"geometry_msgs.msg.Vector3(x=-2.5, y=-1.0625, z=0.9375)",[0. 0. 0. 0. 0. 0. 0. 0. 0.],"geometry_msgs.msg.Vector3(x=0.61279296875, y=0.34814453125, z=0.5966796875)",[0. 0. 0. 0. 0. 0. 0. 0. 0.],False
1731182667092489750,"std_msgs.msg.Header(stamp=builtin_interfaces.msg.Time(sec=1731182667, nanosec=92021551), frame_id='RL_myo')","geometry_msgs.msg.Quaternion(x=0.8609355097194503, y=0.10083413414083885, z=-0.41468953229591954, w=-0.276866605607049)",[0. 0. 0. 0. 0. 0. 0. 0. 0.],"geometry_msgs.msg.Vector3(x=-0.875, y=-0.1875, z=1.0625)",[0. 0. 0. 0. 0. 0. 0. 0. 0.],"geometry_msgs.msg.Vector3(x=0.60595703125, y=0.3515625, z=0.59326171875)",[0. 0. 0. 0. 0. 0. 0. 0. 0.],False
1731182667108572877,"std_msgs.msg.Header(stamp=builtin_interfaces.msg.Time(sec=1731182667, nanosec=108088090), frame_id='RL_myo')","geometry_msgs.msg.Quaternion(x=0.8612165137487768, y=0.10034301549277032, z=-0.4143116722414385, w=-0.2767367592726403)",[0. 0. 0. 0. 0. 0. 0. 0. 0.],"geometry_msgs.msg.Vector3(x=-2.25, y=1.25, z=1.6875)",[0. 0. 0. 0. 0. 0. 0. 0. 0.],"geometry_msgs.msg.Vector3(x=0.60498046875, y=0.3623046875, z=0.6005859375)",[0. 0. 0. 0. 0. 0. 0. 0. 0.],False
1731182667131702659,"std_msgs.msg.Header(stamp=builtin_interfaces.msg.Time(sec=1731182667, nanosec=131259165), frame_id='RL_myo')","geometry_msgs.msg.Quaternion(x=0.8614303464493345, y=0.09967517577777675, z=-0.4138991836797943, w=-0.2769297443378892)",[0. 0. 0. 0. 0. 0. 0. 0. 0.],"geometry_msgs.msg.Vector3(x=-3.8125, y=-0.0625, z=0.5625)",[0. 0. 0. 0. 0. 0. 0. 0. 0.],"geometry_msgs.msg.Vector3(x=0.603515625, y=0.36962890625, z=0.6123046875)",[0. 0. 0. 0. 0. 0. 0. 0. 0.],False
1731182667151882853,"std_msgs.msg.Header(stamp=builtin_interfaces.msg.Time(sec=1731182667, nanosec=151484145), frame_id='RL_myo')","geometry_msgs.msg.Quaternion(x=0.8614159816014125, y=0.09881899484253433, z=-0.4138922816721589, w=-0.2772913487150299)",[0. 0. 0. 0. 0. 0. 0. 0. 0.],"geometry_msgs.msg.Vector3(x=-4.3125, y=-2.0, z=-0.4375)",[0. 0. 0. 0. 0. 0. 0. 0. 0.],"geometry_msgs.msg.Vector3(x=0.615234375, y=0.359375, z=0.60546875)",[0. 0. 0. 0. 0. 0. 0. 0. 0.],False
1731182667168543403,"std_msgs.msg.Header(stamp=builtin_interfaces.msg.Time(sec=1731182667, nanosec=168070565), frame_id='RL_myo')","geometry_msgs.msg.Quaternion(x=0.8613324936746215, y=0.09875538369937199, z=-0.4138814937363668, w=-0.277589298556702)",[0. 0. 0. 0. 0. 0. 0. 0. 0.],"geometry_msgs.msg.Vector3(x=-1.25, y=-1.0, z=-0.6875)",[0. 0. 0. 0. 0. 0. 0. 0. 0.],"geometry_msgs.msg.Vector3(x=0.59765625, y=0.37744140625, z=0.58984375)",[0. 0. 0. 0. 0. 0. 0. 0. 0.],False
1731182667205959950,"std_msgs.msg.Header(stamp=builtin_interfaces.msg.Time(sec=1731182667, nanosec=205478945), frame_id='RL_myo')","geometry_msgs.msg.Quaternion(x=0.8613221039426371, y=0.09887626193219047, z=-0.41387650133468123, w=-0.2775859501651866)",[0. 0. 0. 0. 0. 0. 0. 0. 0.],"geometry_msgs.msg.Vector3(x=0.875, y=0.0, z=0.8125)",[0. 0. 0. 0. 0. 0. 0. 0. 0.],"geometry_msgs.msg.Vector3(x=0.57958984375, y=0.39453125, z=0.5908203125)",[0. 0. 0. 0. 0. 0. 0. 0. 0.],False
1731182667212451901,"std_msgs.msg.Header(stamp=builtin_interfaces.msg.Time(sec=1731182667, nanosec=212026955), frame_id='RL_myo')","geometry_msgs.msg.Quaternion(x=0.8615558104423521, y=0.09856989471977887, z=-0.4133832179176856, w=-0.2777046569504606)",[0. 0. 0. 0. 0. 0. 0. 0. 0.],"geometry_msgs.msg.Vector3(x=-4.75, y=1.5625, z=3.0)",[0. 0. 0. 0. 0. 0. 0. 0. 0.],"geometry_msgs.msg.Vector3(x=0.57470703125, y=0.408203125, z=0.57763671875)",[0. 0. 0. 0. 0. 0. 0. 0. 0.],False
1731182667229168096,"std_msgs.msg.Header(stamp=builtin_interfaces.msg.Time(sec=1731182667, nanosec=228720343), frame_id='RL_myo')","geometry_msgs.msg.Quaternion(x=0.8621223255299196, y=0.0970459821304476, z=-0.4124759416588458, w=-0.27783227085396067)",[0. 0. 0. 0. 0. 0. 0. 0. 0.],"geometry_msgs.msg.Vector3(x=-11.4375, y=3.625, z=5.3125)",[0. 0. 0. 0. 0. 0. 0. 0. 0.],"geometry_msgs.msg.Vector3(x=0.58544921875, y=0.3935546875, z=0.56201171875)",[0. 0. 0. 0. 0. 0. 0. 0. 0.],False
1731182667251109599,"std_msgs.msg.Header(stamp=builtin_interfaces.msg.Time(sec=1731182667, nanosec=250669469), frame_id='RL_myo')","geometry_msgs.msg.Quaternion(x=0.8630310168936685, y=0.09466485906662517, z=-0.41125197962019366, w=-0.2776469657602049)",[0. 0. 0. 0. 0. 0. 0. 0. 0.],"geometry_msgs.msg.Vector3(x=-14.4375, y=5.5625, z=6.875)",[0. 0. 0. 0. 0. 0. 0. 0. 0.],"geometry_msgs.msg.Vector3(x=0.60693359375, y=0.35693359375, z=0.572265625)",[0. 0. 0. 0. 0. 0. 0. 0. 0.],False
1731182667272367574,"std_msgs.msg.Header(stamp=builtin_interfaces.msg.Time(sec=1731182667, nanosec=271971571), frame_id='RL_myo')","geometry_msgs.msg.Quaternion(x=0.8640703196642707, y=0.09240675736184968, z=-0.4099100280331456, w=-0.277159237239207)",[0. 0. 0. 0. 0. 0. 0. 0. 0.],"geometry_msgs.msg.Vector3(x=-11.5625, y=6.8125, z=6.6875)",[0. 0. 0. 0. 0. 0. 0. 0. 0.],"geometry_msgs.msg.Vector3(x=0.61669921875, y=0.32275390625, z=0.5830078125)",[0. 0. 0. 0. 0. 0. 0. 0. 0.],False
1731182667289336186,"std_msgs.msg.Header(stamp=builtin_interfaces.msg.Time(sec=1731182667, nanosec=288860679), frame_id='RL_myo')","geometry_msgs.msg.Quaternion(x=0.8649705322165498, y=0.0908856906690031, z=-0.4087109366820985, w=-0.2766245467507871)",[0. 0. 0. 0. 0. 0. 0. 0. 0.],"geometry_msgs.msg.Vector3(x=-7.125, y=7.3125, z=4.625)",[0. 0. 0. 0. 0. 0. 0. 0. 0.],"geometry_msgs.msg.Vector3(x=0.62646484375, y=0.3134765625, z=0.58642578125)",[0. 0. 0. 0. 0. 0. 0. 0. 0.],False
1731182667311687752,"std_msgs.msg.Header(stamp=builtin_interfaces.msg.Time(sec=1731182667, nanosec=311301893), frame_id='RL_myo')","geometry_msgs.msg.Quaternion(x=0.865672988881624, y=0.08978389386200866, z=-0.40772019782339763, w=-0.2762487448126793)",[0. 0. 0. 0. 0. 0. 0. 0. 0.],"geometry_msgs.msg.Vector3(x=-5.3125, y=7.0, z=2.8125)",[0. 0. 0. 0. 0. 0. 0. 0. 0.],"geometry_msgs.msg.Vector3(x=0.6318359375, y=0.31787109375, z=0.58984375)",[0. 0. 0. 0. 0. 0. 0. 0. 0.],False
1731182667332300921,"std_msgs.msg.Header(stamp=builtin_interfaces.msg.Time(sec=1731182667, nanosec=331906345), frame_id='RL_myo')","geometry_msgs.msg.Quaternion(x=0.8662074186009492, y=0.0886226868523519, z=-0.4066755940063504, w=-0.2764881346013458)",[0. 0. 0. 0. 0. 0. 0. 0. 0.],"geometry_msgs.msg.Vector3(x=-7.3125, y=5.625, z=-0.3125)",[0. 0. 0. 0. 0. 0. 0. 0. 0.],"geometry_msgs.msg.Vector3(x=0.63671875, y=0.3251953125, z=0.6005859375)",[0. 0. 0. 0. 0. 0. 0. 0. 0.],False
1731182667349364354,"std_msgs.msg.Header(stamp=builtin_interfaces.msg.Time(sec=1731182667, nanosec=348930861), frame_id='RL_myo')","geometry_msgs.msg.Quaternion(x=0.8664054897702025, y=0.08758660639804441, z=-0.4057670796754002, w=-0.2775305221546397)",[0. 0. 0. 0. 0. 0. 0. 0. 0.],"geometry_msgs.msg.Vector3(x=-7.5625, y=2.9375, z=-4.25)",[0. 0. 0. 0. 0. 0. 0. 0. 0.],"geometry_msgs.msg.Vector3(x=0.6279296875, y=0.32763671875, z=0.625)",[0. 0. 0. 0. 0. 0. 0. 0. 0.],False
1731182667371634401,"std_msgs.msg.Header(stamp=builtin_interfaces.msg.Time(sec=1731182667, nanosec=371218914), frame_id='RL_myo')","geometry_msgs.msg.Quaternion(x=0.8661622945967644, y=0.08752566629918682, z=-0.40546234395083547, w=-0.2787515467143558)",[0. 0. 0. 0. 0. 0. 0. 0. 0.],"geometry_msgs.msg.Vector3(x=-3.125, y=0.375, z=-7.125)",[0. 0. 0. 0. 0. 0. 0. 0. 0.],"geometry_msgs.msg.Vector3(x=0.623046875, y=0.34814453125, z=0.62158203125)",[0. 0. 0. 0. 0. 0. 0. 0. 0.],False
1731182667392560602,"std_msgs.msg.Header(stamp=builtin_interfaces.msg.Time(sec=1731182667, nanosec=392091134), frame_id='RL_myo')","geometry_msgs.msg.Quaternion(x=0.8656272353738185, y=0.08899199754442443, z=-0.4056521369549004, w=-0.2796716959866617)",[0. 0. 0. 0. 0. 0. 0. 0. 0.],"geometry_msgs.msg.Vector3(x=4.3125, y=-1.3125, z=-6.875)",[0. 0. 0. 0. 0. 0. 0. 0. 0.],"geometry_msgs.msg.Vector3(x=0.5947265625, y=0.38818359375, z=0.6220703125)",[0. 0. 0. 0. 0. 0. 0. 0. 0.],False
1731182667414813769,"std_msgs.msg.Header(stamp=builtin_interfaces.msg.Time(sec=1731182667, nanosec=414427625), frame_id='RL_myo')","geometry_msgs.msg.Quaternion(x=0.8648699006637353, y=0.09136981237075595, z=-0.4066170273974456, w=-0.27984675331991715)",[0. 0. 0. 0. 0. 0. 0. 0. 0.],"geometry_msgs.msg.Vector3(x=11.625, y=-5.1875, z=-4.0)",[0. 0. 0. 0. 0. 0. 0. 0. 0.],"geometry_msgs.msg.Vector3(x=0.572265625, y=0.40673828125, z=0.6259765625)",[0. 0. 0. 0. 0. 0. 0. 0. 0.],False
1731182667431019310,"std_msgs.msg.Header(stamp=builtin_interfaces.msg.Time(sec=1731182667, nanosec=430545507), frame_id='RL_myo')","geometry_msgs.msg.Quaternion(x=0.8638730537932512, y=0.09368695333987852, z=-0.40837746240855194, w=-0.27959604771985896)",[0. 0. 0. 0. 0. 0. 0. 0. 0.],"geometry_msgs.msg.Vector3(x=13.3125, y=-7.8125, z=-2.3125)",[0. 0. 0. 0. 0. 0. 0. 0. 0.],"geometry_msgs.msg.Vector3(x=0.58837890625, y=0.40673828125, z=0.59716796875)",[0. 0. 0. 0. 0. 0. 0. 0. 0.],False
1731182667452533786,"std_msgs.msg.Header(stamp=builtin_interfaces.msg.Time(sec=1731182667, nanosec=452033650), frame_id='RL_myo')","geometry_msgs.msg.Quaternion(x=0.8626920598206569, y=0.09588858256532135, z=-0.410349421124542, w=-0.27960890944095296)",[0. 0. 0. 0. 0. 0. 0. 0. 0.],"geometry_msgs.msg.Vector3(x=11.875, y=-8.75, z=-3.6875)",[0. 0. 0. 0. 0. 0. 0. 0. 0.],"geometry_msgs.msg.Vector3(x=0.60205078125, y=0.4150390625, z=0.583984375)",[0. 0. 0. 0. 0. 0. 0. 0. 0.],False
1731182667474867208,"std_msgs.msg.Header(stamp=builtin_interfaces.msg.Time(sec=1731182667, nanosec=474473028), frame_id='RL_myo')","geometry_msgs.msg.Quaternion(x=0.8616883957800259, y=0.09728936838598677, z=-0.41192342988520997, w=-0.2799052970000849)",[0. 0. 0. 0. 0. 0. 0. 0. 0.],"geometry_msgs.msg.Vector3(x=7.75, y=-7.8125, z=-4.25)",[0. 0. 0. 0. 0. 0. 0. 0. 0.],"geometry_msgs.msg.Vector3(x=0.6064453125, y=0.3994140625, z=0.58984375)",[0. 0. 0. 0. 0. 0. 0. 0. 0.],False
1731182667491680446,"std_msgs.msg.Header(stamp=builtin_interfaces.msg.Time(sec=1731182667, nanosec=491272375), frame_id='RL_myo')","geometry_msgs.msg.Quaternion(x=0.8607931058031862, y=0.09839030607351175, z=-0.41315383487072027, w=-0.28046120124552515)",[0. 0. 0. 0. 0. 0. 0. 0. 0.],"geometry_msgs.msg.Vector3(x=5.4375, y=-7.6875, z=-4.125)",[0. 0. 0. 0. 0. 0. 0. 0. 0.],"geometry_msgs.msg.Vector3(x=0.58984375, y=0.39697265625, z=0.59130859375)",[0. 0. 0. 0. 0. 0. 0. 0. 0.],False
1731182667512435864,"std_msgs.msg.Header(stamp=builtin_interfaces.msg.Time(sec=1731182667, nanosec=512010664), frame_id='RL_myo')","geometry_msgs.msg.Quaternion(x=0.8597695233592302, y=0.09930746943812775, z=-0.41468650729111245, w=-0.2810151132717518)",[0. 0. 0. 0. 0. 0. 0. 0. 0.],"geometry_msgs.msg.Vector3(x=5.3125, y=-9.5, z=-4.5625)",[0. 0. 0. 0. 0. 0. 0. 0. 0.],"geometry_msgs.msg.Vector3(x=0.58447265625, y=0.38671875, z=0.58251953125)",[0. 0. 0. 0. 0. 0. 0. 0. 0.],False
1731182667535013507,"std_msgs.msg.Header(stamp=builtin_interfaces.msg.Time(sec=1731182667, nanosec=534497732), frame_id='RL_myo')","geometry_msgs.msg.Quaternion(x=0.8586506069567044, y=0.10034273513198905, z=-0.4165078008155068, w=-0.2813747013129376)",[0. 0. 0. 0. 0. 0. 0. 0. 0.],"geometry_msgs.msg.Vector3(x=7.625, y=-10.3125, z=-4.6875)",[0. 0. 0. 0. 0. 0. 0. 0. 0.],"geometry_msgs.msg.Vector3(x=0.58984375, y=0.37353515625, z=0.56787109375)",[0. 0. 0. 0. 0. 0. 0. 0. 0.],False
1731182667551853871,"std_msgs.msg.Header(stamp=builtin_interfaces.msg.Time(sec=1731182667, nanosec=551399483), frame_id='RL_myo')","geometry_msgs.msg.Quaternion(x=0.8574876793945788, y=0.10199031335101012, z=-0.4185814296596214, w=-0.2812515642857299)",[0. 0. 0. 0. 0. 0. 0. 0. 0.],"geometry_msgs.msg.Vector3(x=12.1875, y=-9.75, z=-3.875)",[0. 0. 0. 0. 0. 0. 0. 0. 0.],"geometry_msgs.msg.Vector3(x=0.6025390625, y=0.37646484375, z=0.5654296875)",[0. 0. 0. 0. 0. 0. 0. 0. 0.],False
1731182667574485158,"std_msgs.msg.Header(stamp=builtin_interfaces.msg.Time(sec=1731182667, nanosec=573964220), frame_id='RL_myo')","geometry_msgs.msg.Quaternion(x=0.8564113928215826, y=0.10400719929926425, z=-0.4206065788563556, w=-0.280770608436981)",[0. 0. 0. 0. 0. 0. 0. 0. 0.],"geometry_msgs.msg.Vector3(x=13.5, y=-8.3125, z=-2.1875)",[0. 0. 0. 0. 0. 0. 0. 0. 0.],"geometry_msgs.msg.Vector3(x=0.60546875, y=0.3994140625, z=0.55517578125)",[0. 0. 0. 0. 0. 0. 0. 0. 0.],False
1731182667588863546,"std_msgs.msg.Header(stamp=builtin_interfaces.msg.Time(sec=1731182667, nanosec=588252283), frame_id='RL_myo')","geometry_msgs.msg.Quaternion(x=0.855603214491893, y=0.10589753011438396, z=-0.4223083636088891, w=-0.2799723173686912)",[0. 0. 0. 0. 0. 0. 0. 0. 0.],"geometry_msgs.msg.Vector3(x=12.8125, y=-6.9375, z=0.6875)",[0. 0. 0. 0. 0. 0. 0. 0. 0.],"geometry_msgs.msg.Vector3(x=0.6044921875, y=0.41552734375, z=0.564453125)",[0. 0. 0. 0. 0. 0. 0. 0. 0.],False
1731182667624955025,"std_msgs.msg.Header(stamp=builtin_interfaces.msg.Time(sec=1731182667, nanosec=624539028), frame_id='RL_myo')","geometry_msgs.msg.Quaternion(x=0.8551599265782994, y=0.10681106784041282, z=-0.4237042473989404, w=-0.2788684394073407)",[0. 0. 0. 0. 0. 0. 0. 0. 0.],"geometry_msgs.msg.Vector3(x=9.0, y=-6.3125, z=4.4375)",[0. 0. 0. 0. 0. 0. 0. 0. 0.],"geometry_msgs.msg.Vector3(x=0.6044921875, y=0.40087890625, z=0.57275390625)",[0. 0. 0. 0. 0. 0. 0. 0. 0.],False
1731182667657254165,"std_msgs.msg.Header(stamp=builtin_interfaces.msg.Time(sec=1731182667, nanosec=656827989), frame_id='RL_myo')","geometry_msgs.msg.Quaternion(x=0.854939391986412, y=0.10724127305776582, z=-0.4248756412948821, w=-0.2775943710112231)",[0. 0. 0. 0. 0. 0. 0. 0. 0.],"geometry_msgs.msg.Vector3(x=7.375, y=-5.5, z=6.125)",[0. 0. 0. 0. 0. 0. 0. 0. 0.],"geometry_msgs.msg.Vector3(x=0.6083984375, y=0.39501953125, z=0.58251953125)",[0. 0. 0. 0. 0. 0. 0. 0. 0.],False
1731182667661874675,"std_msgs.msg.Header(stamp=builtin_interfaces.msg.Time(sec=1731182667, nanosec=661540429), frame_id='RL_myo')","geometry_msgs.msg.Quaternion(x=0.8549307940840873, y=0.10748433842950508, z=-0.4257869079410718, w=-0.2761267161016928)",[0. 0. 0. 0. 0. 0. 0. 0. 0.],"geometry_msgs.msg.Vector3(x=6.75, y=-3.875, z=6.75)",[0. 0. 0. 0. 0. 0. 0. 0. 0.],"geometry_msgs.msg.Vector3(x=0.61376953125, y=0.376953125, z=0.5791015625)",[0. 0. 0. 0. 0. 0. 0. 0. 0.],False
1731182667671727575,"std_msgs.msg.Header(stamp=builtin_interfaces.msg.Time(sec=1731182667, nanosec=671183016), frame_id='RL_myo')","geometry_msgs.msg.Quaternion(x=0.8551000910122719, y=0.10766570739083853, z=-0.4263903808573684, w=-0.2745963818318495)",[0. 0. 0. 0. 0. 0. 0. 0. 0.],"geometry_msgs.msg.Vector3(x=6.4375, y=-2.25, z=6.625)",[0. 0. 0. 0. 0. 0. 0. 0. 0.],"geometry_msgs.msg.Vector3(x=0.6123046875, y=0.36669921875, z=0.57421875)",[0. 0. 0. 0. 0. 0. 0. 0. 0.],False
1731182667694349577,"std_msgs.msg.Header(stamp=builtin_interfaces.msg.Time(sec=1731182667, nanosec=693813623), frame_id='RL_myo')","geometry_msgs.msg.Quaternion(x=0.8555169940300764, y=0.10784750862888957, z=-0.42656832926276694, w=-0.27294513785421287)",[0. 0. 0. 0. 0. 0. 0. 0. 0.],"geometry_msgs.msg.Vector3(x=6.9375, y=0.4375, z=6.9375)",[0. 0. 0. 0. 0. 0. 0. 0. 0.],"geometry_msgs.msg.Vector3(x=0.607421875, y=0.349609375, z=0.57666015625)",[0. 0. 0. 0. 0. 0. 0. 0. 0.],False
1731182667708423410,"std_msgs.msg.Header(stamp=builtin_interfaces.msg.Time(sec=1731182667, nanosec=707782774), frame_id='RL_myo')","geometry_msgs.msg.Quaternion(x=0.8559802362792642, y=0.1077910080768098, z=-0.4264641978667441, w=-0.27167484538498327)",[0. 0. 0. 0. 0. 0. 0. 0. 0.],"geometry_msgs.msg.Vector3(x=4.125, y=1.1875, z=5.9375)",[0. 0. 0. 0. 0. 0. 0. 0. 0.],"geometry_msgs.msg.Vector3(x=0.603515625, y=0.34814453125, z=0.5732421875)",[0. 0. 0. 0. 0. 0. 0. 0. 0.],False
1731182667744404296,"std_msgs.msg.Header(stamp=builtin_interfaces.msg.Time(sec=1731182667, nanosec=744012377), frame_id='RL_myo')","geometry_msgs.msg.Quaternion(x=0.8562826752791329, y=0.10754651606257269, z=-0.4264628307203152, w=-0.27081946184428773)",[0. 0. 0. 0. 0. 0. 0. 0. 0.],"geometry_msgs.msg.Vector3(x=2.9375, y=0.5, z=3.1875)",[0. 0. 0. 0. 0. 0. 0. 0. 0.],"geometry_msgs.msg.Vector3(x=0.61669921875, y=0.337890625, z=0.5751953125)",[0. 0. 0. 0. 0. 0. 0. 0. 0.],False
1731182667755705579,"std_msgs.msg.Header(stamp=builtin_interfaces.msg.Time(sec=1731182667, nanosec=755249775), frame_id='RL_myo')","geometry_msgs.msg.Quaternion(x=0.8563268629202402, y=0.10748336461885552, z=-0.4263934044448181, w=-0.27081413334120497)",[0. 0. 0. 0. 0. 0. 0. 0. 0.],"geometry_msgs.msg.Vector3(x=0.375, y=0.9375, z=0.875)",[0. 0. 0. 0. 0. 0. 0. 0. 0.],"geometry_msgs.msg.Vector3(x=0.6220703125, y=0.35107421875, z=0.5810546875)",[0. 0. 0. 0. 0. 0. 0. 0. 0.],False
1731182667775386036,"std_msgs.msg.Header(stamp=builtin_interfaces.msg.Time(sec=1731182667, nanosec=774799084), frame_id='RL_myo')","geometry_msgs.msg.Quaternion(x=0.8565364793548133, y=0.10705943025642004, z=-0.42591830349446924, w=-0.2710666646344136)",[0. 0. 0. 0. 0. 0. 0. 0. 0.],"geometry_msgs.msg.Vector3(x=-2.625, y=0.9375, z=-0.8125)",[0. 0. 0. 0. 0. 0. 0. 0. 0.],"geometry_msgs.msg.Vector3(x=0.61865234375, y=0.3720703125, z=0.58935546875)",[0. 0. 0. 0. 0. 0. 0. 0. 0.],False
1731182667792075693,"std_msgs.msg.Header(stamp=builtin_interfaces.msg.Time(sec=1731182667, nanosec=791490990), frame_id='RL_myo')","geometry_msgs.msg.Quaternion(x=0.856682767184847, y=0.10638344707916703, z=-0.42541171895685265, w=-0.27166536026928995)",[0. 0. 0. 0. 0. 0. 0. 0. 0.],"geometry_msgs.msg.Vector3(x=-5.5, y=1.1875, z=-1.4375)",[0. 0. 0. 0. 0. 0. 0. 0. 0.],"geometry_msgs.msg.Vector3(x=0.62109375, y=0.38134765625, z=0.57080078125)",[0. 0. 0. 0. 0. 0. 0. 0. 0.],False
1731182667821482876,"std_msgs.msg.Header(stamp=builtin_interfaces.msg.Time(sec=1731182667, nanosec=820888717), frame_id='RL_myo')","geometry_msgs.msg.Quaternion(x=0.8567498260158294, y=0.10583487912740958, z=-0.42486539423638875, w=-0.2725217619976262)",[0. 0. 0. 0. 0. 0. 0. 0. 0.],"geometry_msgs.msg.Vector3(x=-6.125, y=1.125, z=-2.5625)",[0. 0. 0. 0. 0. 0. 0. 0. 0.],"geometry_msgs.msg.Vector3(x=0.61962890625, y=0.39453125, z=0.57763671875)",[0. 0. 0. 0. 0. 0. 0. 0. 0.],False
1731182667834751399,"std_msgs.msg.Header(stamp=builtin_interfaces.msg.Time(sec=1731182667, nanosec=834232114), frame_id='RL_myo')","geometry_msgs.msg.Quaternion(x=0.8566411303552347, y=0.10571445940685903, z=-0.42444477523977925, w=-0.2735636299431537)",[0. 0. 0. 0. 0. 0. 0. 0. 0.],"geometry_msgs.msg.Vector3(x=-4.4375, y=0.375, z=-3.6875)",[0. 0. 0. 0. 0. 0. 0. 0. 0.],"geometry_msgs.msg.Vector3(x=0.611328125, y=0.4091796875, z=0.57666015625)",[0. 0. 0. 0. 0. 0. 0. 0. 0.],False
1731182667851668988,"std_msgs.msg.Header(stamp=builtin_interfaces.msg.Time(sec=1731182667, nanosec=851212493), frame_id='RL_myo')","geometry_msgs.msg.Quaternion(x=0.8563394624711325, y=0.10602007457678952, z=-0.4243854798689796, w=-0.2744802967022582)",[0. 0. 0. 0. 0. 0. 0. 0. 0.],"geometry_msgs.msg.Vector3(x=-3.125, y=-0.375, z=-3.5)",[0. 0. 0. 0. 0. 0. 0. 0. 0.],"geometry_msgs.msg.Vector3(x=0.609375, y=0.43017578125, z=0.56103515625)",[0. 0. 0. 0. 0. 0. 0. 0. 0.],False
1731182667874028671,"std_msgs.msg.Header(stamp=builtin_interfaces.msg.Time(sec=1731182667, nanosec=873583392), frame_id='RL_myo')","geometry_msgs.msg.Quaternion(x=0.8560334150707858, y=0.10650825734748813, z=-0.4244460868736003, w=-0.2751514178352301)",[0. 0. 0. 0. 0. 0. 0. 0. 0.],"geometry_msgs.msg.Vector3(x=-1.8125, y=-0.4375, z=-2.25)",[0. 0. 0. 0. 0. 0. 0. 0. 0.],"geometry_msgs.msg.Vector3(x=0.6064453125, y=0.4326171875, z=0.55126953125)",[0. 0. 0. 0. 0. 0. 0. 0. 0.],False
1731182667894995135,"std_msgs.msg.Header(stamp=builtin_interfaces.msg.Time(sec=1731182667, nanosec=894586486), frame_id='RL_myo')","geometry_msgs.msg.Quaternion(x=0.8559749809417414, y=0.10656961756448093, z=-0.4245084136088, w=-0.27521329072064404)",[0. 0. 0. 0. 0. 0. 0. 0. 0.],"geometry_msgs.msg.Vector3(x=0.625, y=-0.6875, z=-0.4375)",[0. 0. 0. 0. 0. 0. 0. 0. 0.],"geometry_msgs.msg.Vector3(x=0.61279296875, y=0.423828125, z=0.552734375)",[0. 0. 0. 0. 0. 0. 0. 0. 0.],False
1731182667911700344,"std_msgs.msg.Header(stamp=builtin_interfaces.msg.Time(sec=1731182667, nanosec=911312733), frame_id='RL_myo')","geometry_msgs.msg.Quaternion(x=0.8557244146786218, y=0.10742332167149603, z=-0.425115588319301, w=-0.2747229379792066)",[0. 0. 0. 0. 0. 0. 0. 0. 0.],"geometry_msgs.msg.Vector3(x=3.625, y=-0.875, z=2.3125)",[0. 0. 0. 0. 0. 0. 0. 0. 0.],"geometry_msgs.msg.Vector3(x=0.61572265625, y=0.4296875, z=0.53955078125)",[0. 0. 0. 0. 0. 0. 0. 0. 0.],False
1731182667934320695,"std_msgs.msg.Header(stamp=builtin_interfaces.msg.Time(sec=1731182667, nanosec=933874095), frame_id='RL_myo')","geometry_msgs.msg.Quaternion(x=0.8556032543351795, y=0.10821690468941884, z=-0.42578743774020633, w=-0.27374665399438436)",[0. 0. 0. 0. 0. 0. 0. 0. 0.],"geometry_msgs.msg.Vector3(x=4.8125, y=-1.0, z=5.25)",[0. 0. 0. 0. 0. 0. 0. 0. 0.],"geometry_msgs.msg.Vector3(x=0.61669921875, y=0.43310546875, z=0.5478515625)",[0. 0. 0. 0. 0. 0. 0. 0. 0.],False
1731182667948088141,"std_msgs.msg.Header(stamp=builtin_interfaces.msg.Time(sec=1731182667, nanosec=947608225), frame_id='RL_myo')","geometry_msgs.msg.Quaternion(x=0.8555569182021108, y=0.10858498662206999, z=-0.42652719871558464, w=-0.27259165275669733)",[0. 0. 0. 0. 0. 0. 0. 0. 0.],"geometry_msgs.msg.Vector3(x=4.0, y=-1.8125, z=6.6875)",[0. 0. 0. 0. 0. 0. 0. 0. 0.],"geometry_msgs.msg.Vector3(x=0.6201171875, y=0.41943359375, z=0.5546875)",[0. 0. 0. 0. 0. 0. 0. 0. 0.],False
1731182667972027100,"std_msgs.msg.Header(stamp=builtin_interfaces.msg.Time(sec=1731182667, nanosec=971415377), frame_id='RL_myo')","geometry_msgs.msg.Quaternion(x=0.855534467039894, y=0.10882627914190847, z=-0.42737050283322664, w=-0.2712417187361981)",[0. 0. 0. 0. 0. 0. 0. 0. 0.],"geometry_msgs.msg.Vector3(x=4.9375, y=-2.5625, z=7.1875)",[0. 0. 0. 0. 0. 0. 0. 0. 0.],"geometry_msgs.msg.Vector3(x=0.62646484375, y=0.400390625, z=0.55712890625)",[0. 0. 0. 0. 0. 0. 0. 0. 0.],False
1731182667994119724,"std_msgs.msg.Header(stamp=builtin_interfaces.msg.Time(sec=1731182667, nanosec=993609517), frame_id='RL_myo')","geometry_msgs.msg.Quaternion(x=0.8555209777502253, y=0.10931283949137857, z=-0.42827928236236934, w=-0.2696505443176497)",[0. 0. 0. 0. 0. 0. 0. 0. 0.],"geometry_msgs.msg.Vector3(x=7.8125, y=-2.75, z=7.0625)",[0. 0. 0. 0. 0. 0. 0. 0. 0.],"geometry_msgs.msg.Vector3(x=0.62744140625, y=0.3896484375, z=0.57080078125)",[0. 0. 0. 0. 0. 0. 0. 0. 0.],False
1731182668014874937,"std_msgs.msg.Header(stamp=builtin_interfaces.msg.Time(sec=1731182668, nanosec=14457122), frame_id='RL_myo')","geometry_msgs.msg.Quaternion(x=0.8554647266057224, y=0.11016793889293157, z=-0.4293192699018729, w=-0.2678210060178303)",[0. 0. 0. 0. 0. 0. 0. 0. 0.],"geometry_msgs.msg.Vector3(x=10.5, y=-2.875, z=7.1875)",[0. 0. 0. 0. 0. 0. 0. 0. 0.],"geometry_msgs.msg.Vector3(x=0.6240234375, y=0.3837890625, z=0.56494140625)",[0. 0. 0. 0. 0. 0. 0. 0. 0.],False
1731182668031683476,"std_msgs.msg.Header(stamp=builtin_interfaces.msg.Time(sec=1731182668, nanosec=31120952), frame_id='RL_myo')","geometry_msgs.msg.Quaternion(x=0.8553616928755626, y=0.11120800659478201, z=-0.43042747667749875, w=-0.26593484343219825)",[0. 0. 0. 0. 0. 0. 0. 0. 0.],"geometry_msgs.msg.Vector3(x=11.9375, y=-3.5625, z=7.0)",[0. 0. 0. 0. 0. 0. 0. 0. 0.],"geometry_msgs.msg.Vector3(x=0.62646484375, y=0.38330078125, z=0.5693359375)",[0. 0. 0. 0. 0. 0. 0. 0. 0.],False
1731182668053560766,"std_msgs.msg.Header(stamp=builtin_interfaces.msg.Time(sec=1731182668, nanosec=53060071), frame_id='RL_myo')","geometry_msgs.msg.Quaternion(x=0.8551420729277258, y=0.11224083021298178, z=-0.43169080592518766, w=-0.26415351449797997)",[0. 0. 0. 0. 0. 0. 0. 0. 0.],"geometry_msgs.msg.Vector3(x=11.875, y=-4.625, z=6.625)",[0. 0. 0. 0. 0. 0. 0. 0. 0.],"geometry_msgs.msg.Vector3(x=0.619140625, y=0.384765625, z=0.56396484375)",[0. 0. 0. 0. 0. 0. 0. 0. 0.],False
1731182668075008601,"std_msgs.msg.Header(stamp=builtin_interfaces.msg.Time(sec=1731182668, nanosec=74584129), frame_id='RL_myo')","geometry_msgs.msg.Quaternion(x=0.8547844621050587, y=0.11358471145858723, z=-0.433159966266305, w=-0.2623251423154261)",[0. 0. 0. 0. 0. 0. 0. 0. 0.],"geometry_msgs.msg.Vector3(x=13.625, y=-5.0625, z=5.9375)",[0. 0. 0. 0. 0. 0. 0. 0. 0.],"geometry_msgs.msg.Vector3(x=0.6220703125, y=0.3798828125, z=0.5498046875)",[0. 0. 0. 0. 0. 0. 0. 0. 0.],False
1731182668090956716,"std_msgs.msg.Header(stamp=builtin_interfaces.msg.Time(sec=1731182668, nanosec=90501935), frame_id='RL_myo')","geometry_msgs.msg.Quaternion(x=0.8543077262684605, y=0.11541729730468378, z=-0.43475272802816634, w=-0.2604365984130543)",[0. 0. 0. 0. 0. 0. 0. 0. 0.],"geometry_msgs.msg.Vector3(x=16.3125, y=-4.75, z=4.6875)",[0. 0. 0. 0. 0. 0. 0. 0. 0.],"geometry_msgs.msg.Vector3(x=0.62890625, y=0.38720703125, z=0.5439453125)",[0. 0. 0. 0. 0. 0. 0. 0. 0.],False
1731182668113557012,"std_msgs.msg.Header(stamp=builtin_interfaces.msg.Time(sec=1731182668, nanosec=113087246), frame_id='RL_myo')","geometry_msgs.msg.Quaternion(x=0.8537431495723126, y=0.11742935514563407, z=-0.4362708059152767, w=-0.25884505986103645)",[0. 0. 0. 0. 0. 0. 0. 0. 0.],"geometry_msgs.msg.Vector3(x=16.0625, y=-4.9375, z=3.4375)",[0. 0. 0. 0. 0. 0. 0. 0. 0.],"geometry_msgs.msg.Vector3(x=0.62841796875, y=0.3994140625, z=0.54150390625)",[0. 0. 0. 0. 0. 0. 0. 0. 0.],False
1731182668136685406,"std_msgs.msg.Header(stamp=builtin_interfaces.msg.Time(sec=1731182668, nanosec=136224038), frame_id='RL_myo')","geometry_msgs.msg.Quaternion(x=0.8531357511832335, y=0.1193218195423681, z=-0.4377371303109279, w=-0.2575032003320977)",[0. 0. 0. 0. 0. 0. 0. 0. 0.],"geometry_msgs.msg.Vector3(x=14.3125, y=-4.5, z=2.5625)",[0. 0. 0. 0. 0. 0. 0. 0. 0.],"geometry_msgs.msg.Vector3(x=0.630859375, y=0.41015625, z=0.52978515625)",[0. 0. 0. 0. 0. 0. 0. 0. 0.],False
1731182668150958415,"std_msgs.msg.Header(stamp=builtin_interfaces.msg.Time(sec=1731182668, nanosec=150471791), frame_id='RL_myo')","geometry_msgs.msg.Quaternion(x=0.8525423813928764, y=0.12103318601818971, z=-0.4390275880125258, w=-0.2564707249866027)",[0. 0. 0. 0. 0. 0. 0. 0. 0.],"geometry_msgs.msg.Vector3(x=12.5, y=-4.375, z=1.0625)",[0. 0. 0. 0. 0. 0. 0. 0. 0.],"geometry_msgs.msg.Vector3(x=0.6318359375, y=0.40576171875, z=0.53466796875)",[0. 0. 0. 0. 0. 0. 0. 0. 0.],False
1731182668174031905,"std_msgs.msg.Header(stamp=builtin_interfaces.msg.Time(sec=1731182668, nanosec=173562979), frame_id='RL_myo')","geometry_msgs.msg.Quaternion(x=0.8519888764439784, y=0.122619503744964, z=-0.44012406247134667, w=-0.2556760085553281)",[0. 0. 0. 0. 0. 0. 0. 0. 0.],"geometry_msgs.msg.Vector3(x=12.125, y=-3.9375, z=-0.1875)",[0. 0. 0. 0. 0. 0. 0. 0. 0.],"geometry_msgs.msg.Vector3(x=0.6279296875, y=0.392578125, z=0.53759765625)",[0. 0. 0. 0. 0. 0. 0. 0. 0.],False
1731182668194930190,"std_msgs.msg.Header(stamp=builtin_interfaces.msg.Time(sec=1731182668, nanosec=194520825), frame_id='RL_myo')","geometry_msgs.msg.Quaternion(x=0.8512075033603811, y=0.12469646704182265, z=-0.441473101377143, w=-0.2549472064775787)",[0. 0. 0. 0. 0. 0. 0. 0. 0.],"geometry_msgs.msg.Vector3(x=14.6875, y=-5.3125, z=-1.8125)",[0. 0. 0. 0. 0. 0. 0. 0. 0.],"geometry_msgs.msg.Vector3(x=0.630859375, y=0.40234375, z=0.53857421875)",[0. 0. 0. 0. 0. 0. 0. 0. 0.],False
1731182668211703681,"std_msgs.msg.Header(stamp=builtin_interfaces.msg.Time(sec=1731182668, nanosec=211267191), frame_id='RL_myo')","geometry_msgs.msg.Quaternion(x=0.8504696223262551, y=0.12713709080706112, z=-0.4426909839767711, w=-0.2540910749062868)",[0. 0. 0. 0. 0. 0. 0. 0. 0.],"geometry_msgs.msg.Vector3(x=16.5625, y=-3.9375, z=-2.375)",[0. 0. 0. 0. 0. 0. 0. 0. 0.],"geometry_msgs.msg.Vector3(x=0.63134765625, y=0.40478515625, z=0.52783203125)",[0. 0. 0. 0. 0. 0. 0. 0. 0.],False
1731182668234393877,"std_msgs.msg.Header(stamp=builtin_interfaces.msg.Time(sec=1731182668, nanosec=233912020), frame_id='RL_myo')","geometry_msgs.msg.Quaternion(x=0.849771046164674, y=0.12951333476703572, z=-0.44383646108665586, w=-0.2532284759417678)",[0. 0. 0. 0. 0. 0. 0. 0. 0.],"geometry_msgs.msg.Vector3(x=15.375, y=-3.1875, z=-1.4375)",[0. 0. 0. 0. 0. 0. 0. 0. 0.],"geometry_msgs.msg.Vector3(x=0.63916015625, y=0.427734375, z=0.53369140625)",[0. 0. 0. 0. 0. 0. 0. 0. 0.],False
1731182668254629747,"std_msgs.msg.Header(stamp=builtin_interfaces.msg.Time(sec=1731182668, nanosec=254135378), frame_id='RL_myo')","geometry_msgs.msg.Quaternion(x=0.8491880224748543, y=0.1311654611010179, z=-0.44470523479851853, w=-0.2528093717451913)",[0. 0. 0. 0. 0. 0. 0. 0. 0.],"geometry_msgs.msg.Vector3(x=9.5, y=-3.0625, z=-1.25)",[0. 0. 0. 0. 0. 0. 0. 0. 0.],"geometry_msgs.msg.Vector3(x=0.6376953125, y=0.4365234375, z=0.52294921875)",[0. 0. 0. 0. 0. 0. 0. 0. 0.],False
1731182668271812980,"std_msgs.msg.Header(stamp=builtin_interfaces.msg.Time(sec=1731182668, nanosec=271337909), frame_id='RL_myo')","geometry_msgs.msg.Quaternion(x=0.8488126752684422, y=0.13189646877508476, z=-0.44531079878899504, w=-0.25262354662659686)",[0. 0. 0. 0. 0. 0. 0. 0. 0.],"geometry_msgs.msg.Vector3(x=4.125, y=-2.0625, z=-0.4375)",[0. 0. 0. 0. 0. 0. 0. 0. 0.],"geometry_msgs.msg.Vector3(x=0.64208984375, y=0.43310546875, z=0.51953125)",[0. 0. 0. 0. 0. 0. 0. 0. 0.],False
1731182668294197180,"std_msgs.msg.Header(stamp=builtin_interfaces.msg.Time(sec=1731182668, nanosec=293709601), frame_id='RL_myo')","geometry_msgs.msg.Quaternion(x=0.84863120176946, y=0.1322629325542592, z=-0.44561682998553137, w=-0.2525019621490403)",[0. 0. 0. 0. 0. 0. 0. 0. 0.],"geometry_msgs.msg.Vector3(x=2.375, y=-1.125, z=0.1875)",[0. 0. 0. 0. 0. 0. 0. 0. 0.],"geometry_msgs.msg.Vector3(x=0.64208984375, y=0.4248046875, z=0.5224609375)",[0. 0. 0. 0. 0. 0. 0. 0. 0.],False
1731182668315202732,"std_msgs.msg.Header(stamp=builtin_interfaces.msg.Time(sec=1731182668, nanosec=314691423), frame_id='RL_myo')","geometry_msgs.msg.Quaternion(x=0.8485327053127341, y=0.13257179081709528, z=-0.4458123205009502, w=-0.25232586705242716)",[0. 0. 0. 0. 0. 0. 0. 0. 0.],"geometry_msgs.msg.Vector3(x=2.3125, y=-0.75, z=0.0625)",[0. 0. 0. 0. 0. 0. 0. 0. 0.],"geometry_msgs.msg.Vector3(x=0.638671875, y=0.421875, z=0.52783203125)",[0. 0. 0. 0. 0. 0. 0. 0. 0.],False
1731182668337457186,"std_msgs.msg.Header(stamp=builtin_interfaces.msg.Time(sec=1731182668, nanosec=336990753), frame_id='RL_myo')","geometry_msgs.msg.Quaternion(x=0.8483493643871322, y=0.13318212195789067, z=-0.44611738285528085, w=-0.2520816515518279)",[0. 0. 0. 0. 0. 0. 0. 0. 0.],"geometry_msgs.msg.Vector3(x=3.875, y=-0.6875, z=-0.125)",[0. 0. 0. 0. 0. 0. 0. 0. 0.],"geometry_msgs.msg.Vector3(x=0.64013671875, y=0.42529296875, z=0.5234375)",[0. 0. 0. 0. 0. 0. 0. 0. 0.],False
1731182668354439953,"std_msgs.msg.Header(stamp=builtin_interfaces.msg.Time(sec=1731182668, nanosec=353937749), frame_id='RL_myo')","geometry_msgs.msg.Quaternion(x=0.8481935498966983, y=0.13366509853016975, z=-0.44634377422426097, w=-0.2519495555856351)",[0. 0. 0. 0. 0. 0. 0. 0. 0.],"geometry_msgs.msg.Vector3(x=2.9375, y=-1.0625, z=-0.25)",[0. 0. 0. 0. 0. 0. 0. 0. 0.],"geometry_msgs.msg.Vector3(x=0.638671875, y=0.4267578125, z=0.53271484375)",[0. 0. 0. 0. 0. 0. 0. 0. 0.],False
1731182668374561741,"std_msgs.msg.Header(stamp=builtin_interfaces.msg.Time(sec=1731182668, nanosec=374146147), frame_id='RL_myo')","geometry_msgs.msg.Quaternion(x=0.8480166955843248, y=0.1337271181823273, z=-0.44659120207215375, w=-0.25207348155774156)",[0. 0. 0. 0. 0. 0. 0. 0. 0.],"geometry_msgs.msg.Vector3(x=0.25, y=-2.0, z=-0.5)",[0. 0. 0. 0. 0. 0. 0. 0. 0.],"geometry_msgs.msg.Vector3(x=0.64208984375, y=0.4296875, z=0.533203125)",[0. 0. 0. 0. 0. 0. 0. 0. 0.],False
1731182668391025989,"std_msgs.msg.Header(stamp=builtin_interfaces.msg.Time(sec=1731182668, nanosec=390586482), frame_id='RL_myo')","geometry_msgs.msg.Quaternion(x=0.8478468174000106, y=0.13379023999286035, z=-0.44672024019513906, w=-0.25238259232229815)",[0. 0. 0. 0. 0. 0. 0. 0. 0.],"geometry_msgs.msg.Vector3(x=-0.875, y=-1.0625, z=-0.9375)",[0. 0. 0. 0. 0. 0. 0. 0. 0.],"geometry_msgs.msg.Vector3(x=0.640625, y=0.43359375, z=0.52001953125)",[0. 0. 0. 0. 0. 0. 0. 0. 0.],False
1731182668419715749,"std_msgs.msg.Header(stamp=builtin_interfaces.msg.Time(sec=1731182668, nanosec=419203838), frame_id='RL_myo')","geometry_msgs.msg.Quaternion(x=0.8477124929425419, y=0.13409348023578116, z=-0.4467137832706793, w=-0.2526841184233655)",[0. 0. 0. 0. 0. 0. 0. 0. 0.],"geometry_msgs.msg.Vector3(x=-0.125, y=-0.125, z=-1.5625)",[0. 0. 0. 0. 0. 0. 0. 0. 0.],"geometry_msgs.msg.Vector3(x=0.63037109375, y=0.4326171875, z=0.51220703125)",[0. 0. 0. 0. 0. 0. 0. 0. 0.],False
1731182668434712541,"std_msgs.msg.Header(stamp=builtin_interfaces.msg.Time(sec=1731182668, nanosec=434191022), frame_id='RL_myo')","geometry_msgs.msg.Quaternion(x=0.8475988460360501, y=0.13421688359136416, z=-0.4467182223761684, w=-0.25299180649668235)",[0. 0. 0. 0. 0. 0. 0. 0. 0.],"geometry_msgs.msg.Vector3(x=-0.875, y=0.0, z=-1.25)",[0. 0. 0. 0. 0. 0. 0. 0. 0.],"geometry_msgs.msg.Vector3(x=0.63232421875, y=0.4345703125, z=0.51513671875)",[0. 0. 0. 0. 0. 0. 0. 0. 0.],False
1731182668464992694,"std_msgs.msg.Header(stamp=builtin_interfaces.msg.Time(sec=1731182668, nanosec=464516960), frame_id='RL_myo')","geometry_msgs.msg.Quaternion(x=0.8475292811621736, y=0.13421553285867924, z=-0.44671372669062, w=-0.253233399650141)",[0. 0. 0. 0. 0. 0. 0. 0. 0.],"geometry_msgs.msg.Vector3(x=-1.6875, y=-0.4375, z=-0.375)",[0. 0. 0. 0. 0. 0. 0. 0. 0.],"geometry_msgs.msg.Vector3(x=0.63330078125, y=0.4404296875, z=0.52099609375)",[0. 0. 0. 0. 0. 0. 0. 0. 0.],False
1731182668487393473,"std_msgs.msg.Header(stamp=builtin_interfaces.msg.Time(sec=1731182668, nanosec=487016361), frame_id='RL_myo')","geometry_msgs.msg.Quaternion(x=0.8474566066335238, y=0.13415265548293018, z=-0.4467686251751815, w=-0.253413023460021)",[0. 0. 0. 0. 0. 0. 0. 0. 0.],"geometry_msgs.msg.Vector3(x=-1.875, y=0.0, z=0.125)",[0. 0. 0. 0. 0. 0. 0. 0. 0.],"geometry_msgs.msg.Vector3(x=0.6396484375, y=0.439453125, z=0.509765625)",[0. 0. 0. 0. 0. 0. 0. 0. 0.],False
1731182668497583350,"std_msgs.msg.Header(stamp=builtin_interfaces.msg.Time(sec=1731182668, nanosec=497089958), frame_id='RL_myo')","geometry_msgs.msg.Quaternion(x=0.8474262950641246, y=0.13415751919842595, z=-0.44678482280822474, w=-0.25348324714789033)",[0. 0. 0. 0. 0. 0. 0. 0. 0.],"geometry_msgs.msg.Vector3(x=-1.0, y=0.5, z=-0.25)",[0. 0. 0. 0. 0. 0. 0. 0. 0.],"geometry_msgs.msg.Vector3(x=0.63330078125, y=0.43359375, z=0.5185546875)",[0. 0. 0. 0. 0. 0. 0. 0. 0.],False
1731182668510434758,"std_msgs.msg.Header(stamp=builtin_interfaces.msg.Time(sec=1731182668, nanosec=509909691), frame_id='RL_myo')","geometry_msgs.msg.Quaternion(x=0.8474193544526853, y=0.13421745609633068, z=-0.4467811635403095, w=-0.2534811710632384)",[0. 0. 0. 0. 0. 0. 0. 0. 0.],"geometry_msgs.msg.Vector3(x=-0.5625, y=0.0625, z=-0.875)",[0. 0. 0. 0. 0. 0. 0. 0. 0.],"geometry_msgs.msg.Vector3(x=0.63671875, y=0.4365234375, z=0.52392578125)",[0. 0. 0. 0. 0. 0. 0. 0. 0.],False
1731182668533677699,"std_msgs.msg.Header(stamp=builtin_interfaces.msg.Time(sec=1731182668, nanosec=533128450), frame_id='RL_myo')","geometry_msgs.msg.Quaternion(x=0.8474124108549194, y=0.1342773915212347, z=-0.4467775026979264, w=-0.2534790940853126)",[0. 0. 0. 0. 0. 0. 0. 0. 0.],"geometry_msgs.msg.Vector3(x=-0.4375, y=-0.4375, z=-1.0)",[0. 0. 0. 0. 0. 0. 0. 0. 0.],"geometry_msgs.msg.Vector3(x=0.63623046875, y=0.439453125, z=0.5234375)",[0. 0. 0. 0. 0. 0. 0. 0. 0.],False
1731182668556888051,"std_msgs.msg.Header(stamp=builtin_interfaces.msg.Time(sec=1731182668, nanosec=556421474), frame_id='RL_myo')","geometry_msgs.msg.Quaternion(x=0.8472823470171281, y=0.13433715932752477, z=-0.44683432232476555, w=-0.2537818757309623)",[0. 0. 0. 0. 0. 0. 0. 0. 0.],"geometry_msgs.msg.Vector3(x=-0.9375, y=-1.0625, z=-0.8125)",[0. 0. 0. 0. 0. 0. 0. 0. 0.],"geometry_msgs.msg.Vector3(x=0.63671875, y=0.43701171875, z=0.52197265625)",[0. 0. 0. 0. 0. 0. 0. 0. 0.],False
1731182668572091775,"std_msgs.msg.Header(stamp=builtin_interfaces.msg.Time(sec=1731182668, nanosec=571518758), frame_id='RL_myo')","geometry_msgs.msg.Quaternion(x=0.8471088175644221, y=0.13433867767557411, z=-0.44702247855334154, w=-0.2540288852729393)",[0. 0. 0. 0. 0. 0. 0. 0. 0.],"geometry_msgs.msg.Vector3(x=-0.75, y=-1.3125, z=-0.875)",[0. 0. 0. 0. 0. 0. 0. 0. 0.],"geometry_msgs.msg.Vector3(x=0.63525390625, y=0.431640625, z=0.51513671875)",[0. 0. 0. 0. 0. 0. 0. 0. 0.],False
1731182668594290963,"std_msgs.msg.Header(stamp=builtin_interfaces.msg.Time(sec=1731182668, nanosec=593865609), frame_id='RL_myo')","geometry_msgs.msg.Quaternion(x=0.8469242998034435, y=0.1345215592942339, z=-0.4471438037157702, w=-0.25433363774005113)",[0. 0. 0. 0. 0. 0. 0. 0. 0.],"geometry_msgs.msg.Vector3(x=0.0, y=-1.0, z=-1.5625)",[0. 0. 0. 0. 0. 0. 0. 0. 0.],"geometry_msgs.msg.Vector3(x=0.640625, y=0.43212890625, z=0.52294921875)",[0. 0. 0. 0. 0. 0. 0. 0. 0.],False
1731182668616907057,"std_msgs.msg.Header(stamp=builtin_interfaces.msg.Time(sec=1731182668, nanosec=616334650), frame_id='RL_myo')","geometry_msgs.msg.Quaternion(x=0.8466759009951863, y=0.13476502230373208, z=-0.44726362474716874, w=-0.2548206377346383)",[0. 0. 0. 0. 0. 0. 0. 0. 0.],"geometry_msgs.msg.Vector3(x=-0.6875, y=-1.0625, z=-2.375)",[0. 0. 0. 0. 0. 0. 0. 0. 0.],"geometry_msgs.msg.Vector3(x=0.63232421875, y=0.4423828125, z=0.51904296875)",[0. 0. 0. 0. 0. 0. 0. 0. 0.],False
1731182668630521105,"std_msgs.msg.Header(stamp=builtin_interfaces.msg.Time(sec=1731182668, nanosec=630041872), frame_id='RL_myo')","geometry_msgs.msg.Quaternion(x=0.846458020755651, y=0.13483023996605373, z=-0.4473385372164816, w=-0.255377874159334)",[0. 0. 0. 0. 0. 0. 0. 0. 0.],"geometry_msgs.msg.Vector3(x=-1.375, y=-1.375, z=-2.375)",[0. 0. 0. 0. 0. 0. 0. 0. 0.],"geometry_msgs.msg.Vector3(x=0.6337890625, y=0.4365234375, z=0.52001953125)",[0. 0. 0. 0. 0. 0. 0. 0. 0.],False
1731182668653617323,"std_msgs.msg.Header(stamp=builtin_interfaces.msg.Time(sec=1731182668, nanosec=653136612), frame_id='RL_myo')","geometry_msgs.msg.Quaternion(x=0.8462435923764696, y=0.13494731934687157, z=-0.4475050861380653, w=-0.2557346305126151)",[0. 0. 0. 0. 0. 0. 0. 0. 0.],"geometry_msgs.msg.Vector3(x=-0.5625, y=-1.5625, z=-1.625)",[0. 0. 0. 0. 0. 0. 0. 0. 0.],"geometry_msgs.msg.Vector3(x=0.63720703125, y=0.43408203125, z=0.5224609375)",[0. 0. 0. 0. 0. 0. 0. 0. 0.],False
1731182668676189179,"std_msgs.msg.Header(stamp=builtin_interfaces.msg.Time(sec=1731182668, nanosec=675685863), frame_id='RL_myo')","geometry_msgs.msg.Quaternion(x=0.8460741425556408, y=0.13525467464314672, z=-0.4476954144889356, w=-0.2557997930638213)",[0. 0. 0. 0. 0. 0. 0. 0. 0.],"geometry_msgs.msg.Vector3(x=1.75, y=-1.5, z=-1.125)",[0. 0. 0. 0. 0. 0. 0. 0. 0.],"geometry_msgs.msg.Vector3(x=0.634765625, y=0.42822265625, z=0.52392578125)",[0. 0. 0. 0. 0. 0. 0. 0. 0.],False
1731182668697107352,"std_msgs.msg.Header(stamp=builtin_interfaces.msg.Time(sec=1731182668, nanosec=696633896), frame_id='RL_myo')","geometry_msgs.msg.Quaternion(x=0.8457348112550903, y=0.1358693482862176, z=-0.44807586961775536, w=-0.2559299988158627)",[0. 0. 0. 0. 0. 0. 0. 0. 0.],"geometry_msgs.msg.Vector3(x=3.1875, y=-2.1875, z=-1.6875)",[0. 0. 0. 0. 0. 0. 0. 0. 0.],"geometry_msgs.msg.Vector3(x=0.63330078125, y=0.43212890625, z=0.5244140625)",[0. 0. 0. 0. 0. 0. 0. 0. 0.],False
1731182668714470145,"std_msgs.msg.Header(stamp=builtin_interfaces.msg.Time(sec=1731182668, nanosec=713948009), frame_id='RL_myo')","geometry_msgs.msg.Quaternion(x=0.845341576381233, y=0.13653639757146702, z=-0.44854983717152935, w=-0.25604389262955035)",[0. 0. 0. 0. 0. 0. 0. 0. 0.],"geometry_msgs.msg.Vector3(x=3.4375, y=-2.625, z=-1.9375)",[0. 0. 0. 0. 0. 0. 0. 0. 0.],"geometry_msgs.msg.Vector3(x=0.63427734375, y=0.439453125, z=0.51904296875)",[0. 0. 0. 0. 0. 0. 0. 0. 0.],False
1731182668736868828,"std_msgs.msg.Header(stamp=builtin_interfaces.msg.Time(sec=1731182668, nanosec=736411516), frame_id='RL_myo')","geometry_msgs.msg.Quaternion(x=0.8449472174023277, y=0.13715209112930943, z=-0.448994562682332, w=-0.2562369731022879)",[0. 0. 0. 0. 0. 0. 0. 0. 0.],"geometry_msgs.msg.Vector3(x=3.25, y=-2.8125, z=-2.0625)",[0. 0. 0. 0. 0. 0. 0. 0. 0.],"geometry_msgs.msg.Vector3(x=0.63623046875, y=0.4404296875, z=0.52587890625)",[0. 0. 0. 0. 0. 0. 0. 0. 0.],False
1731182668758735710,"std_msgs.msg.Header(stamp=builtin_interfaces.msg.Time(sec=1731182668, nanosec=758202857), frame_id='RL_myo')","geometry_msgs.msg.Quaternion(x=0.8444855159261316, y=0.13781788775377316, z=-0.4495255727664036, w=-0.2564706662273493)",[0. 0. 0. 0. 0. 0. 0. 0. 0.],"geometry_msgs.msg.Vector3(x=3.0, y=-2.75, z=-2.125)",[0. 0. 0. 0. 0. 0. 0. 0. 0.],"geometry_msgs.msg.Vector3(x=0.63720703125, y=0.4462890625, z=0.51171875)",[0. 0. 0. 0. 0. 0. 0. 0. 0.],False
1731182668773727751,"std_msgs.msg.Header(stamp=builtin_interfaces.msg.Time(sec=1731182668, nanosec=773243821), frame_id='RL_myo')","geometry_msgs.msg.Quaternion(x=0.8441101073779355, y=0.1384877681591132, z=-0.44988688369361984, w=-0.2567120109639621)",[0. 0. 0. 0. 0. 0. 0. 0. 0.],"geometry_msgs.msg.Vector3(x=2.25, y=-2.0625, z=-2.125)",[0. 0. 0. 0. 0. 0. 0. 0. 0.],"geometry_msgs.msg.Vector3(x=0.62939453125, y=0.451171875, z=0.51123046875)",[0. 0. 0. 0. 0. 0. 0. 0. 0.],False
1731182668803714291,"std_msgs.msg.Header(stamp=builtin_interfaces.msg.Time(sec=1731182668, nanosec=803192826), frame_id='RL_myo')","geometry_msgs.msg.Quaternion(x=0.8438277100336338, y=0.138796688073525, z=-0.45014317262192033, w=-0.25702412202181785)",[0. 0. 0. 0. 0. 0. 0. 0. 0.],"geometry_msgs.msg.Vector3(x=0.75, y=-1.875, z=-1.4375)",[0. 0. 0. 0. 0. 0. 0. 0. 0.],"geometry_msgs.msg.Vector3(x=0.6279296875, y=0.44287109375, z=0.51123046875)",[0. 0. 0. 0. 0. 0. 0. 0. 0.],False
1731182668810572107,"std_msgs.msg.Header(stamp=builtin_interfaces.msg.Time(sec=1731182668, nanosec=810102428), frame_id='RL_myo')","geometry_msgs.msg.Quaternion(x=0.8436220857879699, y=0.13885401860567442, z=-0.45037529815000943, w=-0.25726140150457916)",[0. 0. 0. 0. 0. 0. 0. 0. 0.],"geometry_msgs.msg.Vector3(x=-0.0625, y=-2.0, z=-1.125)",[0. 0. 0. 0. 0. 0. 0. 0. 0.],"geometry_msgs.msg.Vector3(x=0.6328125, y=0.439453125, z=0.51708984375)",[0. 0. 0. 0. 0. 0. 0. 0. 0.],False
1731182668834377908,"std_msgs.msg.Header(stamp=builtin_interfaces.msg.Time(sec=1731182668, nanosec=833894446), frame_id='RL_myo')","geometry_msgs.msg.Quaternion(x=0.8433844142912352, y=0.13903818901110393, z=-0.4506228926553908, w=-0.2575075151175801)",[0. 0. 0. 0. 0. 0. 0. 0. 0.],"geometry_msgs.msg.Vector3(x=0.5625, y=-1.625, z=-1.5)",[0. 0. 0. 0. 0. 0. 0. 0. 0.],"geometry_msgs.msg.Vector3(x=0.64111328125, y=0.43896484375, z=0.51318359375)",[0. 0. 0. 0. 0. 0. 0. 0. 0.],False
1731182668856948374,"std_msgs.msg.Header(stamp=builtin_interfaces.msg.Time(sec=1731182668, nanosec=856352582), frame_id='RL_myo')","geometry_msgs.msg.Quaternion(x=0.8431962671471878, y=0.13934253187817802, z=-0.4507422680334406, w=-0.25775011481451854)",[0. 0. 0. 0. 0. 0. 0. 0. 0.],"geometry_msgs.msg.Vector3(x=0.875, y=-0.875, z=-1.75)",[0. 0. 0. 0. 0. 0. 0. 0. 0.],"geometry_msgs.msg.Vector3(x=0.63525390625, y=0.44091796875, z=0.515625)",[0. 0. 0. 0. 0. 0. 0. 0. 0.],False
1731182668877661525,"std_msgs.msg.Header(stamp=builtin_interfaces.msg.Time(sec=1731182668, nanosec=877107964), frame_id='RL_myo')","geometry_msgs.msg.Quaternion(x=0.8429681794350911, y=0.13952829325817234, z=-0.4509339591388352, w=-0.25806020292893816)",[0. 0. 0. 0. 0. 0. 0. 0. 0.],"geometry_msgs.msg.Vector3(x=0.0625, y=-1.6875, z=-1.5625)",[0. 0. 0. 0. 0. 0. 0. 0. 0.],"geometry_msgs.msg.Vector3(x=0.63671875, y=0.44140625, z=0.515625)",[0. 0. 0. 0. 0. 0. 0. 0. 0.],False
1731182668894524894,"std_msgs.msg.Header(stamp=builtin_interfaces.msg.Time(sec=1731182668, nanosec=893970508), frame_id='RL_myo')","geometry_msgs.msg.Quaternion(x=0.8426536571855776, y=0.13958778168791947, z=-0.45129517175359707, w=-0.2584235538551163)",[0. 0. 0. 0. 0. 0. 0. 0. 0.],"geometry_msgs.msg.Vector3(x=0.0625, y=-2.8125, z=-2.125)",[0. 0. 0. 0. 0. 0. 0. 0. 0.],"geometry_msgs.msg.Vector3(x=0.6416015625, y=0.4384765625, z=0.5146484375)",[0. 0. 0. 0. 0. 0. 0. 0. 0.],False
1731182668916261158,"std_msgs.msg.Header(stamp=builtin_interfaces.msg.Time(sec=1731182668, nanosec=915713785), frame_id='RL_myo')","geometry_msgs.msg.Quaternion(x=0.8421778159567153, y=0.14020020606265943, z=-0.4518511647722542, w=-0.25867151645343955)",[0. 0. 0. 0. 0. 0. 0. 0. 0.],"geometry_msgs.msg.Vector3(x=3.1875, y=-3.5, z=-2.9375)",[0. 0. 0. 0. 0. 0. 0. 0. 0.],"geometry_msgs.msg.Vector3(x=0.64990234375, y=0.44873046875, z=0.5234375)",[0. 0. 0. 0. 0. 0. 0. 0. 0.],False
1731182668930520119,"std_msgs.msg.Header(stamp=builtin_interfaces.msg.Time(sec=1731182668, nanosec=930059080), frame_id='RL_myo')","geometry_msgs.msg.Quaternion(x=0.8413758663243809, y=0.14215193272901583, z=-0.4527011099403651, w=-0.25872994540072913)",[0. 0. 0. 0. 0. 0. 0. 0. 0.],"geometry_msgs.msg.Vector3(x=10.75, y=-3.0, z=-5.5)",[0. 0. 0. 0. 0. 0. 0. 0. 0.],"geometry_msgs.msg.Vector3(x=0.67626953125, y=0.47216796875, z=0.5341796875)",[0. 0. 0. 0. 0. 0. 0. 0. 0.],False
1731182668961857088,"std_msgs.msg.Header(stamp=builtin_interfaces.msg.Time(sec=1731182668, nanosec=961420303), frame_id='RL_myo')","geometry_msgs.msg.Quaternion(x=0.8404197115649986, y=0.14740457574475066, z=-0.45362766332711674, w=-0.2572713402749996)",[0. 0. 0. 0. 0. 0. 0. 0. 0.],"geometry_msgs.msg.Vector3(x=31.0, y=1.25, z=-6.0)",[0. 0. 0. 0. 0. 0. 0. 0. 0.],"geometry_msgs.msg.Vector3(x=0.7412109375, y=0.54296875, z=0.6044921875)",[0. 0. 0. 0. 0. 0. 0. 0. 0.],False
1731182668976227771,"std_msgs.msg.Header(stamp=builtin_interfaces.msg.Time(sec=1731182668, nanosec=975705439), frame_id='RL_myo')","geometry_msgs.msg.Quaternion(x=0.8387605701707731, y=0.15869432996972857, z=-0.4547813279247876, w=-0.2539109279515657)",[0. 0. 0. 0. 0. 0. 0. 0. 0.],"geometry_msgs.msg.Vector3(x=74.3125, y=6.8125, z=-22.4375)",[0. 0. 0. 0. 0. 0. 0. 0. 0.],"geometry_msgs.msg.Vector3(x=0.9052734375, y=0.50146484375, z=0.7744140625)",[0. 0. 0. 0. 0. 0. 0. 0. 0.],False
1731182668997529273,"std_msgs.msg.Header(stamp=builtin_interfaces.msg.Time(sec=1731182668, nanosec=997093949), frame_id='RL_myo')","geometry_msgs.msg.Quaternion(x=0.8335102219270604, y=0.1822540658080113, z=-0.45655070738242615, w=-0.2522015404952119)",[0. 0. 0. 0. 0. 0. 0. 0. 0.],"geometry_msgs.msg.Vector3(x=128.1875, y=12.875, z=-62.8125)",[0. 0. 0. 0. 0. 0. 0. 0. 0.],"geometry_msgs.msg.Vector3(x=1.03759765625, y=0.51953125, z=0.8671875)",[0. 0. 0. 0. 0. 0. 0. 0. 0.],False
1731182669014415748,"std_msgs.msg.Header(stamp=builtin_interfaces.msg.Time(sec=1731182669, nanosec=13895694), frame_id='RL_myo')","geometry_msgs.msg.Quaternion(x=0.8285063145034202, y=0.218143625168353, z=-0.45343844190702143, w=-0.24573201872629805)",[0. 0. 0. 0. 0. 0. 0. 0. 0.],"geometry_msgs.msg.Vector3(x=189.25, y=62.5625, z=-75.875)",[0. 0. 0. 0. 0. 0. 0. 0. 0.],"geometry_msgs.msg.Vector3(x=1.24853515625, y=0.92919921875, z=0.76220703125)",[0. 0. 0. 0. 0. 0. 0. 0. 0.],False
1731182669036167217,"std_msgs.msg.Header(stamp=builtin_interfaces.msg.Time(sec=1731182669, nanosec=35668103), frame_id='RL_myo')","geometry_msgs.msg.Quaternion(x=0.8262249783741339, y=0.2575658867355282, z=-0.4396930445598922, w=-0.24017103419533256)",[0. 0. 0. 0. 0. 0. 0. 0. 0.],"geometry_msgs.msg.Vector3(x=180.5625, y=125.0625, z=-94.75)",[0. 0. 0. 0. 0. 0. 0. 0. 0.],"geometry_msgs.msg.Vector3(x=1.1806640625, y=1.39599609375, z=0.6318359375)",[0. 0. 0. 0. 0. 0. 0. 0. 0.],False
1731182669064717747,"std_msgs.msg.Header(stamp=builtin_interfaces.msg.Time(sec=1731182669, nanosec=64238949), frame_id='RL_myo')","geometry_msgs.msg.Quaternion(x=0.8271668354217481, y=0.2898624041778248, z=-0.4124237239481074, w=-0.2483575747735458)",[0. 0. 0. 0. 0. 0. 0. 0. 0.],"geometry_msgs.msg.Vector3(x=85.25, y=162.875, z=-148.375)",[0. 0. 0. 0. 0. 0. 0. 0. 0.],"geometry_msgs.msg.Vector3(x=0.4609375, y=1.72265625, z=0.53466796875)",[0. 0. 0. 0. 0. 0. 0. 0. 0.],False
1731182669074442447,"std_msgs.msg.Header(stamp=builtin_interfaces.msg.Time(sec=1731182669, nanosec=73937984), frame_id='RL_myo')","geometry_msgs.msg.Quaternion(x=0.8310354535389716, y=0.3074495467848549, z=-0.37678897206728396, w=-0.26997207572551385)",[0. 0. 0. 0. 0. 0. 0. 0. 0.],"geometry_msgs.msg.Vector3(x=-34.625, y=164.875, z=-184.6875)",[0. 0. 0. 0. 0. 0. 0. 0. 0.],"geometry_msgs.msg.Vector3(x=-0.07861328125, y=1.47900390625, z=0.26416015625)",[0. 0. 0. 0. 0. 0. 0. 0. 0.],False
1731182669096029124,"std_msgs.msg.Header(stamp=builtin_interfaces.msg.Time(sec=1731182669, nanosec=95583795), frame_id='RL_myo')","geometry_msgs.msg.Quaternion(x=0.8342598341187448, y=0.3168453906138721, z=-0.3372929355677629, w=-0.29975490527927684)",[0. 0. 0. 0. 0. 0. 0. 0. 0.],"geometry_msgs.msg.Vector3(x=-94.9375, y=154.1875, z=-217.0)",[0. 0. 0. 0. 0. 0. 0. 0. 0.],"geometry_msgs.msg.Vector3(x=-0.1962890625, y=1.15087890625, z=0.22607421875)",[0. 0. 0. 0. 0. 0. 0. 0. 0.],False
1731182669117161310,"std_msgs.msg.Header(stamp=builtin_interfaces.msg.Time(sec=1731182669, nanosec=116700804), frame_id='RL_myo')","geometry_msgs.msg.Quaternion(x=0.8302712858777328, y=0.3375285018675191, z=-0.29962521078981036, w=-0.32703032784921654)",[0. 0. 0. 0. 0. 0. 0. 0. 0.],"geometry_msgs.msg.Vector3(x=-15.25, y=157.5625, z=-242.25)",[0. 0. 0. 0. 0. 0. 0. 0. 0.],"geometry_msgs.msg.Vector3(x=0.02685546875, y=0.81494140625, z=0.32861328125)",[0. 0. 0. 0. 0. 0. 0. 0. 0.],False
1731182669133738595,"std_msgs.msg.Header(stamp=builtin_interfaces.msg.Time(sec=1731182669, nanosec=133229780), frame_id='RL_myo')","geometry_msgs.msg.Quaternion(x=0.8193966078837482, y=0.3709104794122561, z=-0.263732792749771, w=-0.348510587040313)",[0. 0. 0. 0. 0. 0. 0. 0. 0.],"geometry_msgs.msg.Vector3(x=73.3125, y=172.5625, z=-247.8125)",[0. 0. 0. 0. 0. 0. 0. 0. 0.],"geometry_msgs.msg.Vector3(x=0.0078125, y=0.5986328125, z=0.2685546875)",[0. 0. 0. 0. 0. 0. 0. 0. 0.],False
1731182669156858281,"std_msgs.msg.Header(stamp=builtin_interfaces.msg.Time(sec=1731182669, nanosec=156376137), frame_id='RL_myo')","geometry_msgs.msg.Quaternion(x=0.8015813034042155, y=0.4165073337722049, z=-0.23181343107661698, w=-0.36090384885624965)",[0. 0. 0. 0. 0. 0. 0. 0. 0.],"geometry_msgs.msg.Vector3(x=166.875, y=182.5625, z=-222.8125)",[0. 0. 0. 0. 0. 0. 0. 0. 0.],"geometry_msgs.msg.Vector3(x=-0.5205078125, y=0.7548828125, z=0.29833984375)",[0. 0. 0. 0. 0. 0. 0. 0. 0.],False
1731182669184482815,"std_msgs.msg.Header(stamp=builtin_interfaces.msg.Time(sec=1731182669, nanosec=184037448), frame_id='RL_myo')","geometry_msgs.msg.Quaternion(x=0.7772474483711007, y=0.4649812361937369, z=-0.1967838678772129, w=-0.375439693335216)",[0. 0. 0. 0. 0. 0. 0. 0. 0.],"geometry_msgs.msg.Vector3(x=187.5, y=190.0625, z=-258.25)",[0. 0. 0. 0. 0. 0. 0. 0. 0.],"geometry_msgs.msg.Vector3(x=-0.537109375, y=0.82861328125, z=0.3369140625)",[0. 0. 0. 0. 0. 0. 0. 0. 0.],False
1731182669193600311,"std_msgs.msg.Header(stamp=builtin_interfaces.msg.Time(sec=1731182669, nanosec=193112832), frame_id='RL_myo')","geometry_msgs.msg.Quaternion(x=0.751310635566096, y=0.5055736448447455, z=-0.1651674855668093, w=-0.3907010624956195)",[0. 0. 0. 0. 0. 0. 0. 0. 0.],"geometry_msgs.msg.Vector3(x=165.6875, y=153.8125, z=-245.4375)",[0. 0. 0. 0. 0. 0. 0. 0. 0.],"geometry_msgs.msg.Vector3(x=-0.6953125, y=0.80078125, z=0.44775390625)",[0. 0. 0. 0. 0. 0. 0. 0. 0.],False
1731182669216106797,"std_msgs.msg.Header(stamp=builtin_interfaces.msg.Time(sec=1731182669, nanosec=215627142), frame_id='RL_myo')","geometry_msgs.msg.Quaternion(x=0.7258016247521636, y=0.5414671779645482, z=-0.1341002581431758, w=-0.40254492601467656)",[0. 0. 0. 0. 0. 0. 0. 0. 0.],"geometry_msgs.msg.Vector3(x=152.375, y=154.0, z=-226.0)",[0. 0. 0. 0. 0. 0. 0. 0. 0.],"geometry_msgs.msg.Vector3(x=-0.62158203125, y=0.7021484375, z=0.56884765625)",[0. 0. 0. 0. 0. 0. 0. 0. 0.],False
1731182669237074093,"std_msgs.msg.Header(stamp=builtin_interfaces.msg.Time(sec=1731182669, nanosec=236648276), frame_id='RL_myo')","geometry_msgs.msg.Quaternion(x=0.704349258525871, y=0.5727567974009337, z=-0.10028126791663831, w=-0.40716758263657593)",[0. 0. 0. 0. 0. 0. 0. 0. 0.],"geometry_msgs.msg.Vector3(x=122.0, y=182.0625, z=-192.125)",[0. 0. 0. 0. 0. 0. 0. 0. 0.],"geometry_msgs.msg.Vector3(x=-0.59716796875, y=0.5517578125, z=0.63232421875)",[0. 0. 0. 0. 0. 0. 0. 0. 0.],False
1731182669253687463,"std_msgs.msg.Header(stamp=builtin_interfaces.msg.Time(sec=1731182669, nanosec=253180072), frame_id='RL_myo')","geometry_msgs.msg.Quaternion(x=0.6871154831045917, y=0.6036141967150491, z=-0.06262596479215699, w=-0.3994999410961671)",[0. 0. 0. 0. 0. 0. 0. 0. 0.],"geometry_msgs.msg.Vector3(x=105.0625, y=239.5, z=-141.375)",[0. 0. 0. 0. 0. 0. 0. 0. 0.],"geometry_msgs.msg.Vector3(x=-0.7802734375, y=0.3095703125, z=0.55126953125)",[0. 0. 0. 0. 0. 0. 0. 0. 0.],False
1731182669276140232,"std_msgs.msg.Header(stamp=builtin_interfaces.msg.Time(sec=1731182669, nanosec=275625864), frame_id='RL_myo')","geometry_msgs.msg.Quaternion(x=0.673784170893587, y=0.6288001203501887, z=-0.032654636418884775, w=-0.38672855392533445)",[0. 0. 0. 0. 0. 0. 0. 0. 0.],"geometry_msgs.msg.Vector3(x=86.5, y=214.1875, z=-80.0625)",[0. 0. 0. 0. 0. 0. 0. 0. 0.],"geometry_msgs.msg.Vector3(x=-0.9677734375, y=0.2119140625, z=0.361328125)",[0. 0. 0. 0. 0. 0. 0. 0. 0.],False
1731182669297568244,"std_msgs.msg.Header(stamp=builtin_interfaces.msg.Time(sec=1731182669, nanosec=297091582), frame_id='RL_myo')","geometry_msgs.msg.Quaternion(x=0.6660524997122711, y=0.6454825132383859, z=-0.016541443128851308, w=-0.3734337603775362)",[0. 0. 0. 0. 0. 0. 0. 0. 0.],"geometry_msgs.msg.Vector3(x=61.8125, y=144.0, z=-12.625)",[0. 0. 0. 0. 0. 0. 0. 0. 0.],"geometry_msgs.msg.Vector3(x=-1.076171875, y=0.2060546875, z=0.20458984375)",[0. 0. 0. 0. 0. 0. 0. 0. 0.],False
1731182669313663869,"std_msgs.msg.Header(stamp=builtin_interfaces.msg.Time(sec=1731182669, nanosec=313263764), frame_id='RL_myo')","geometry_msgs.msg.Quaternion(x=0.6593950295913931, y=0.6542678258067336, z=-0.011475170375190401, w=-0.370135282740184)",[0. 0. 0. 0. 0. 0. 0. 0. 0.],"geometry_msgs.msg.Vector3(x=45.375, y=39.0625, z=29.9375)",[0. 0. 0. 0. 0. 0. 0. 0. 0.],"geometry_msgs.msg.Vector3(x=-0.97265625, y=0.23779296875, z=-0.00732421875)",[0. 0. 0. 0. 0. 0. 0. 0. 0.],False
1731182669336073551,"std_msgs.msg.Header(stamp=builtin_interfaces.msg.Time(sec=1731182669, nanosec=335620741), frame_id='RL_myo')","geometry_msgs.msg.Quaternion(x=0.6438106510555194, y=0.6670044363608945, z=-0.029175340463077192, w=-0.37384719735637617)",[0. 0. 0. 0. 0. 0. 0. 0. 0.],"geometry_msgs.msg.Vector3(x=143.75, y=-55.75, z=25.3125)",[0. 0. 0. 0. 0. 0. 0. 0. 0.],"geometry_msgs.msg.Vector3(x=-0.63525390625, y=0.34765625, z=0.056640625)",[0. 0. 0. 0. 0. 0. 0. 0. 0.],False
1731182669357171878,"std_msgs.msg.Header(stamp=builtin_interfaces.msg.Time(sec=1731182669, nanosec=356711336), frame_id='RL_myo')","geometry_msgs.msg.Quaternion(x=0.6151362118618133, y=0.6852683320671341, z=-0.05536103831699391, w=-0.3859402924788892)",[0. 0. 0. 0. 0. 0. 0. 0. 0.],"geometry_msgs.msg.Vector3(x=234.375, y=-106.75, z=-11.0)",[0. 0. 0. 0. 0. 0. 0. 0. 0.],"geometry_msgs.msg.Vector3(x=-0.1923828125, y=0.64453125, z=0.232421875)",[0. 0. 0. 0. 0. 0. 0. 0. 0.],False
1731182669372936772,"std_msgs.msg.Header(stamp=builtin_interfaces.msg.Time(sec=1731182669, nanosec=372473479), frame_id='RL_myo')","geometry_msgs.msg.Quaternion(x=0.5979814293386684, y=0.6963123554042593, z=-0.08056910143176914, w=-0.3886848772102317)",[0. 0. 0. 0. 0. 0. 0. 0. 0.],"geometry_msgs.msg.Vector3(x=165.9375, y=-77.875, z=36.75)",[0. 0. 0. 0. 0. 0. 0. 0. 0.],"geometry_msgs.msg.Vector3(x=0.25927734375, y=0.93603515625, z=0.3330078125)",[0. 0. 0. 0. 0. 0. 0. 0. 0.],False
1731182669396108167,"std_msgs.msg.Header(stamp=builtin_interfaces.msg.Time(sec=1731182669, nanosec=395574743), frame_id='RL_myo')","geometry_msgs.msg.Quaternion(x=0.6023572641368473, y=0.692689491406331, z=-0.10211203798773387, w=-0.38330161300834953)",[0. 0. 0. 0. 0. 0. 0. 0. 0.],"geometry_msgs.msg.Vector3(x=36.5625, y=-50.0625, z=72.875)",[0. 0. 0. 0. 0. 0. 0. 0. 0.],"geometry_msgs.msg.Vector3(x=0.16162109375, y=1.138671875, z=0.267578125)",[0. 0. 0. 0. 0. 0. 0. 0. 0.],False
1731182669419274774,"std_msgs.msg.Header(stamp=builtin_interfaces.msg.Time(sec=1731182669, nanosec=418802934), frame_id='RL_myo')","geometry_msgs.msg.Quaternion(x=0.6067616692716282, y=0.6877568141386889, z=-0.12066872750729393, w=-0.3798287765694942)",[0. 0. 0. 0. 0. 0. 0. 0. 0.],"geometry_msgs.msg.Vector3(x=10.4375, y=-57.0625, z=79.5625)",[0. 0. 0. 0. 0. 0. 0. 0. 0.],"geometry_msgs.msg.Vector3(x=-0.03857421875, y=0.8037109375, z=0.05419921875)",[0. 0. 0. 0. 0. 0. 0. 0. 0.],False
1731182669439593064,"std_msgs.msg.Header(stamp=builtin_interfaces.msg.Time(sec=1731182669, nanosec=439131837), frame_id='RL_myo')","geometry_msgs.msg.Quaternion(x=0.6169057612287275, y=0.6773328616162253, z=-0.14032515534430043, w=-0.3754415095792919)",[0. 0. 0. 0. 0. 0. 0. 0. 0.],"geometry_msgs.msg.Vector3(x=-32.1875, y=-67.3125, z=117.4375)",[0. 0. 0. 0. 0. 0. 0. 0. 0.],"geometry_msgs.msg.Vector3(x=0.1171875, y=0.47509765625, z=-0.107421875)",[0. 0. 0. 0. 0. 0. 0. 0. 0.],False
1731182669456185239,"std_msgs.msg.Header(stamp=builtin_interfaces.msg.Time(sec=1731182669, nanosec=455676508), frame_id='RL_myo')","geometry_msgs.msg.Quaternion(x=0.6343751388564592, y=0.6600113900177902, z=-0.16022656975831862, w=-0.3691620167231661)",[0. 0. 0. 0. 0. 0. 0. 0. 0.],"geometry_msgs.msg.Vector3(x=-81.9375, y=-69.0, z=142.375)",[0. 0. 0. 0. 0. 0. 0. 0. 0.],"geometry_msgs.msg.Vector3(x=0.35595703125, y=0.50439453125, z=0.00537109375)",[0. 0. 0. 0. 0. 0. 0. 0. 0.],False
1731182669478388929,"std_msgs.msg.Header(stamp=builtin_interfaces.msg.Time(sec=1731182669, nanosec=477979086), frame_id='RL_myo')","geometry_msgs.msg.Quaternion(x=0.6478402653615469, y=0.643994972661549, z=-0.1810949752522809, w=-0.36438726061884635)",[0. 0. 0. 0. 0. 0. 0. 0. 0.],"geometry_msgs.msg.Vector3(x=-62.75, y=-79.0625, z=130.875)",[0. 0. 0. 0. 0. 0. 0. 0. 0.],"geometry_msgs.msg.Vector3(x=0.37451171875, y=0.61767578125, z=-0.0712890625)",[0. 0. 0. 0. 0. 0. 0. 0. 0.],False
1731182669492994857,"std_msgs.msg.Header(stamp=builtin_interfaces.msg.Time(sec=1731182669, nanosec=492519546), frame_id='RL_myo')","geometry_msgs.msg.Quaternion(x=0.6501588223146867, y=0.6367308331193027, z=-0.20666896097986567, w=-0.3593818199200972)",[0. 0. 0. 0. 0. 0. 0. 0. 0.],"geometry_msgs.msg.Vector3(x=19.0625, y=-89.3125, z=116.6875)",[0. 0. 0. 0. 0. 0. 0. 0. 0.],"geometry_msgs.msg.Vector3(x=0.41796875, y=0.4521484375, z=-0.19287109375)",[0. 0. 0. 0. 0. 0. 0. 0. 0.],False
1731182669516171232,"std_msgs.msg.Header(stamp=builtin_interfaces.msg.Time(sec=1731182669, nanosec=515677145), frame_id='RL_myo')","geometry_msgs.msg.Quaternion(x=0.6479131075718767, y=0.636071831748142, z=-0.23298015370719297, w=-0.34834103673223743)",[0. 0. 0. 0. 0. 0. 0. 0. 0.],"geometry_msgs.msg.Vector3(x=67.9375, y=-61.6875, z=121.75)",[0. 0. 0. 0. 0. 0. 0. 0. 0.],"geometry_msgs.msg.Vector3(x=0.60986328125, y=0.494140625, z=-0.25927734375)",[0. 0. 0. 0. 0. 0. 0. 0. 0.],False
1731182669538731489,"std_msgs.msg.Header(stamp=builtin_interfaces.msg.Time(sec=1731182669, nanosec=538226871), frame_id='RL_myo')","geometry_msgs.msg.Quaternion(x=0.6461995675441271, y=0.6379595617239271, z=-0.25696610742994, w=-0.330759937330842)",[0. 0. 0. 0. 0. 0. 0. 0. 0.],"geometry_msgs.msg.Vector3(x=79.25, y=-23.25, z=135.75)",[0. 0. 0. 0. 0. 0. 0. 0. 0.],"geometry_msgs.msg.Vector3(x=0.57275390625, y=0.7509765625, z=-0.2646484375)",[0. 0. 0. 0. 0. 0. 0. 0. 0.],False
1731182669553147392,"std_msgs.msg.Header(stamp=builtin_interfaces.msg.Time(sec=1731182669, nanosec=552612800), frame_id='RL_myo')","geometry_msgs.msg.Quaternion(x=0.6469683589758238, y=0.6393390151199768, z=-0.27673156033928165, w=-0.30999549955077443)",[0. 0. 0. 0. 0. 0. 0. 0. 0.],"geometry_msgs.msg.Vector3(x=64.25, y=6.4375, z=141.4375)",[0. 0. 0. 0. 0. 0. 0. 0. 0.],"geometry_msgs.msg.Vector3(x=0.38037109375, y=0.88720703125, z=-0.33984375)",[0. 0. 0. 0. 0. 0. 0. 0. 0.],False
1731182669576824319,"std_msgs.msg.Header(stamp=builtin_interfaces.msg.Time(sec=1731182669, nanosec=576296874), frame_id='RL_myo')","geometry_msgs.msg.Quaternion(x=0.6464555459669523, y=0.6435257125039731, z=-0.2953027977894548, w=-0.2841938459089916)",[0. 0. 0. 0. 0. 0. 0. 0. 0.],"geometry_msgs.msg.Vector3(x=86.0, y=32.3125, z=152.375)",[0. 0. 0. 0. 0. 0. 0. 0. 0.],"geometry_msgs.msg.Vector3(x=0.23974609375, y=0.806640625, z=-0.3046875)",[0. 0. 0. 0. 0. 0. 0. 0. 0.],False
1731182669598680300,"std_msgs.msg.Header(stamp=builtin_interfaces.msg.Time(sec=1731182669, nanosec=598249496), frame_id='RL_myo')","geometry_msgs.msg.Quaternion(x=0.645910414685852, y=0.6450558743526823, z=-0.3170344636059644, w=-0.25727767887931074)",[0. 0. 0. 0. 0. 0. 0. 0. 0.],"geometry_msgs.msg.Vector3(x=82.3125, y=20.5, z=173.9375)",[0. 0. 0. 0. 0. 0. 0. 0. 0.],"geometry_msgs.msg.Vector3(x=0.18408203125, y=0.666015625, z=-0.380859375)",[0. 0. 0. 0. 0. 0. 0. 0. 0.],False
1731182669613059506,"std_msgs.msg.Header(stamp=builtin_interfaces.msg.Time(sec=1731182669, nanosec=612551875), frame_id='RL_myo')","geometry_msgs.msg.Quaternion(x=0.6300052618454411, y=0.6550907261564736, z=-0.31640644036105087, w=-0.27172867910636544)",[0. 0. 0. 0. 0. 0. 0. 0. 0.],"geometry_msgs.msg.Vector3(x=68.8125, y=-65.4375, z=-97.5625)",[0. 0. 0. 0. 0. 0. 0. 0. 0.],"geometry_msgs.msg.Vector3(x=1.0166015625, y=3.4326171875, z=-0.3271484375)",[0. 0. 0. 0. 0. 0. 0. 0. 0.],False
1731182669636202378,"std_msgs.msg.Header(stamp=builtin_interfaces.msg.Time(sec=1731182669, nanosec=635720422), frame_id='RL_myo')","geometry_msgs.msg.Quaternion(x=0.6136481627452883, y=0.6732795785998882, z=-0.2929080498323691, w=-0.29040560556416173)",[0. 0. 0. 0. 0. 0. 0. 0. 0.],"geometry_msgs.msg.Vector3(x=48.25, y=13.75, z=-209.4375)",[0. 0. 0. 0. 0. 0. 0. 0. 0.],"geometry_msgs.msg.Vector3(x=-0.3193359375, y=1.3642578125, z=-0.59130859375)",[0. 0. 0. 0. 0. 0. 0. 0. 0.],False
1731182669658751229,"std_msgs.msg.Header(stamp=builtin_interfaces.msg.Time(sec=1731182669, nanosec=658258975), frame_id='RL_myo')","geometry_msgs.msg.Quaternion(x=0.6292156672834883, y=0.6606489846422037, z=-0.2983418548532051, w=-0.2803973979532782)",[0. 0. 0. 0. 0. 0. 0. 0. 0.],"geometry_msgs.msg.Vector3(x=-79.4375, y=25.0, z=110.5)",[0. 0. 0. 0. 0. 0. 0. 0. 0.],"geometry_msgs.msg.Vector3(x=-0.40478515625, y=0.89794921875, z=-0.09130859375)",[0. 0. 0. 0. 0. 0. 0. 0. 0.],False
1731182669673042608,"std_msgs.msg.Header(stamp=builtin_interfaces.msg.Time(sec=1731182669, nanosec=672550412), frame_id='RL_myo')","geometry_msgs.msg.Quaternion(x=0.6559027002458689, y=0.6384461422456532, z=-0.2987146673183773, w=-0.2700883536746669)",[0. 0. 0. 0. 0. 0. 0. 0. 0.],"geometry_msgs.msg.Vector3(x=-158.4375, y=47.9375, z=129.8125)",[0. 0. 0. 0. 0. 0. 0. 0. 0.],"geometry_msgs.msg.Vector3(x=-0.53857421875, y=1.56494140625, z=0.27001953125)",[0. 0. 0. 0. 0. 0. 0. 0. 0.],False
1731182669696865896,"std_msgs.msg.Header(stamp=builtin_interfaces.msg.Time(sec=1731182669, nanosec=696378260), frame_id='RL_myo')","geometry_msgs.msg.Quaternion(x=0.6651117777990211, y=0.6282458960159056, z=-0.28864032276879603, w=-0.2821704825883155)",[0. 0. 0. 0. 0. 0. 0. 0. 0.],"geometry_msgs.msg.Vector3(x=-116.1875, y=-6.1875, z=-46.125)",[0. 0. 0. 0. 0. 0. 0. 0. 0.],"geometry_msgs.msg.Vector3(x=-0.23193359375, y=0.8623046875, z=-0.41552734375)",[0. 0. 0. 0. 0. 0. 0. 0. 0.],False
1731182669718652040,"std_msgs.msg.Header(stamp=builtin_interfaces.msg.Time(sec=1731182669, nanosec=718208063), frame_id='RL_myo')","geometry_msgs.msg.Quaternion(x=0.6709309806422478, y=0.619658962470897, z=-0.2855363107209275, w=-0.29041936007057995)",[0. 0. 0. 0. 0. 0. 0. 0. 0.],"geometry_msgs.msg.Vector3(x=-70.3125, y=-21.8125, z=-23.5)",[0. 0. 0. 0. 0. 0. 0. 0. 0.],"geometry_msgs.msg.Vector3(x=0.07861328125, y=0.51171875, z=0.06298828125)",[0. 0. 0. 0. 0. 0. 0. 0. 0.],False
1731182669739645119,"std_msgs.msg.Header(stamp=builtin_interfaces.msg.Time(sec=1731182669, nanosec=739087166), frame_id='RL_myo')","geometry_msgs.msg.Quaternion(x=0.6745875022192046, y=0.613794057393804, z=-0.2894402764679215, w=-0.2905389531816336)",[0. 0. 0. 0. 0. 0. 0. 0. 0.],"geometry_msgs.msg.Vector3(x=-38.0, y=-17.0, z=1.6875)",[0. 0. 0. 0. 0. 0. 0. 0. 0.],"geometry_msgs.msg.Vector3(x=0.42041015625, y=0.90185546875, z=-0.05517578125)",[0. 0. 0. 0. 0. 0. 0. 0. 0.],False
1731182669756219950,"std_msgs.msg.Header(stamp=builtin_interfaces.msg.Time(sec=1731182669, nanosec=755712950), frame_id='RL_myo')","geometry_msgs.msg.Quaternion(x=0.6739130745563359, y=0.6133030135985927, z=-0.2843118468692521, w=-0.29810628168944336)",[0. 0. 0. 0. 0. 0. 0. 0. 0.],"geometry_msgs.msg.Vector3(x=-34.875, y=-5.9375, z=-80.4375)",[0. 0. 0. 0. 0. 0. 0. 0. 0.],"geometry_msgs.msg.Vector3(x=0.48583984375, y=1.111328125, z=-0.103515625)",[0. 0. 0. 0. 0. 0. 0. 0. 0.],False
1731182669778754800,"std_msgs.msg.Header(stamp=builtin_interfaces.msg.Time(sec=1731182669, nanosec=778227523), frame_id='RL_myo')","geometry_msgs.msg.Quaternion(x=0.6709680299226136, y=0.6167070839932765, z=-0.27710314344115944, w=-0.30444724217720337)",[0. 0. 0. 0. 0. 0. 0. 0. 0.],"geometry_msgs.msg.Vector3(x=-10.3125, y=8.9375, z=-83.8125)",[0. 0. 0. 0. 0. 0. 0. 0. 0.],"geometry_msgs.msg.Vector3(x=0.32763671875, y=1.11181640625, z=-0.0615234375)",[0. 0. 0. 0. 0. 0. 0. 0. 0.],False
1731182669799754583,"std_msgs.msg.Header(stamp=builtin_interfaces.msg.Time(sec=1731182669, nanosec=799309123), frame_id='RL_myo')","geometry_msgs.msg.Quaternion(x=0.6712402988221825, y=0.6186251185380395, z=-0.26490705618698485, w=-0.3107469638359308)",[0. 0. 0. 0. 0. 0. 0. 0. 0.],"geometry_msgs.msg.Vector3(x=-30.8125, y=29.6875, z=-87.3125)",[0. 0. 0. 0. 0. 0. 0. 0. 0.],"geometry_msgs.msg.Vector3(x=0.2158203125, y=1.0654296875, z=0.01416015625)",[0. 0. 0. 0. 0. 0. 0. 0. 0.],False
1731182669816085378,"std_msgs.msg.Header(stamp=builtin_interfaces.msg.Time(sec=1731182669, nanosec=815694008), frame_id='RL_myo')","geometry_msgs.msg.Quaternion(x=0.6705463290553871, y=0.6218392499923798, z=-0.24658721731146588, w=-0.3207464918246914)",[0. 0. 0. 0. 0. 0. 0. 0. 0.],"geometry_msgs.msg.Vector3(x=-34.625, y=40.0, z=-113.6875)",[0. 0. 0. 0. 0. 0. 0. 0. 0.],"geometry_msgs.msg.Vector3(x=0.1826171875, y=0.95458984375, z=0.01708984375)",[0. 0. 0. 0. 0. 0. 0. 0. 0.],False
1731182669839380163,"std_msgs.msg.Header(stamp=builtin_interfaces.msg.Time(sec=1731182669, nanosec=838945988), frame_id='RL_myo')","geometry_msgs.msg.Quaternion(x=0.6706687279948981, y=0.6247693028536382, z=-0.22705566692218973, w=-0.32910864409796964)",[0. 0. 0. 0. 0. 0. 0. 0. 0.],"geometry_msgs.msg.Vector3(x=-37.6875, y=51.3125, z=-112.0625)",[0. 0. 0. 0. 0. 0. 0. 0. 0.],"geometry_msgs.msg.Vector3(x=0.2734375, y=0.88623046875, z=0.06396484375)",[0. 0. 0. 0. 0. 0. 0. 0. 0.],False
1731182669859488603,"std_msgs.msg.Header(stamp=builtin_interfaces.msg.Time(sec=1731182669, nanosec=859047621), frame_id='RL_myo')","geometry_msgs.msg.Quaternion(x=0.6724436569061629, y=0.6262997516124297, z=-0.20496194970417492, w=-0.3369847898501339)",[0. 0. 0. 0. 0. 0. 0. 0. 0.],"geometry_msgs.msg.Vector3(x=-53.6875, y=62.5, z=-114.0625)",[0. 0. 0. 0. 0. 0. 0. 0. 0.],"geometry_msgs.msg.Vector3(x=0.2392578125, y=0.85498046875, z=0.0419921875)",[0. 0. 0. 0. 0. 0. 0. 0. 0.],False
1731182669876191130,"std_msgs.msg.Header(stamp=builtin_interfaces.msg.Time(sec=1731182669, nanosec=875650702), frame_id='RL_myo')","geometry_msgs.msg.Quaternion(x=0.672813220894476, y=0.6285002028078037, z=-0.1830506077712541, w=-0.34467715307911695)",[0. 0. 0. 0. 0. 0. 0. 0. 0.],"geometry_msgs.msg.Vector3(x=-46.125, y=62.125, z=-115.375)",[0. 0. 0. 0. 0. 0. 0. 0. 0.],"geometry_msgs.msg.Vector3(x=0.15625, y=0.767578125, z=-0.00439453125)",[0. 0. 0. 0. 0. 0. 0. 0. 0.],False
1731182669898702253,"std_msgs.msg.Header(stamp=builtin_interfaces.msg.Time(sec=1731182669, nanosec=898225521), frame_id='RL_myo')","geometry_msgs.msg.Quaternion(x=0.6712940593314617, y=0.6324129613323581, z=-0.16290996948133035, w=-0.3505402602964707)",[0. 0. 0. 0. 0. 0. 0. 0. 0.],"geometry_msgs.msg.Vector3(x=-26.625, y=62.75, z=-106.4375)",[0. 0. 0. 0. 0. 0. 0. 0. 0.],"geometry_msgs.msg.Vector3(x=0.091796875, y=0.66064453125, z=0.0302734375)",[0. 0. 0. 0. 0. 0. 0. 0. 0.],False
1731182669919567167,"std_msgs.msg.Header(stamp=builtin_interfaces.msg.Time(sec=1731182669, nanosec=919120212), frame_id='RL_myo')","geometry_msgs.msg.Quaternion(x=0.669821228243867, y=0.6364949670245167, z=-0.14526831813563, w=-0.35371004352772095)",[0. 0. 0. 0. 0. 0. 0. 0. 0.],"geometry_msgs.msg.Vector3(x=-17.625, y=65.4375, z=-97.4375)",[0. 0. 0. 0. 0. 0. 0. 0. 0.],"geometry_msgs.msg.Vector3(x=0.0546875, y=0.60009765625, z=0.08984375)",[0. 0. 0. 0. 0. 0. 0. 0. 0.],False
1731182669936359383,"std_msgs.msg.Header(stamp=builtin_interfaces.msg.Time(sec=1731182669, nanosec=935830122), frame_id='RL_myo')","geometry_msgs.msg.Quaternion(x=0.6690263512945596, y=0.6394844523778032, z=-0.13092432474471585, w=-0.35541834171957126)",[0. 0. 0. 0. 0. 0. 0. 0. 0.],"geometry_msgs.msg.Vector3(x=-10.0, y=58.1875, z=-79.0)",[0. 0. 0. 0. 0. 0. 0. 0. 0.],"geometry_msgs.msg.Vector3(x=0.08251953125, y=0.54541015625, z=0.1806640625)",[0. 0. 0. 0. 0. 0. 0. 0. 0.],False
1731182669958805615,"std_msgs.msg.Header(stamp=builtin_interfaces.msg.Time(sec=1731182669, nanosec=958275168), frame_id='RL_myo')","geometry_msgs.msg.Quaternion(x=0.6715879191646803, y=0.6392384147424972, z=-0.11951005595968772, w=-0.35505107023365856)",[0. 0. 0. 0. 0. 0. 0. 0. 0.],"geometry_msgs.msg.Vector3(x=-27.8125, y=51.6875, z=-55.1875)",[0. 0. 0. 0. 0. 0. 0. 0. 0.],"geometry_msgs.msg.Vector3(x=0.1259765625, y=0.576171875, z=0.18017578125)",[0. 0. 0. 0. 0. 0. 0. 0. 0.],False
1731182669987427588,"std_msgs.msg.Header(stamp=builtin_interfaces.msg.Time(sec=1731182669, nanosec=986956754), frame_id='RL_myo')","geometry_msgs.msg.Quaternion(x=0.6790994253310224, y=0.6346033367936941, z=-0.10827991915668109, w=-0.3526727017403063)",[0. 0. 0. 0. 0. 0. 0. 0. 0.],"geometry_msgs.msg.Vector3(x=-59.25, y=51.8125, z=-25.5625)",[0. 0. 0. 0. 0. 0. 0. 0. 0.],"geometry_msgs.msg.Vector3(x=-0.033203125, y=0.66650390625, z=0.2373046875)",[0. 0. 0. 0. 0. 0. 0. 0. 0.],False
1731182669997498907,"std_msgs.msg.Header(stamp=builtin_interfaces.msg.Time(sec=1731182669, nanosec=997060790), frame_id='RL_myo')","geometry_msgs.msg.Quaternion(x=0.6900765295949493, y=0.626354621148361, z=-0.0968035888853343, w=-0.34943287917310145)",[0. 0. 0. 0. 0. 0. 0. 0. 0.],"geometry_msgs.msg.Vector3(x=-86.4375, y=48.5, z=-0.125)",[0. 0. 0. 0. 0. 0. 0. 0. 0.],"geometry_msgs.msg.Vector3(x=-0.248046875, y=0.67529296875, z=0.2421875)",[0. 0. 0. 0. 0. 0. 0. 0. 0.],False
1731182670018528968,"std_msgs.msg.Header(stamp=builtin_interfaces.msg.Time(sec=1731182670, nanosec=18063251), frame_id='RL_myo')","geometry_msgs.msg.Quaternion(x=0.7050288419345239, y=0.6127421473621925, z=-0.09112700727281137, w=-0.3452205982150175)",[0. 0. 0. 0. 0. 0. 0. 0. 0.],"geometry_msgs.msg.Vector3(x=-115.375, y=18.375, z=35.9375)",[0. 0. 0. 0. 0. 0. 0. 0. 0.],"geometry_msgs.msg.Vector3(x=-0.3662109375, y=0.7392578125, z=0.255859375)",[0. 0. 0. 0. 0. 0. 0. 0. 0.],False
1731182670039677036,"std_msgs.msg.Header(stamp=builtin_interfaces.msg.Time(sec=1731182670, nanosec=39195601), frame_id='RL_myo')","geometry_msgs.msg.Quaternion(x=0.7268885943859477, y=0.590043835916446, z=-0.08886974501855234, w=-0.33997560422619266)",[0. 0. 0. 0. 0. 0. 0. 0. 0.],"geometry_msgs.msg.Vector3(x=-171.5625, y=-6.6875, z=70.0625)",[0. 0. 0. 0. 0. 0. 0. 0. 0.],"geometry_msgs.msg.Vector3(x=-0.3349609375, y=0.76953125, z=0.17919921875)",[0. 0. 0. 0. 0. 0. 0. 0. 0.],False
1731182670056270974,"std_msgs.msg.Header(stamp=builtin_interfaces.msg.Time(sec=1731182670, nanosec=55740887), frame_id='RL_myo')","geometry_msgs.msg.Quaternion(x=0.7500132130225258, y=0.5677590256783476, z=-0.09283610815488784, w=-0.3263607299830278)",[0. 0. 0. 0. 0. 0. 0. 0. 0.],"geometry_msgs.msg.Vector3(x=-156.625, y=-4.4375, z=132.6875)",[0. 0. 0. 0. 0. 0. 0. 0. 0.],"geometry_msgs.msg.Vector3(x=-0.59912109375, y=0.8212890625, z=0.27734375)",[0. 0. 0. 0. 0. 0. 0. 0. 0.],False
1731182670078708915,"std_msgs.msg.Header(stamp=builtin_interfaces.msg.Time(sec=1731182670, nanosec=78185162), frame_id='RL_myo')","geometry_msgs.msg.Quaternion(x=0.7738849687838573, y=0.5420063508794584, z=-0.10772986591241486, w=-0.3093952919603575)",[0. 0. 0. 0. 0. 0. 0. 0. 0.],"geometry_msgs.msg.Vector3(x=-149.375, y=-47.5625, z=189.1875)",[0. 0. 0. 0. 0. 0. 0. 0. 0.],"geometry_msgs.msg.Vector3(x=-0.74462890625, y=0.775390625, z=0.47216796875)",[0. 0. 0. 0. 0. 0. 0. 0. 0.],False
1731182670099677993,"std_msgs.msg.Header(stamp=builtin_interfaces.msg.Time(sec=1731182670, nanosec=99184954), frame_id='RL_myo')","geometry_msgs.msg.Quaternion(x=0.8032509673063811, y=0.5028863768721332, z=-0.12341743585816889, w=-0.2943829342947322)",[0. 0. 0. 0. 0. 0. 0. 0. 0.],"geometry_msgs.msg.Vector3(x=-228.875, y=-79.5, z=202.625)",[0. 0. 0. 0. 0. 0. 0. 0. 0.],"geometry_msgs.msg.Vector3(x=-0.7900390625, y=0.8935546875, z=0.41650390625)",[0. 0. 0. 0. 0. 0. 0. 0. 0.],False
1731182670116816057,"std_msgs.msg.Header(stamp=builtin_interfaces.msg.Time(sec=1731182670, nanosec=116291032), frame_id='RL_myo')","geometry_msgs.msg.Quaternion(x=0.8211652760459539, y=0.46905419551160665, z=-0.15130583613185072, w=-0.2877191252624221)",[0. 0. 0. 0. 0. 0. 0. 0. 0.],"geometry_msgs.msg.Vector3(x=-157.375, y=-158.5, z=173.0)",[0. 0. 0. 0. 0. 0. 0. 0. 0.],"geometry_msgs.msg.Vector3(x=-0.54541015625, y=0.8203125, z=0.39013671875)",[0. 0. 0. 0. 0. 0. 0. 0. 0.],False
1731182670146244841,"std_msgs.msg.Header(stamp=builtin_interfaces.msg.Time(sec=1731182670, nanosec=145650393), frame_id='RL_myo')","geometry_msgs.msg.Quaternion(x=0.8315605861512909, y=0.4430635859418835, z=-0.1920817061522396, w=-0.2744198763458752)",[0. 0. 0. 0. 0. 0. 0. 0. 0.],"geometry_msgs.msg.Vector3(x=-72.25, y=-195.9375, z=221.625)",[0. 0. 0. 0. 0. 0. 0. 0. 0.],"geometry_msgs.msg.Vector3(x=-0.5888671875, y=0.7744140625, z=0.443359375)",[0. 0. 0. 0. 0. 0. 0. 0. 0.],False
1731182670159707604,"std_msgs.msg.Header(stamp=builtin_interfaces.msg.Time(sec=1731182670, nanosec=159267069), frame_id='RL_myo')","geometry_msgs.msg.Quaternion(x=0.8399960867633014, y=0.4151760922950135, z=-0.2264485890053661, w=-0.26600079538689636)",[0. 0. 0. 0. 0. 0. 0. 0. 0.],"geometry_msgs.msg.Vector3(x=-93.75, y=-183.125, z=180.9375)",[0. 0. 0. 0. 0. 0. 0. 0. 0.],"geometry_msgs.msg.Vector3(x=-0.5009765625, y=0.859375, z=0.42138671875)",[0. 0. 0. 0. 0. 0. 0. 0. 0.],False
1731182670176133338,"std_msgs.msg.Header(stamp=builtin_interfaces.msg.Time(sec=1731182670, nanosec=175683472), frame_id='RL_myo')","geometry_msgs.msg.Quaternion(x=0.8453639994172478, y=0.3872804748232807, z=-0.2564169069712533, w=-0.26386343461954964)",[0. 0. 0. 0. 0. 0. 0. 0. 0.],"geometry_msgs.msg.Vector3(x=-102.4375, y=-180.3125, z=135.125)",[0. 0. 0. 0. 0. 0. 0. 0. 0.],"geometry_msgs.msg.Vector3(x=-0.37109375, y=1.03564453125, z=0.4765625)",[0. 0. 0. 0. 0. 0. 0. 0. 0.],False
1731182670198760666,"std_msgs.msg.Header(stamp=builtin_interfaces.msg.Time(sec=1731182670, nanosec=198187022), frame_id='RL_myo')","geometry_msgs.msg.Quaternion(x=0.8477288720700441, y=0.3612720277761244, z=-0.28345113988719745, w=-0.2655065586798684)",[0. 0. 0. 0. 0. 0. 0. 0. 0.],"geometry_msgs.msg.Vector3(x=-94.5625, y=-175.3125, z=101.3125)",[0. 0. 0. 0. 0. 0. 0. 0. 0.],"geometry_msgs.msg.Vector3(x=-0.2197265625, y=0.88427734375, z=0.54296875)",[0. 0. 0. 0. 0. 0. 0. 0. 0.],False
1731182670219700755,"std_msgs.msg.Header(stamp=builtin_interfaces.msg.Time(sec=1731182670, nanosec=219199262), frame_id='RL_myo')","geometry_msgs.msg.Quaternion(x=0.8496381356104764, y=0.33295804811459406, z=-0.30805486138118354, w=-0.2689910390542651)",[0. 0. 0. 0. 0. 0. 0. 0. 0.],"geometry_msgs.msg.Vector3(x=-112.5625, y=-173.1875, z=92.125)",[0. 0. 0. 0. 0. 0. 0. 0. 0.],"geometry_msgs.msg.Vector3(x=-0.3046875, y=0.88330078125, z=0.5166015625)",[0. 0. 0. 0. 0. 0. 0. 0. 0.],False
1731182670226548099,"std_msgs.msg.Header(stamp=builtin_interfaces.msg.Time(sec=1731182670, nanosec=226016063), frame_id='RL_myo')","geometry_msgs.msg.Quaternion(x=0.8486604856190979, y=0.3080544786334571, z=-0.3343614887961319, w=-0.270333522066095)",[0. 0. 0. 0. 0. 0. 0. 0. 0.],"geometry_msgs.msg.Vector3(x=-85.75, y=-176.3125, z=95.9375)",[0. 0. 0. 0. 0. 0. 0. 0. 0.],"geometry_msgs.msg.Vector3(x=-0.26123046875, y=0.9296875, z=0.42822265625)",[0. 0. 0. 0. 0. 0. 0. 0. 0.],False
1731182670241552453,"std_msgs.msg.Header(stamp=builtin_interfaces.msg.Time(sec=1731182670, nanosec=241045997), frame_id='RL_myo')","geometry_msgs.msg.Quaternion(x=0.8459867963951462, y=0.2849254232014821, z=-0.36079566764009446, w=-0.270093187160788)",[0. 0. 0. 0. 0. 0. 0. 0. 0.],"geometry_msgs.msg.Vector3(x=-69.875, y=-171.9375, z=93.75)",[0. 0. 0. 0. 0. 0. 0. 0. 0.],"geometry_msgs.msg.Vector3(x=0.0869140625, y=0.89697265625, z=0.466796875)",[0. 0. 0. 0. 0. 0. 0. 0. 0.],False
1731182670271537693,"std_msgs.msg.Header(stamp=builtin_interfaces.msg.Time(sec=1731182670, nanosec=271017741), frame_id='RL_myo')","geometry_msgs.msg.Quaternion(x=0.8448377213125496, y=0.25854158268169053, z=-0.3801830780274434, w=-0.2736170715679931)",[0. 0. 0. 0. 0. 0. 0. 0. 0.],"geometry_msgs.msg.Vector3(x=-106.6875, y=-144.5625, z=71.75)",[0. 0. 0. 0. 0. 0. 0. 0. 0.],"geometry_msgs.msg.Vector3(x=0.30615234375, y=0.8994140625, z=0.54150390625)",[0. 0. 0. 0. 0. 0. 0. 0. 0.],False
1731182670288230699,"std_msgs.msg.Header(stamp=builtin_interfaces.msg.Time(sec=1731182670, nanosec=287682888), frame_id='RL_myo')","geometry_msgs.msg.Quaternion(x=0.8457693793673059, y=0.22955463922930197, z=-0.39471679125123527, w=-0.2760026797646646)",[0. 0. 0. 0. 0. 0. 0. 0. 0.],"geometry_msgs.msg.Vector3(x=-127.75, y=-120.6875, z=81.125)",[0. 0. 0. 0. 0. 0. 0. 0. 0.],"geometry_msgs.msg.Vector3(x=0.14404296875, y=0.88037109375, z=0.51171875)",[0. 0. 0. 0. 0. 0. 0. 0. 0.],False
1731182670303096609,"std_msgs.msg.Header(stamp=builtin_interfaces.msg.Time(sec=1731182670, nanosec=302572304), frame_id='RL_myo')","geometry_msgs.msg.Quaternion(x=0.8481391268322083, y=0.19738643754860116, z=-0.406430515657432, w=-0.2766095655442982)",[0. 0. 0. 0. 0. 0. 0. 0. 0.],"geometry_msgs.msg.Vector3(x=-145.125, y=-107.375, z=96.3125)",[0. 0. 0. 0. 0. 0. 0. 0. 0.],"geometry_msgs.msg.Vector3(x=0.33251953125, y=1.05810546875, z=0.7880859375)",[0. 0. 0. 0. 0. 0. 0. 0. 0.],False
1731182670323891839,"std_msgs.msg.Header(stamp=builtin_interfaces.msg.Time(sec=1731182670, nanosec=323570555), frame_id='RL_myo')","geometry_msgs.msg.Quaternion(x=0.8528611631560921, y=0.15912181008716325, z=-0.41004231690278586, w=-0.28137765420092925)",[0. 0. 0. 0. 0. 0. 0. 0. 0.],"geometry_msgs.msg.Vector3(x=-206.0, y=-70.3125, z=84.5)",[0. 0. 0. 0. 0. 0. 0. 0. 0.],"geometry_msgs.msg.Vector3(x=0.666015625, y=1.21142578125, z=0.44775390625)",[0. 0. 0. 0. 0. 0. 0. 0. 0.],False
1731182670346437726,"std_msgs.msg.Header(stamp=builtin_interfaces.msg.Time(sec=1731182670, nanosec=346040694), frame_id='RL_myo')","geometry_msgs.msg.Quaternion(x=0.8584124441339824, y=0.11413760455990807, z=-0.4086980749375104, w=-0.28821271055181064)",[0. 0. 0. 0. 0. 0. 0. 0. 0.],"geometry_msgs.msg.Vector3(x=-248.875, y=-55.9375, z=83.375)",[0. 0. 0. 0. 0. 0. 0. 0. 0.],"geometry_msgs.msg.Vector3(x=0.822265625, y=0.84619140625, z=0.54052734375)",[0. 0. 0. 0. 0. 0. 0. 0. 0.],False
1731182670363165993,"std_msgs.msg.Header(stamp=builtin_interfaces.msg.Time(sec=1731182670, nanosec=362664402), frame_id='RL_myo')","geometry_msgs.msg.Quaternion(x=0.8631563725535275, y=0.08001682961516579, z=-0.4056383292314202, w=-0.28985501437255706)",[0. 0. 0. 0. 0. 0. 0. 0. 0.],"geometry_msgs.msg.Vector3(x=-180.625, y=-34.625, z=80.0625)",[0. 0. 0. 0. 0. 0. 0. 0. 0.],"geometry_msgs.msg.Vector3(x=0.56494140625, y=0.54833984375, z=0.8583984375)",[0. 0. 0. 0. 0. 0. 0. 0. 0.],False
1731182670391670009,"std_msgs.msg.Header(stamp=builtin_interfaces.msg.Time(sec=1731182670, nanosec=391059085), frame_id='RL_myo')","geometry_msgs.msg.Quaternion(x=0.8656721181416087, y=0.06506426552485052, z=-0.4044238493130014, w=-0.28778425135991575)",[0. 0. 0. 0. 0. 0. 0. 0. 0.],"geometry_msgs.msg.Vector3(x=-60.3125, y=-29.9375, z=46.625)",[0. 0. 0. 0. 0. 0. 0. 0. 0.],"geometry_msgs.msg.Vector3(x=0.6259765625, y=0.2744140625, z=1.01123046875)",[0. 0. 0. 0. 0. 0. 0. 0. 0.],False
1731182670415508385,"std_msgs.msg.Header(stamp=builtin_interfaces.msg.Time(sec=1731182670, nanosec=414942613), frame_id='RL_myo')","geometry_msgs.msg.Quaternion(x=0.8671974324203084, y=0.06341625367994795, z=-0.40460668493202595, w=-0.2832674045511438)",[0. 0. 0. 0. 0. 0. 0. 0. 0.],"geometry_msgs.msg.Vector3(x=22.5, y=-11.0, z=14.5)",[0. 0. 0. 0. 0. 0. 0. 0. 0.],"geometry_msgs.msg.Vector3(x=0.7412109375, y=0.080078125, z=1.01220703125)",[0. 0. 0. 0. 0. 0. 0. 0. 0.],False
1731182670430666867,"std_msgs.msg.Header(stamp=builtin_interfaces.msg.Time(sec=1731182670, nanosec=430082036), frame_id='RL_myo')","geometry_msgs.msg.Quaternion(x=0.8676323503536637, y=0.07318263721941912, z=-0.406746534136955, w=-0.2764338314985398)",[0. 0. 0. 0. 0. 0. 0. 0. 0.],"geometry_msgs.msg.Vector3(x=78.9375, y=7.5625, z=1.9375)",[0. 0. 0. 0. 0. 0. 0. 0. 0.],"geometry_msgs.msg.Vector3(x=0.64599609375, y=0.1142578125, z=0.6689453125)",[0. 0. 0. 0. 0. 0. 0. 0. 0.],False
1731182670444308071,"std_msgs.msg.Header(stamp=builtin_interfaces.msg.Time(sec=1731182670, nanosec=443629240), frame_id='RL_myo')","geometry_msgs.msg.Quaternion(x=0.8685837143768896, y=0.08569261014581919, z=-0.40783334828658396, w=-0.2681250971300454)",[0. 0. 0. 0. 0. 0. 0. 0. 0.],"geometry_msgs.msg.Vector3(x=90.1875, y=19.0, z=7.375)",[0. 0. 0. 0. 0. 0. 0. 0. 0.],"geometry_msgs.msg.Vector3(x=0.54736328125, y=0.158203125, z=0.56103515625)",[0. 0. 0. 0. 0. 0. 0. 0. 0.],False
1731182670467852141,"std_msgs.msg.Header(stamp=builtin_interfaces.msg.Time(sec=1731182670, nanosec=467413964), frame_id='RL_myo')","geometry_msgs.msg.Quaternion(x=0.8680533411097351, y=0.09448365715355575, z=-0.4108940439003471, w=-0.2621494234331537)",[0. 0. 0. 0. 0. 0. 0. 0. 0.],"geometry_msgs.msg.Vector3(x=64.9375, y=0.5, z=7.0625)",[0. 0. 0. 0. 0. 0. 0. 0. 0.],"geometry_msgs.msg.Vector3(x=0.56005859375, y=0.26025390625, z=0.533203125)",[0. 0. 0. 0. 0. 0. 0. 0. 0.],False
1731182670483075170,"std_msgs.msg.Header(stamp=builtin_interfaces.msg.Time(sec=1731182670, nanosec=482511323), frame_id='RL_myo')","geometry_msgs.msg.Quaternion(x=0.8697494488712214, y=0.09197981890869689, z=-0.41119312540669606, w=-0.25689652142448915)",[0. 0. 0. 0. 0. 0. 0. 0. 0.],"geometry_msgs.msg.Vector3(x=-0.5625, y=1.625, z=34.5)",[0. 0. 0. 0. 0. 0. 0. 0. 0.],"geometry_msgs.msg.Vector3(x=0.609375, y=0.33544921875, z=0.58349609375)",[0. 0. 0. 0. 0. 0. 0. 0. 0.],False
1731182670504247757,"std_msgs.msg.Header(stamp=builtin_interfaces.msg.Time(sec=1731182670, nanosec=503751686), frame_id='RL_myo')","geometry_msgs.msg.Quaternion(x=0.8722216934263184, y=0.08514690429179245, z=-0.4090103266374919, w=-0.25434204314258)",[0. 0. 0. 0. 0. 0. 0. 0. 0.],"geometry_msgs.msg.Vector3(x=-29.9375, y=5.375, z=30.1875)",[0. 0. 0. 0. 0. 0. 0. 0. 0.],"geometry_msgs.msg.Vector3(x=0.5849609375, y=0.28759765625, z=0.626953125)",[0. 0. 0. 0. 0. 0. 0. 0. 0.],False
1731182670530293458,"std_msgs.msg.Header(stamp=builtin_interfaces.msg.Time(sec=1731182670, nanosec=529737546), frame_id='RL_myo')","geometry_msgs.msg.Quaternion(x=0.8736536383585695, y=0.08160366874985381, z=-0.40807937865484106, w=-0.2520741600126374)",[0. 0. 0. 0. 0. 0. 0. 0. 0.],"geometry_msgs.msg.Vector3(x=-13.5, y=4.5, z=19.9375)",[0. 0. 0. 0. 0. 0. 0. 0. 0.],"geometry_msgs.msg.Vector3(x=0.67919921875, y=0.32080078125, z=0.642578125)",[0. 0. 0. 0. 0. 0. 0. 0. 0.],False
1731182670549214333,"std_msgs.msg.Header(stamp=builtin_interfaces.msg.Time(sec=1731182670, nanosec=548574399), frame_id='RL_myo')","geometry_msgs.msg.Quaternion(x=0.8731961823465839, y=0.0847194394727428, z=-0.4091314141108033, w=-0.25092335423086864)",[0. 0. 0. 0. 0. 0. 0. 0. 0.],"geometry_msgs.msg.Vector3(x=16.875, y=1.875, z=-0.4375)",[0. 0. 0. 0. 0. 0. 0. 0. 0.],"geometry_msgs.msg.Vector3(x=0.71435546875, y=0.40625, z=0.62841796875)",[0. 0. 0. 0. 0. 0. 0. 0. 0.],False
1731182670565675319,"std_msgs.msg.Header(stamp=builtin_interfaces.msg.Time(sec=1731182670, nanosec=565167917), frame_id='RL_myo')","geometry_msgs.msg.Quaternion(x=0.8712709417556653, y=0.09234556461480362, z=-0.41143519568300807, w=-0.25115796324515327)",[0. 0. 0. 0. 0. 0. 0. 0. 0.],"geometry_msgs.msg.Vector3(x=34.125, y=-1.1875, z=-14.9375)",[0. 0. 0. 0. 0. 0. 0. 0. 0.],"geometry_msgs.msg.Vector3(x=0.68359375, y=0.498046875, z=0.5703125)",[0. 0. 0. 0. 0. 0. 0. 0. 0.],False
1731182670595547074,"std_msgs.msg.Header(stamp=builtin_interfaces.msg.Time(sec=1731182670, nanosec=594933718), frame_id='RL_myo')","geometry_msgs.msg.Quaternion(x=0.8695622378444913, y=0.09814389544844121, z=-0.4131442962005588, w=-0.2520735623147153)",[0. 0. 0. 0. 0. 0. 0. 0. 0.],"geometry_msgs.msg.Vector3(x=21.5625, y=-1.625, z=-12.5)",[0. 0. 0. 0. 0. 0. 0. 0. 0.],"geometry_msgs.msg.Vector3(x=0.61083984375, y=0.49560546875, z=0.517578125)",[0. 0. 0. 0. 0. 0. 0. 0. 0.],False
1731182670601649118,"std_msgs.msg.Header(stamp=builtin_interfaces.msg.Time(sec=1731182670, nanosec=601099179), frame_id='RL_myo')","geometry_msgs.msg.Quaternion(x=0.8692592984019877, y=0.09826621755562422, z=-0.41326742799324945, w=-0.2528676641819572)",[0. 0. 0. 0. 0. 0. 0. 0. 0.],"geometry_msgs.msg.Vector3(x=-6.0, y=0.25, z=-0.25)",[0. 0. 0. 0. 0. 0. 0. 0. 0.],"geometry_msgs.msg.Vector3(x=0.5869140625, y=0.4267578125, z=0.5224609375)",[0. 0. 0. 0. 0. 0. 0. 0. 0.],False
1731182670631666081,"std_msgs.msg.Header(stamp=builtin_interfaces.msg.Time(sec=1731182670, nanosec=631071554), frame_id='RL_myo')","geometry_msgs.msg.Quaternion(x=0.8696579427996075, y=0.0944245394098114, z=-0.4127945442977081, w=-0.253731616242137)",[0. 0. 0. 0. 0. 0. 0. 0. 0.],"geometry_msgs.msg.Vector3(x=-25.875, y=-1.125, z=7.5625)",[0. 0. 0. 0. 0. 0. 0. 0. 0.],"geometry_msgs.msg.Vector3(x=0.60107421875, y=0.39306640625, z=0.54248046875)",[0. 0. 0. 0. 0. 0. 0. 0. 0.],False
1731182670646549513,"std_msgs.msg.Header(stamp=builtin_interfaces.msg.Time(sec=1731182670, nanosec=645975855), frame_id='RL_myo')","geometry_msgs.msg.Quaternion(x=0.8703264434761923, y=0.08899193173352186, z=-0.41187760997106004, w=-0.2548904711379886)",[0. 0. 0. 0. 0. 0. 0. 0. 0.],"geometry_msgs.msg.Vector3(x=-31.875, y=-1.625, z=7.4375)",[0. 0. 0. 0. 0. 0. 0. 0. 0.],"geometry_msgs.msg.Vector3(x=0.61474609375, y=0.33251953125, z=0.5732421875)",[0. 0. 0. 0. 0. 0. 0. 0. 0.],False
1731182670661653973,"std_msgs.msg.Header(stamp=builtin_interfaces.msg.Time(sec=1731182670, nanosec=661111104), frame_id='RL_myo')","geometry_msgs.msg.Quaternion(x=0.8712233630264563, y=0.0844733875878251, z=-0.41040394374316186, w=-0.2557395187810601)",[0. 0. 0. 0. 0. 0. 0. 0. 0.],"geometry_msgs.msg.Vector3(x=-24.125, y=0.1875, z=5.5)",[0. 0. 0. 0. 0. 0. 0. 0. 0.],"geometry_msgs.msg.Vector3(x=0.599609375, y=0.28369140625, z=0.6259765625)",[0. 0. 0. 0. 0. 0. 0. 0. 0.],False
1731182670691610507,"std_msgs.msg.Header(stamp=builtin_interfaces.msg.Time(sec=1731182670, nanosec=691042275), frame_id='RL_myo')","geometry_msgs.msg.Quaternion(x=0.8721049101256081, y=0.08221761715699848, z=-0.4091348832987088, w=-0.25550330023696777)",[0. 0. 0. 0. 0. 0. 0. 0. 0.],"geometry_msgs.msg.Vector3(x=-8.75, y=0.9375, z=4.625)",[0. 0. 0. 0. 0. 0. 0. 0. 0.],"geometry_msgs.msg.Vector3(x=0.59765625, y=0.2646484375, z=0.6669921875)",[0. 0. 0. 0. 0. 0. 0. 0. 0.],False
1731182670708358533,"std_msgs.msg.Header(stamp=builtin_interfaces.msg.Time(sec=1731182670, nanosec=707743991), frame_id='RL_myo')","geometry_msgs.msg.Quaternion(x=0.8728767651243525, y=0.08209350738355739, z=-0.4080871303839886, w=-0.2545814269864817)",[0. 0. 0. 0. 0. 0. 0. 0. 0.],"geometry_msgs.msg.Vector3(x=2.875, y=2.875, z=4.375)",[0. 0. 0. 0. 0. 0. 0. 0. 0.],"geometry_msgs.msg.Vector3(x=0.591796875, y=0.28515625, z=0.669921875)",[0. 0. 0. 0. 0. 0. 0. 0. 0.],False
1731182670721606016,"std_msgs.msg.Header(stamp=builtin_interfaces.msg.Time(sec=1731182670, nanosec=721059117), frame_id='RL_myo')","geometry_msgs.msg.Quaternion(x=0.8735482285525278, y=0.0831921629064488, z=-0.4071105844358133, w=-0.25348279717570205)",[0. 0. 0. 0. 0. 0. 0. 0. 0.],"geometry_msgs.msg.Vector3(x=6.75, y=5.3125, z=4.8125)",[0. 0. 0. 0. 0. 0. 0. 0. 0.],"geometry_msgs.msg.Vector3(x=0.57763671875, y=0.33251953125, z=0.6328125)",[0. 0. 0. 0. 0. 0. 0. 0. 0.],False
1731182670745751266,"std_msgs.msg.Header(stamp=builtin_interfaces.msg.Time(sec=1731182670, nanosec=745173924), frame_id='RL_myo')","geometry_msgs.msg.Quaternion(x=0.8740317697001985, y=0.08441242580274962, z=-0.4063149085819987, w=-0.25268795576528086)",[0. 0. 0. 0. 0. 0. 0. 0. 0.],"geometry_msgs.msg.Vector3(x=4.75, y=5.375, z=4.5)",[0. 0. 0. 0. 0. 0. 0. 0. 0.],"geometry_msgs.msg.Vector3(x=0.5830078125, y=0.37060546875, z=0.61279296875)",[0. 0. 0. 0. 0. 0. 0. 0. 0.],False
1731182670775532661,"std_msgs.msg.Header(stamp=builtin_interfaces.msg.Time(sec=1731182670, nanosec=774929229), frame_id='RL_myo')","geometry_msgs.msg.Quaternion(x=0.8743095825042845, y=0.08520322353759031, z=-0.4059359883585338, w=-0.2520697086033295)",[0. 0. 0. 0. 0. 0. 0. 0. 0.],"geometry_msgs.msg.Vector3(x=1.875, y=3.1875, z=4.3125)",[0. 0. 0. 0. 0. 0. 0. 0. 0.],"geometry_msgs.msg.Vector3(x=0.59521484375, y=0.38330078125, z=0.6015625)",[0. 0. 0. 0. 0. 0. 0. 0. 0.],False
1731182670781613947,"std_msgs.msg.Header(stamp=builtin_interfaces.msg.Time(sec=1731182670, nanosec=781079950), frame_id='RL_myo')","geometry_msgs.msg.Quaternion(x=0.8744786121877287, y=0.0858181704987748, z=-0.4057746781478342, w=-0.2515339122513876)",[0. 0. 0. 0. 0. 0. 0. 0. 0.],"geometry_msgs.msg.Vector3(x=2.0625, y=1.375, z=4.125)",[0. 0. 0. 0. 0. 0. 0. 0. 0.],"geometry_msgs.msg.Vector3(x=0.59033203125, y=0.369140625, z=0.6025390625)",[0. 0. 0. 0. 0. 0. 0. 0. 0.],False
1731182670811412720,"std_msgs.msg.Header(stamp=builtin_interfaces.msg.Time(sec=1731182670, nanosec=810906259), frame_id='RL_myo')","geometry_msgs.msg.Quaternion(x=0.8746771963091604, y=0.08636300556677566, z=-0.405692507422161, w=-0.25078840273772524)",[0. 0. 0. 0. 0. 0. 0. 0. 0.],"geometry_msgs.msg.Vector3(x=2.9375, y=0.875, z=4.625)",[0. 0. 0. 0. 0. 0. 0. 0. 0.],"geometry_msgs.msg.Vector3(x=0.5966796875, y=0.35986328125, z=0.61083984375)",[0. 0. 0. 0. 0. 0. 0. 0. 0.],False
1731182670835953724,"std_msgs.msg.Header(stamp=builtin_interfaces.msg.Time(sec=1731182670, nanosec=835445077), frame_id='RL_myo')","geometry_msgs.msg.Quaternion(x=0.8749534141291377, y=0.0866713531959104, z=-0.40540220276565975, w=-0.2501872371479132)",[0. 0. 0. 0. 0. 0. 0. 0. 0.],"geometry_msgs.msg.Vector3(x=1.4375, y=1.5, z=3.875)",[0. 0. 0. 0. 0. 0. 0. 0. 0.],"geometry_msgs.msg.Vector3(x=0.5947265625, y=0.35107421875, z=0.6123046875)",[0. 0. 0. 0. 0. 0. 0. 0. 0.],False
1731182670841458521,"std_msgs.msg.Header(stamp=builtin_interfaces.msg.Time(sec=1731182670, nanosec=840944575), frame_id='RL_myo')","geometry_msgs.msg.Quaternion(x=0.8751738952351933, y=0.08697418234954672, z=-0.40490296540834597, w=-0.25011943808311754)",[0. 0. 0. 0. 0. 0. 0. 0. 0.],"geometry_msgs.msg.Vector3(x=0.375, y=1.3125, z=1.375)",[0. 0. 0. 0. 0. 0. 0. 0. 0.],"geometry_msgs.msg.Vector3(x=0.58740234375, y=0.34375, z=0.623046875)",[0. 0. 0. 0. 0. 0. 0. 0. 0.],False
1731182670864323485,"std_msgs.msg.Header(stamp=builtin_interfaces.msg.Time(sec=1731182670, nanosec=863720930), frame_id='RL_myo')","geometry_msgs.msg.Quaternion(x=0.8751955226279552, y=0.08697633166502798, z=-0.40485193539237235, w=-0.25012561906195413)",[0. 0. 0. 0. 0. 0. 0. 0. 0.],"geometry_msgs.msg.Vector3(x=0.0, y=-0.125, z=0.1875)",[0. 0. 0. 0. 0. 0. 0. 0. 0.],"geometry_msgs.msg.Vector3(x=0.580078125, y=0.33642578125, z=0.630859375)",[0. 0. 0. 0. 0. 0. 0. 0. 0.],False
1731182670886562399,"std_msgs.msg.Header(stamp=builtin_interfaces.msg.Time(sec=1731182670, nanosec=885982281), frame_id='RL_myo')","geometry_msgs.msg.Quaternion(x=0.8751817654839522, y=0.08776842030587372, z=-0.405089711801171, w=-0.24951133672490386)",[0. 0. 0. 0. 0. 0. 0. 0. 0.],"geometry_msgs.msg.Vector3(x=6.5, y=-2.5625, z=1.9375)",[0. 0. 0. 0. 0. 0. 0. 0. 0.],"geometry_msgs.msg.Vector3(x=0.583984375, y=0.32568359375, z=0.63232421875)",[0. 0. 0. 0. 0. 0. 0. 0. 0.],False
1731182670905166465,"std_msgs.msg.Header(stamp=builtin_interfaces.msg.Time(sec=1731182670, nanosec=904613952), frame_id='RL_myo')","geometry_msgs.msg.Quaternion(x=0.8749474296326427, y=0.0894173689858264, z=-0.4061318588612211, w=-0.24804927478388977)",[0. 0. 0. 0. 0. 0. 0. 0. 0.],"geometry_msgs.msg.Vector3(x=13.25, y=-3.8125, z=4.1875)",[0. 0. 0. 0. 0. 0. 0. 0. 0.],"geometry_msgs.msg.Vector3(x=0.61083984375, y=0.33642578125, z=0.6181640625)",[0. 0. 0. 0. 0. 0. 0. 0. 0.],False
1731182670924414630,"std_msgs.msg.Header(stamp=builtin_interfaces.msg.Time(sec=1731182670, nanosec=923798106), frame_id='RL_myo')","geometry_msgs.msg.Quaternion(x=0.8745415324940493, y=0.09180000452757191, z=-0.40754563180225906, w=-0.24628525150847913)",[0. 0. 0. 0. 0. 0. 0. 0. 0.],"geometry_msgs.msg.Vector3(x=16.875, y=-3.1875, z=4.4375)",[0. 0. 0. 0. 0. 0. 0. 0. 0.],"geometry_msgs.msg.Vector3(x=0.623046875, y=0.35888671875, z=0.59814453125)",[0. 0. 0. 0. 0. 0. 0. 0. 0.],False
1731182670956106348,"std_msgs.msg.Header(stamp=builtin_interfaces.msg.Time(sec=1731182670, nanosec=955500126), frame_id='RL_myo')","geometry_msgs.msg.Quaternion(x=0.8742890418898688, y=0.0939964482344595, z=-0.40857936654641036, w=-0.24463491202838553)",[0. 0. 0. 0. 0. 0. 0. 0. 0.],"geometry_msgs.msg.Vector3(x=14.6875, y=-1.875, z=5.0)",[0. 0. 0. 0. 0. 0. 0. 0. 0.],"geometry_msgs.msg.Vector3(x=0.61083984375, y=0.3720703125, z=0.5927734375)",[0. 0. 0. 0. 0. 0. 0. 0. 0.],False
1731182670961593739,"std_msgs.msg.Header(stamp=builtin_interfaces.msg.Time(sec=1731182670, nanosec=961023015), frame_id='RL_myo')","geometry_msgs.msg.Quaternion(x=0.8741555997127332, y=0.09539905057610681, z=-0.40930648314995033, w=-0.24334997738127825)",[0. 0. 0. 0. 0. 0. 0. 0. 0.],"geometry_msgs.msg.Vector3(x=9.625, y=-1.5625, z=5.375)",[0. 0. 0. 0. 0. 0. 0. 0. 0.],"geometry_msgs.msg.Vector3(x=0.5986328125, y=0.36962890625, z=0.587890625)",[0. 0. 0. 0. 0. 0. 0. 0. 0.],False
1731182670984296753,"std_msgs.msg.Header(stamp=builtin_interfaces.msg.Time(sec=1731182670, nanosec=983724384), frame_id='RL_myo')","geometry_msgs.msg.Quaternion(x=0.8741483962942234, y=0.09582551195237611, z=-0.40973035779382216, w=-0.24249347706164986)",[0. 0. 0. 0. 0. 0. 0. 0. 0.],"geometry_msgs.msg.Vector3(x=4.0, y=-2.375, z=4.9375)",[0. 0. 0. 0. 0. 0. 0. 0. 0.],"geometry_msgs.msg.Vector3(x=0.5986328125, y=0.35693359375, z=0.6044921875)",[0. 0. 0. 0. 0. 0. 0. 0. 0.],False
1731182671015289549,"std_msgs.msg.Header(stamp=builtin_interfaces.msg.Time(sec=1731182671, nanosec=14642053), frame_id='RL_myo')","geometry_msgs.msg.Quaternion(x=0.8742324314135778, y=0.09533973733631282, z=-0.40998528533163453, w=-0.2419505242004763)",[0. 0. 0. 0. 0. 0. 0. 0. 0.],"geometry_msgs.msg.Vector3(x=-0.25, y=-2.6875, z=3.9375)",[0. 0. 0. 0. 0. 0. 0. 0. 0.],"geometry_msgs.msg.Vector3(x=0.6083984375, y=0.330078125, z=0.60888671875)",[0. 0. 0. 0. 0. 0. 0. 0. 0.],False
1731182671024502582,"std_msgs.msg.Header(stamp=builtin_interfaces.msg.Time(sec=1731182671, nanosec=23920955), frame_id='RL_myo')","geometry_msgs.msg.Quaternion(x=0.8742913479544023, y=0.09485121158343628, z=-0.4100453278105051, w=-0.24182786376677898)",[0. 0. 0. 0. 0. 0. 0. 0. 0.],"geometry_msgs.msg.Vector3(x=-1.25, y=-1.9375, z=1.625)",[0. 0. 0. 0. 0. 0. 0. 0. 0.],"geometry_msgs.msg.Vector3(x=0.61279296875, y=0.32275390625, z=0.6103515625)",[0. 0. 0. 0. 0. 0. 0. 0. 0.],False
1731182671044221201,"std_msgs.msg.Header(stamp=builtin_interfaces.msg.Time(sec=1731182671, nanosec=43658308), frame_id='RL_myo')","geometry_msgs.msg.Quaternion(x=0.8742393818544134, y=0.094730120829299, z=-0.41011061975003865, w=-0.24195244778823533)",[0. 0. 0. 0. 0. 0. 0. 0. 0.],"geometry_msgs.msg.Vector3(x=0.375, y=-1.9375, z=-1.0)",[0. 0. 0. 0. 0. 0. 0. 0. 0.],"geometry_msgs.msg.Vector3(x=0.6064453125, y=0.3193359375, z=0.61083984375)",[0. 0. 0. 0. 0. 0. 0. 0. 0.],False
1731182671066696807,"std_msgs.msg.Header(stamp=builtin_interfaces.msg.Time(sec=1731182671, nanosec=66116162), frame_id='RL_myo')","geometry_msgs.msg.Quaternion(x=0.8740434088054881, y=0.09515598284411704, z=-0.41028769511106783, w=-0.24219303394833638)",[0. 0. 0. 0. 0. 0. 0. 0. 0.],"geometry_msgs.msg.Vector3(x=1.75, y=-1.8125, z=-2.0)",[0. 0. 0. 0. 0. 0. 0. 0. 0.],"geometry_msgs.msg.Vector3(x=0.60009765625, y=0.33837890625, z=0.59814453125)",[0. 0. 0. 0. 0. 0. 0. 0. 0.],False
1731182671085384703,"std_msgs.msg.Header(stamp=builtin_interfaces.msg.Time(sec=1731182671, nanosec=84793342), frame_id='RL_myo')","geometry_msgs.msg.Quaternion(x=0.8738834883309041, y=0.09557909922658163, z=-0.41039199438029045, w=-0.24242668079692353)",[0. 0. 0. 0. 0. 0. 0. 0. 0.],"geometry_msgs.msg.Vector3(x=1.125, y=-0.75, z=-1.5)",[0. 0. 0. 0. 0. 0. 0. 0. 0.],"geometry_msgs.msg.Vector3(x=0.6064453125, y=0.349609375, z=0.5888671875)",[0. 0. 0. 0. 0. 0. 0. 0. 0.],False
1731182671120366694,"std_msgs.msg.Header(stamp=builtin_interfaces.msg.Time(sec=1731182671, nanosec=119823354), frame_id='RL_myo')","geometry_msgs.msg.Quaternion(x=0.8738649236728153, y=0.09564478140639111, z=-0.41022882950373624, w=-0.2427436475132211)",[0. 0. 0. 0. 0. 0. 0. 0. 0.],"geometry_msgs.msg.Vector3(x=-0.9375, y=-0.1875, z=-1.0625)",[0. 0. 0. 0. 0. 0. 0. 0. 0.],"geometry_msgs.msg.Vector3(x=0.60791015625, y=0.3505859375, z=0.60009765625)",[0. 0. 0. 0. 0. 0. 0. 0. 0.],False
1731182671126545041,"std_msgs.msg.Header(stamp=builtin_interfaces.msg.Time(sec=1731182671, nanosec=126074701), frame_id='RL_myo')","geometry_msgs.msg.Quaternion(x=0.8737966827843796, y=0.09552192012835667, z=-0.41004233828900966, w=-0.24335200993722558)",[0. 0. 0. 0. 0. 0. 0. 0. 0.],"geometry_msgs.msg.Vector3(x=-3.0625, y=0.3125, z=-1.75)",[0. 0. 0. 0. 0. 0. 0. 0. 0.],"geometry_msgs.msg.Vector3(x=0.60986328125, y=0.35400390625, z=0.5927734375)",[0. 0. 0. 0. 0. 0. 0. 0. 0.],False
1731182671149117757,"std_msgs.msg.Header(stamp=builtin_interfaces.msg.Time(sec=1731182671, nanosec=148524309), frame_id='RL_myo')","geometry_msgs.msg.Quaternion(x=0.8737327347873999, y=0.09539952947766023, z=-0.4097357910323308, w=-0.2441446691686762)",[0. 0. 0. 0. 0. 0. 0. 0. 0.],"geometry_msgs.msg.Vector3(x=-4.1875, y=0.3125, z=-2.5)",[0. 0. 0. 0. 0. 0. 0. 0. 0.],"geometry_msgs.msg.Vector3(x=0.60400390625, y=0.36376953125, z=0.59033203125)",[0. 0. 0. 0. 0. 0. 0. 0. 0.],False
1731182671163981163,"std_msgs.msg.Header(stamp=builtin_interfaces.msg.Time(sec=1731182671, nanosec=163605089), frame_id='RL_myo')","geometry_msgs.msg.Quaternion(x=0.8736123043835425, y=0.09546074506084402, z=-0.40943137971108806, w=-0.24506067226297235)",[0. 0. 0. 0. 0. 0. 0. 0. 0.],"geometry_msgs.msg.Vector3(x=-4.1875, y=0.75, z=-3.25)",[0. 0. 0. 0. 0. 0. 0. 0. 0.],"geometry_msgs.msg.Vector3(x=0.60888671875, y=0.373046875, z=0.58984375)",[0. 0. 0. 0. 0. 0. 0. 0. 0.],False
1731182671196112593,"std_msgs.msg.Header(stamp=builtin_interfaces.msg.Time(sec=1731182671, nanosec=195588814), frame_id='RL_myo')","geometry_msgs.msg.Quaternion(x=0.8735519189726838, y=0.09527770720488817, z=-0.4089433941529473, w=-0.24615950874908007)",[0. 0. 0. 0. 0. 0. 0. 0. 0.],"geometry_msgs.msg.Vector3(x=-5.625, y=0.8125, z=-3.625)",[0. 0. 0. 0. 0. 0. 0. 0. 0.],"geometry_msgs.msg.Vector3(x=0.59912109375, y=0.37109375, z=0.59375)",[0. 0. 0. 0. 0. 0. 0. 0. 0.],False
1731182671218549525,"std_msgs.msg.Header(stamp=builtin_interfaces.msg.Time(sec=1731182671, nanosec=217986562), frame_id='RL_myo')","geometry_msgs.msg.Quaternion(x=0.8735366108685365, y=0.09497086127106225, z=-0.40838691051714493, w=-0.2472538296973478)",[0. 0. 0. 0. 0. 0. 0. 0. 0.],"geometry_msgs.msg.Vector3(x=-6.4375, y=0.8125, z=-3.0)",[0. 0. 0. 0. 0. 0. 0. 0. 0.],"geometry_msgs.msg.Vector3(x=0.59130859375, y=0.3720703125, z=0.587890625)",[0. 0. 0. 0. 0. 0. 0. 0. 0.],False
1731182671224019316,"std_msgs.msg.Header(stamp=builtin_interfaces.msg.Time(sec=1731182671, nanosec=223530152), frame_id='RL_myo')","geometry_msgs.msg.Quaternion(x=0.873549512383864, y=0.09478915544523063, z=-0.40784361666775987, w=-0.2481730238508099)",[0. 0. 0. 0. 0. 0. 0. 0. 0.],"geometry_msgs.msg.Vector3(x=-5.5625, y=1.0625, z=-2.25)",[0. 0. 0. 0. 0. 0. 0. 0. 0.],"geometry_msgs.msg.Vector3(x=0.5849609375, y=0.36767578125, z=0.595703125)",[0. 0. 0. 0. 0. 0. 0. 0. 0.],False
1731182671242706781,"std_msgs.msg.Header(stamp=builtin_interfaces.msg.Time(sec=1731182671, nanosec=242102824), frame_id='RL_myo')","geometry_msgs.msg.Quaternion(x=0.8736241187467693, y=0.09460751652745701, z=-0.4072395808201247, w=-0.24897036123580463)",[0. 0. 0. 0. 0. 0. 0. 0. 0.],"geometry_msgs.msg.Vector3(x=-4.5625, y=1.0, z=-2.125)",[0. 0. 0. 0. 0. 0. 0. 0. 0.],"geometry_msgs.msg.Vector3(x=0.58984375, y=0.36328125, z=0.6064453125)",[0. 0. 0. 0. 0. 0. 0. 0. 0.],False
1731182671263055034,"std_msgs.msg.Header(stamp=builtin_interfaces.msg.Time(sec=1731182671, nanosec=262455033), frame_id='RL_myo')","geometry_msgs.msg.Quaternion(x=0.873613267740667, y=0.09448426873908702, z=-0.4068072681821802, w=-0.2497607413955711)",[0. 0. 0. 0. 0. 0. 0. 0. 0.],"geometry_msgs.msg.Vector3(x=-3.8125, y=0.6875, z=-2.6875)",[0. 0. 0. 0. 0. 0. 0. 0. 0.],"geometry_msgs.msg.Vector3(x=0.59423828125, y=0.3583984375, z=0.599609375)",[0. 0. 0. 0. 0. 0. 0. 0. 0.],False
1731182671283991516,"std_msgs.msg.Header(stamp=builtin_interfaces.msg.Time(sec=1731182671, nanosec=283587780), frame_id='RL_myo')","geometry_msgs.msg.Quaternion(x=0.8735537284021235, y=0.09466754001898363, z=-0.4064417466063262, w=-0.250493606858742)",[0. 0. 0. 0. 0. 0. 0. 0. 0.],"geometry_msgs.msg.Vector3(x=-2.625, y=0.625, z=-2.8125)",[0. 0. 0. 0. 0. 0. 0. 0. 0.],"geometry_msgs.msg.Vector3(x=0.591796875, y=0.36669921875, z=0.6044921875)",[0. 0. 0. 0. 0. 0. 0. 0. 0.],False
1731182671302031304,"std_msgs.msg.Header(stamp=builtin_interfaces.msg.Time(sec=1731182671, nanosec=301516235), frame_id='RL_myo')","geometry_msgs.msg.Quaternion(x=0.8735330166397429, y=0.09503150551342089, z=-0.40606589992343556, w=-0.25103698277244707)",[0. 0. 0. 0. 0. 0. 0. 0. 0.],"geometry_msgs.msg.Vector3(x=-1.375, y=1.1875, z=-1.75)",[0. 0. 0. 0. 0. 0. 0. 0. 0.],"geometry_msgs.msg.Vector3(x=0.59033203125, y=0.3720703125, z=0.59521484375)",[0. 0. 0. 0. 0. 0. 0. 0. 0.],False
1731182671325245025,"std_msgs.msg.Header(stamp=builtin_interfaces.msg.Time(sec=1731182671, nanosec=324693928), frame_id='RL_myo')","geometry_msgs.msg.Quaternion(x=0.8735279483481388, y=0.09509198878747907, z=-0.4060635439044276, w=-0.2510355262406299)",[0. 0. 0. 0. 0. 0. 0. 0. 0.],"geometry_msgs.msg.Vector3(x=-0.4375, y=0.9375, z=0.125)",[0. 0. 0. 0. 0. 0. 0. 0. 0.],"geometry_msgs.msg.Vector3(x=0.58935546875, y=0.359375, z=0.60791015625)",[0. 0. 0. 0. 0. 0. 0. 0. 0.],False
1731182671343970166,"std_msgs.msg.Header(stamp=builtin_interfaces.msg.Time(sec=1731182671, nanosec=343511162), frame_id='RL_myo')","geometry_msgs.msg.Quaternion(x=0.8734867613161913, y=0.09515518558395236, z=-0.4061338068477351, w=-0.2510412304726081)",[0. 0. 0. 0. 0. 0. 0. 0. 0.],"geometry_msgs.msg.Vector3(x=-0.3125, y=-0.875, z=1.0625)",[0. 0. 0. 0. 0. 0. 0. 0. 0.],"geometry_msgs.msg.Vector3(x=0.5986328125, y=0.35791015625, z=0.59814453125)",[0. 0. 0. 0. 0. 0. 0. 0. 0.],False
1731182671362658929,"std_msgs.msg.Header(stamp=builtin_interfaces.msg.Time(sec=1731182671, nanosec=362105992), frame_id='RL_myo')","geometry_msgs.msg.Quaternion(x=0.8733342888948873, y=0.09533497513829156, z=-0.4064248395940355, w=-0.25103249215351675)",[0. 0. 0. 0. 0. 0. 0. 0. 0.],"geometry_msgs.msg.Vector3(x=0.0625, y=-1.125, z=0.5)",[0. 0. 0. 0. 0. 0. 0. 0. 0.],"geometry_msgs.msg.Vector3(x=0.60791015625, y=0.365234375, z=0.5908203125)",[0. 0. 0. 0. 0. 0. 0. 0. 0.],False
1731182671385104037,"std_msgs.msg.Header(stamp=builtin_interfaces.msg.Time(sec=1731182671, nanosec=384534083), frame_id='RL_myo')","geometry_msgs.msg.Quaternion(x=0.8732930554277645, y=0.09545920734477381, z=-0.4065561253986818, w=-0.2509161134235071)",[0. 0. 0. 0. 0. 0. 0. 0. 0.],"geometry_msgs.msg.Vector3(x=0.125, y=-0.5625, z=1.125)",[0. 0. 0. 0. 0. 0. 0. 0. 0.],"geometry_msgs.msg.Vector3(x=0.60498046875, y=0.35400390625, z=0.59375)",[0. 0. 0. 0. 0. 0. 0. 0. 0.],False
1731182671403941707,"std_msgs.msg.Header(stamp=builtin_interfaces.msg.Time(sec=1731182671, nanosec=403445873), frame_id='RL_myo')","geometry_msgs.msg.Quaternion(x=0.8732403057855254, y=0.09539907723092027, z=-0.40668205475983477, w=-0.2509184942394838)",[0. 0. 0. 0. 0. 0. 0. 0. 0.],"geometry_msgs.msg.Vector3(x=-0.5625, y=-1.1875, z=1.0)",[0. 0. 0. 0. 0. 0. 0. 0. 0.],"geometry_msgs.msg.Vector3(x=0.60400390625, y=0.3525390625, z=0.6005859375)",[0. 0. 0. 0. 0. 0. 0. 0. 0.],False
1731182671426624791,"std_msgs.msg.Header(stamp=builtin_interfaces.msg.Time(sec=1731182671, nanosec=426036967), frame_id='RL_myo')","geometry_msgs.msg.Quaternion(x=0.8731181331960791, y=0.09521595860090062, z=-0.4069871871479521, w=-0.25091846526173234)",[0. 0. 0. 0. 0. 0. 0. 0. 0.],"geometry_msgs.msg.Vector3(x=0.25, y=-3.0, z=-0.1875)",[0. 0. 0. 0. 0. 0. 0. 0. 0.],"geometry_msgs.msg.Vector3(x=0.61279296875, y=0.3349609375, z=0.61767578125)",[0. 0. 0. 0. 0. 0. 0. 0. 0.],False
1731182671444368000,"std_msgs.msg.Header(stamp=builtin_interfaces.msg.Time(sec=1731182671, nanosec=443819736), frame_id='RL_myo')","geometry_msgs.msg.Quaternion(x=0.8727039258174943, y=0.09540049210048564, z=-0.40760363803393673, w=-0.25128843632610326)",[0. 0. 0. 0. 0. 0. 0. 0. 0.],"geometry_msgs.msg.Vector3(x=1.5625, y=-4.375, z=-2.4375)",[0. 0. 0. 0. 0. 0. 0. 0. 0.],"geometry_msgs.msg.Vector3(x=0.60595703125, y=0.34228515625, z=0.6064453125)",[0. 0. 0. 0. 0. 0. 0. 0. 0.],False
1731182671471345369,"std_msgs.msg.Header(stamp=builtin_interfaces.msg.Time(sec=1731182671, nanosec=470866152), frame_id='RL_myo')","geometry_msgs.msg.Quaternion(x=0.8720837397495061, y=0.09613185121118926, z=-0.40827044619152064, w=-0.25207907650934075)",[0. 0. 0. 0. 0. 0. 0. 0. 0.],"geometry_msgs.msg.Vector3(x=2.4375, y=-4.0, z=-5.625)",[0. 0. 0. 0. 0. 0. 0. 0. 0.],"geometry_msgs.msg.Vector3(x=0.61083984375, y=0.3505859375, z=0.59033203125)",[0. 0. 0. 0. 0. 0. 0. 0. 0.],False
1731182671481952556,"std_msgs.msg.Header(stamp=builtin_interfaces.msg.Time(sec=1731182671, nanosec=481356450), frame_id='RL_myo')","geometry_msgs.msg.Quaternion(x=0.8714762520369421, y=0.0968035674275522, z=-0.4085769737452928, w=-0.25342270615333967)",[0. 0. 0. 0. 0. 0. 0. 0. 0.],"geometry_msgs.msg.Vector3(x=1.625, y=-3.3125, z=-9.1875)",[0. 0. 0. 0. 0. 0. 0. 0. 0.],"geometry_msgs.msg.Vector3(x=0.60546875, y=0.3427734375, z=0.607421875)",[0. 0. 0. 0. 0. 0. 0. 0. 0.],False
1731182671505102288,"std_msgs.msg.Header(stamp=builtin_interfaces.msg.Time(sec=1731182671, nanosec=504499869), frame_id='RL_myo')","geometry_msgs.msg.Quaternion(x=0.8707260177651585, y=0.09753400928001706, z=-0.40875172725173603, w=-0.25543168262632754)",[0. 0. 0. 0. 0. 0. 0. 0. 0.],"geometry_msgs.msg.Vector3(x=0.1875, y=-3.875, z=-12.875)",[0. 0. 0. 0. 0. 0. 0. 0. 0.],"geometry_msgs.msg.Vector3(x=0.61474609375, y=0.34716796875, z=0.6240234375)",[0. 0. 0. 0. 0. 0. 0. 0. 0.],False
1731182671531630735,"std_msgs.msg.Header(stamp=builtin_interfaces.msg.Time(sec=1731182671, nanosec=531025154), frame_id='RL_myo')","geometry_msgs.msg.Quaternion(x=0.8698127699504676, y=0.09918221536520314, z=-0.40899693856137, w=-0.2575075486927951)",[0. 0. 0. 0. 0. 0. 0. 0. 0.],"geometry_msgs.msg.Vector3(x=5.0, y=-4.375, z=-15.125)",[0. 0. 0. 0. 0. 0. 0. 0. 0.],"geometry_msgs.msg.Vector3(x=0.6123046875, y=0.36376953125, z=0.64306640625)",[0. 0. 0. 0. 0. 0. 0. 0. 0.],False
1731182671546478262,"std_msgs.msg.Header(stamp=builtin_interfaces.msg.Time(sec=1731182671, nanosec=546033949), frame_id='RL_myo')","geometry_msgs.msg.Quaternion(x=0.8686078453907741, y=0.10211376047633793, z=-0.40967576827087876, w=-0.25934331635622226)",[0. 0. 0. 0. 0. 0. 0. 0. 0.],"geometry_msgs.msg.Vector3(x=13.5, y=-5.0625, z=-17.75)",[0. 0. 0. 0. 0. 0. 0. 0. 0.],"geometry_msgs.msg.Vector3(x=0.619140625, y=0.36328125, z=0.6484375)",[0. 0. 0. 0. 0. 0. 0. 0. 0.],False
1731182671565230638,"std_msgs.msg.Header(stamp=builtin_interfaces.msg.Time(sec=1731182671, nanosec=564705196), frame_id='RL_myo')","geometry_msgs.msg.Quaternion(x=0.8667447990291063, y=0.10778616400854882, z=-0.4111254817449518, w=-0.26098167457562554)",[0. 0. 0. 0. 0. 0. 0. 0. 0.],"geometry_msgs.msg.Vector3(x=29.0, y=-7.1875, z=-22.875)",[0. 0. 0. 0. 0. 0. 0. 0. 0.],"geometry_msgs.msg.Vector3(x=0.62109375, y=0.388671875, z=0.6708984375)",[0. 0. 0. 0. 0. 0. 0. 0. 0.],False
1731182671584059777,"std_msgs.msg.Header(stamp=builtin_interfaces.msg.Time(sec=1731182671, nanosec=583546653), frame_id='RL_myo')","geometry_msgs.msg.Quaternion(x=0.8638863671313254, y=0.11761403345076049, z=-0.41381585199592946, w=-0.2619613033578952)",[0. 0. 0. 0. 0. 0. 0. 0. 0.],"geometry_msgs.msg.Vector3(x=56.0, y=-9.5, z=-32.3125)",[0. 0. 0. 0. 0. 0. 0. 0. 0.],"geometry_msgs.msg.Vector3(x=0.6845703125, y=0.40478515625, z=0.73486328125)",[0. 0. 0. 0. 0. 0. 0. 0. 0.],False
1731182671613924968,"std_msgs.msg.Header(stamp=builtin_interfaces.msg.Time(sec=1731182671, nanosec=613448688), frame_id='RL_myo')","geometry_msgs.msg.Quaternion(x=0.8585041892677789, y=0.13641098130339016, z=-0.41844907732261427, w=-0.2631785912215742)",[0. 0. 0. 0. 0. 0. 0. 0. 0.],"geometry_msgs.msg.Vector3(x=102.8125, y=-8.9375, z=-57.375)",[0. 0. 0. 0. 0. 0. 0. 0. 0.],"geometry_msgs.msg.Vector3(x=0.8251953125, y=0.42041015625, z=0.833984375)",[0. 0. 0. 0. 0. 0. 0. 0. 0.],False
1731182671625055820,"std_msgs.msg.Header(stamp=builtin_interfaces.msg.Time(sec=1731182671, nanosec=624533740), frame_id='RL_myo')","geometry_msgs.msg.Quaternion(x=0.8506925222606386, y=0.16784362435189815, z=-0.42180628650762475, w=-0.2650098243403424)",[0. 0. 0. 0. 0. 0. 0. 0. 0.],"geometry_msgs.msg.Vector3(x=163.625, y=10.5, z=-95.875)",[0. 0. 0. 0. 0. 0. 0. 0. 0.],"geometry_msgs.msg.Vector3(x=0.9375, y=0.55810546875, z=0.90234375)",[0. 0. 0. 0. 0. 0. 0. 0. 0.],False
1731182671651576637,"std_msgs.msg.Header(stamp=builtin_interfaces.msg.Time(sec=1731182671, nanosec=651057913), frame_id='RL_myo')","geometry_msgs.msg.Quaternion(x=0.8412408584140508, y=0.20892167585803498, z=-0.4208340505524835, w=-0.26751495918368895)",[0. 0. 0. 0. 0. 0. 0. 0. 0.],"geometry_msgs.msg.Vector3(x=200.125, y=44.125, z=-127.1875)",[0. 0. 0. 0. 0. 0. 0. 0. 0.],"geometry_msgs.msg.Vector3(x=1.0, y=0.95654296875, z=0.72802734375)",[0. 0. 0. 0. 0. 0. 0. 0. 0.],False
1731182671662070083,"std_msgs.msg.Header(stamp=builtin_interfaces.msg.Time(sec=1731182671, nanosec=661549767), frame_id='RL_myo')","geometry_msgs.msg.Quaternion(x=0.8385728033944568, y=0.2372467054948871, z=-0.40918495334132315, w=-0.2703281859112053)",[0. 0. 0. 0. 0. 0. 0. 0. 0.],"geometry_msgs.msg.Vector3(x=108.5625, y=91.9375, z=-95.4375)",[0. 0. 0. 0. 0. 0. 0. 0. 0.],"geometry_msgs.msg.Vector3(x=0.923828125, y=1.4638671875, z=0.7001953125)",[0. 0. 0. 0. 0. 0. 0. 0. 0.],False
1731182671684594739,"std_msgs.msg.Header(stamp=builtin_interfaces.msg.Time(sec=1731182671, nanosec=684075948), frame_id='RL_myo')","geometry_msgs.msg.Quaternion(x=0.8419171042561537, y=0.2506708385660449, z=-0.38702307946123465, w=-0.2802728246153587)",[0. 0. 0. 0. 0. 0. 0. 0. 0.],"geometry_msgs.msg.Vector3(x=-6.9375, y=122.0625, z=-95.75)",[0. 0. 0. 0. 0. 0. 0. 0. 0.],"geometry_msgs.msg.Vector3(x=0.5576171875, y=1.6123046875, z=0.59716796875)",[0. 0. 0. 0. 0. 0. 0. 0. 0.],False
1731182671705702141,"std_msgs.msg.Header(stamp=builtin_interfaces.msg.Time(sec=1731182671, nanosec=705115683), frame_id='RL_myo')","geometry_msgs.msg.Quaternion(x=0.8488142752699953, y=0.2525019527426455, z=-0.35406425619049703, w=-0.30065859782699333)",[0. 0. 0. 0. 0. 0. 0. 0. 0.],"geometry_msgs.msg.Vector3(x=-104.375, y=146.9375, z=-133.625)",[0. 0. 0. 0. 0. 0. 0. 0. 0.],"geometry_msgs.msg.Vector3(x=0.32763671875, y=1.10546875, z=0.59375)",[0. 0. 0. 0. 0. 0. 0. 0. 0.],False
1731182671722005213,"std_msgs.msg.Header(stamp=builtin_interfaces.msg.Time(sec=1731182671, nanosec=721501818), frame_id='RL_myo')","geometry_msgs.msg.Quaternion(x=0.8525086080753085, y=0.2647189685131104, z=-0.3139761065324971, w=-0.32337585777783234)",[0. 0. 0. 0. 0. 0. 0. 0. 0.],"geometry_msgs.msg.Vector3(x=-63.125, y=187.75, z=-182.6875)",[0. 0. 0. 0. 0. 0. 0. 0. 0.],"geometry_msgs.msg.Vector3(x=0.04052734375, y=0.7763671875, z=0.61279296875)",[0. 0. 0. 0. 0. 0. 0. 0. 0.],False
1731182671744302590,"std_msgs.msg.Header(stamp=builtin_interfaces.msg.Time(sec=1731182671, nanosec=743768789), frame_id='RL_myo')","geometry_msgs.msg.Quaternion(x=0.8486312855461904, y=0.2990106924547459, z=-0.27575633976536884, w=-0.33819519226204264)",[0. 0. 0. 0. 0. 0. 0. 0. 0.],"geometry_msgs.msg.Vector3(x=75.125, y=213.125, z=-191.375)",[0. 0. 0. 0. 0. 0. 0. 0. 0.],"geometry_msgs.msg.Vector3(x=-0.4873046875, y=0.52490234375, z=0.4326171875)",[0. 0. 0. 0. 0. 0. 0. 0. 0.],False
1731182671764396223,"std_msgs.msg.Header(stamp=builtin_interfaces.msg.Time(sec=1731182671, nanosec=763749441), frame_id='RL_myo')","geometry_msgs.msg.Quaternion(x=0.8362087628605427, y=0.35371020297641204, z=-0.23664097617593605, w=-0.3458974495715836)",[0. 0. 0. 0. 0. 0. 0. 0. 0.],"geometry_msgs.msg.Vector3(x=194.9375, y=252.75, z=-201.25)",[0. 0. 0. 0. 0. 0. 0. 0. 0.],"geometry_msgs.msg.Vector3(x=-0.97802734375, y=0.58203125, z=0.0947265625)",[0. 0. 0. 0. 0. 0. 0. 0. 0.],False
1731182671782598239,"std_msgs.msg.Header(stamp=builtin_interfaces.msg.Time(sec=1731182671, nanosec=782094392), frame_id='RL_myo')","geometry_msgs.msg.Quaternion(x=0.8126814857715309, y=0.4168692863552051, z=-0.2062984169664119, w=-0.35101248401592744)",[0. 0. 0. 0. 0. 0. 0. 0. 0.],"geometry_msgs.msg.Vector3(x=278.625, y=221.8125, z=-209.375)",[0. 0. 0. 0. 0. 0. 0. 0. 0.],"geometry_msgs.msg.Vector3(x=-0.64306640625, y=0.935546875, z=0.2724609375)",[0. 0. 0. 0. 0. 0. 0. 0. 0.],False
1731182671811932119,"std_msgs.msg.Header(stamp=builtin_interfaces.msg.Time(sec=1731182671, nanosec=811430783), frame_id='RL_myo')","geometry_msgs.msg.Quaternion(x=0.787051043146506, y=0.4703995649112153, z=-0.17865051595888506, w=-0.3568737843565429)",[0. 0. 0. 0. 0. 0. 0. 0. 0.],"geometry_msgs.msg.Vector3(x=243.25, y=186.5, z=-198.5625)",[0. 0. 0. 0. 0. 0. 0. 0. 0.],"geometry_msgs.msg.Vector3(x=-0.72607421875, y=0.98095703125, z=0.197265625)",[0. 0. 0. 0. 0. 0. 0. 0. 0.],False
1731182671823825061,"std_msgs.msg.Header(stamp=builtin_interfaces.msg.Time(sec=1731182671, nanosec=823374887), frame_id='RL_myo')","geometry_msgs.msg.Quaternion(x=0.7638046981329912, y=0.5122752782028285, z=-0.15338350698483352, w=-0.361455283869552)",[0. 0. 0. 0. 0. 0. 0. 0. 0.],"geometry_msgs.msg.Vector3(x=193.5, y=159.0625, z=-171.125)",[0. 0. 0. 0. 0. 0. 0. 0. 0.],"geometry_msgs.msg.Vector3(x=-0.68798828125, y=0.95263671875, z=0.3359375)",[0. 0. 0. 0. 0. 0. 0. 0. 0.],False
1731182671841967321,"std_msgs.msg.Header(stamp=builtin_interfaces.msg.Time(sec=1731182671, nanosec=841434698), frame_id='RL_myo')","geometry_msgs.msg.Quaternion(x=0.7440295612932804, y=0.546211693520391, z=-0.12860297667308793, w=-0.36267626359349237)",[0. 0. 0. 0. 0. 0. 0. 0. 0.],"geometry_msgs.msg.Vector3(x=156.1875, y=154.375, z=-140.3125)",[0. 0. 0. 0. 0. 0. 0. 0. 0.],"geometry_msgs.msg.Vector3(x=-0.7470703125, y=0.8037109375, z=0.43310546875)",[0. 0. 0. 0. 0. 0. 0. 0. 0.],False
1731182671864315115,"std_msgs.msg.Header(stamp=builtin_interfaces.msg.Time(sec=1731182671, nanosec=863803419), frame_id='RL_myo')","geometry_msgs.msg.Quaternion(x=0.7284742283627823, y=0.5738069728394232, z=-0.10736373420110046, w=-0.35853017322186703)",[0. 0. 0. 0. 0. 0. 0. 0. 0.],"geometry_msgs.msg.Vector3(x=130.3125, y=146.8125, z=-91.75)",[0. 0. 0. 0. 0. 0. 0. 0. 0.],"geometry_msgs.msg.Vector3(x=-0.87841796875, y=0.84619140625, z=0.609375)",[0. 0. 0. 0. 0. 0. 0. 0. 0.],False
1731182671884098787,"std_msgs.msg.Header(stamp=builtin_interfaces.msg.Time(sec=1731182671, nanosec=883499870), frame_id='RL_myo')","geometry_msgs.msg.Quaternion(x=0.711627894789541, y=0.5995643546202644, z=-0.09710952745605625, w=-0.353097810391757)",[0. 0. 0. 0. 0. 0. 0. 0. 0.],"geometry_msgs.msg.Vector3(x=152.1875, y=102.6875, z=-53.0)",[0. 0. 0. 0. 0. 0. 0. 0. 0.],"geometry_msgs.msg.Vector3(x=-0.7529296875, y=0.7158203125, z=0.62109375)",[0. 0. 0. 0. 0. 0. 0. 0. 0.],False
1731182671901905151,"std_msgs.msg.Header(stamp=builtin_interfaces.msg.Time(sec=1731182671, nanosec=901369451), frame_id='RL_myo')","geometry_msgs.msg.Quaternion(x=0.6945810497379549, y=0.6212166892999038, z=-0.09460462452494113, w=-0.3502812517087982)",[0. 0. 0. 0. 0. 0. 0. 0. 0.],"geometry_msgs.msg.Vector3(x=149.5625, y=54.3125, z=-37.125)",[0. 0. 0. 0. 0. 0. 0. 0. 0.],"geometry_msgs.msg.Vector3(x=-0.63671875, y=0.6552734375, z=0.52734375)",[0. 0. 0. 0. 0. 0. 0. 0. 0.],False
1731182671925173861,"std_msgs.msg.Header(stamp=builtin_interfaces.msg.Time(sec=1731182671, nanosec=924634602), frame_id='RL_myo')","geometry_msgs.msg.Quaternion(x=0.6781183313747718, y=0.6386275518608675, z=-0.09845228339401503, w=-0.35016785482421836)",[0. 0. 0. 0. 0. 0. 0. 0. 0.],"geometry_msgs.msg.Vector3(x=140.6875, y=12.375, z=-26.25)",[0. 0. 0. 0. 0. 0. 0. 0. 0.],"geometry_msgs.msg.Vector3(x=-0.34912109375, y=0.67236328125, z=0.43701171875)",[0. 0. 0. 0. 0. 0. 0. 0. 0.],False
1731182671945593716,"std_msgs.msg.Header(stamp=builtin_interfaces.msg.Time(sec=1731182671, nanosec=945014854), frame_id='RL_myo')","geometry_msgs.msg.Quaternion(x=0.6637785977825017, y=0.6521815464189453, z=-0.10754739211887522, w=-0.3499868027296427)",[0. 0. 0. 0. 0. 0. 0. 0. 0.],"geometry_msgs.msg.Vector3(x=129.0625, y=-13.5, z=-4.5)",[0. 0. 0. 0. 0. 0. 0. 0. 0.],"geometry_msgs.msg.Vector3(x=-0.09228515625, y=0.65771484375, z=0.42529296875)",[0. 0. 0. 0. 0. 0. 0. 0. 0.],False
1731182671961903174,"std_msgs.msg.Header(stamp=builtin_interfaces.msg.Time(sec=1731182671, nanosec=961304006), frame_id='RL_myo')","geometry_msgs.msg.Quaternion(x=0.6542450295694509, y=0.6623017833620778, z=-0.11767743418321684, w=-0.34564694490640924)",[0. 0. 0. 0. 0. 0. 0. 0. 0.],"geometry_msgs.msg.Vector3(x=104.5, y=-4.875, z=25.1875)",[0. 0. 0. 0. 0. 0. 0. 0. 0.],"geometry_msgs.msg.Vector3(x=0.013671875, y=0.6875, z=0.52734375)",[0. 0. 0. 0. 0. 0. 0. 0. 0.],False
1731182671984145679,"std_msgs.msg.Header(stamp=builtin_interfaces.msg.Time(sec=1731182671, nanosec=983776132), frame_id='RL_myo')","geometry_msgs.msg.Quaternion(x=0.652413025574136, y=0.6669395762417984, z=-0.12646644110670874, w=-0.3369793539334648)",[0. 0. 0. 0. 0. 0. 0. 0. 0.],"geometry_msgs.msg.Vector3(x=68.625, y=14.8125, z=53.875)",[0. 0. 0. 0. 0. 0. 0. 0. 0.],"geometry_msgs.msg.Vector3(x=-0.09619140625, y=0.5859375, z=0.365234375)",[0. 0. 0. 0. 0. 0. 0. 0. 0.],False
1731182672005273379,"std_msgs.msg.Header(stamp=builtin_interfaces.msg.Time(sec=1731182672, nanosec=4875929), frame_id='RL_myo')","geometry_msgs.msg.Quaternion(x=0.6536526274299947, y=0.6682406354564929, z=-0.13855555740648876, w=-0.32710098332219084)",[0. 0. 0. 0. 0. 0. 0. 0. 0.],"geometry_msgs.msg.Vector3(x=36.4375, y=-2.75, z=89.6875)",[0. 0. 0. 0. 0. 0. 0. 0. 0.],"geometry_msgs.msg.Vector3(x=-0.21484375, y=0.5283203125, z=0.12548828125)",[0. 0. 0. 0. 0. 0. 0. 0. 0.],False
1731182672021686064,"std_msgs.msg.Header(stamp=builtin_interfaces.msg.Time(sec=1731182672, nanosec=21502196), frame_id='RL_myo')","geometry_msgs.msg.Quaternion(x=0.6501801598402236, y=0.6708721495309705, z=-0.16169050351265044, w=-0.31788755843483707)",[0. 0. 0. 0. 0. 0. 0. 0. 0.],"geometry_msgs.msg.Vector3(x=73.125, y=-49.3125, z=114.125)",[0. 0. 0. 0. 0. 0. 0. 0. 0.],"geometry_msgs.msg.Vector3(x=-0.07861328125, y=0.39013671875, z=-0.02294921875)",[0. 0. 0. 0. 0. 0. 0. 0. 0.],False
1731182672043311932,"std_msgs.msg.Header(stamp=builtin_interfaces.msg.Time(sec=1731182672, nanosec=43095354), frame_id='RL_myo')","geometry_msgs.msg.Quaternion(x=0.6397254710301243, y=0.6776292509661712, z=-0.1906175599682357, w=-0.3086014675630483)",[0. 0. 0. 0. 0. 0. 0. 0. 0.],"geometry_msgs.msg.Vector3(x=126.0625, y=-69.5625, z=115.0625)",[0. 0. 0. 0. 0. 0. 0. 0. 0.],"geometry_msgs.msg.Vector3(x=0.2685546875, y=0.4072265625, z=-0.0390625)",[0. 0. 0. 0. 0. 0. 0. 0. 0.],False
1731182672064771100,"std_msgs.msg.Header(stamp=builtin_interfaces.msg.Time(sec=1731182672, nanosec=64543008), frame_id='RL_myo')","geometry_msgs.msg.Quaternion(x=0.6238604726721607, y=0.6894143468185162, z=-0.2177194311732313, w=-0.296823547461571)",[0. 0. 0. 0. 0. 0. 0. 0. 0.],"geometry_msgs.msg.Vector3(x=166.1875, y=-50.3125, z=98.0)",[0. 0. 0. 0. 0. 0. 0. 0. 0.],"geometry_msgs.msg.Vector3(x=0.458984375, y=0.54541015625, z=0.00439453125)",[0. 0. 0. 0. 0. 0. 0. 0. 0.],False
1731182672080404387,"std_msgs.msg.Header(stamp=builtin_interfaces.msg.Time(sec=1731182672, nanosec=80136537), frame_id='RL_myo')","geometry_msgs.msg.Quaternion(x=0.6075140826772921, y=0.7015740848279711, z=-0.24415315288949752, w=-0.2812644321287011)",[0. 0. 0. 0. 0. 0. 0. 0. 0.],"geometry_msgs.msg.Vector3(x=170.875, y=-33.5625, z=107.75)",[0. 0. 0. 0. 0. 0. 0. 0. 0.],"geometry_msgs.msg.Vector3(x=0.49072265625, y=0.6328125, z=-0.162109375)",[0. 0. 0. 0. 0. 0. 0. 0. 0.],False
1731182672103376622,"std_msgs.msg.Header(stamp=builtin_interfaces.msg.Time(sec=1731182672, nanosec=103003779), frame_id='RL_myo')","geometry_msgs.msg.Quaternion(x=0.5938763258055054, y=0.7105763807839357, z=-0.26898386103030447, w=-0.2646503338841389)",[0. 0. 0. 0. 0. 0. 0. 0. 0.],"geometry_msgs.msg.Vector3(x=146.375, y=-25.9375, z=114.5)",[0. 0. 0. 0. 0. 0. 0. 0. 0.],"geometry_msgs.msg.Vector3(x=0.46533203125, y=0.779296875, z=-0.31396484375)",[0. 0. 0. 0. 0. 0. 0. 0. 0.],False
1731182672124433812,"std_msgs.msg.Header(stamp=builtin_interfaces.msg.Time(sec=1731182672, nanosec=124086727), frame_id='RL_myo')","geometry_msgs.msg.Quaternion(x=0.5851169025108443, y=0.7151293166927866, z=-0.2906052131080878, w=-0.24854955424829522)",[0. 0. 0. 0. 0. 0. 0. 0. 0.],"geometry_msgs.msg.Vector3(x=95.5, y=-20.375, z=91.75)",[0. 0. 0. 0. 0. 0. 0. 0. 0.],"geometry_msgs.msg.Vector3(x=0.42529296875, y=0.97998046875, z=-0.38427734375)",[0. 0. 0. 0. 0. 0. 0. 0. 0.],False
1731182672140283457,"std_msgs.msg.Header(stamp=builtin_interfaces.msg.Time(sec=1731182672, nanosec=139921101), frame_id='RL_myo')","geometry_msgs.msg.Quaternion(x=0.5802043474336697, y=0.7168630402491533, z=-0.30597142790710985, w=-0.23632981624901842)",[0. 0. 0. 0. 0. 0. 0. 0. 0.],"geometry_msgs.msg.Vector3(x=54.3125, y=-12.125, z=70.0)",[0. 0. 0. 0. 0. 0. 0. 0. 0.],"geometry_msgs.msg.Vector3(x=0.365234375, y=0.92822265625, z=-0.4091796875)",[0. 0. 0. 0. 0. 0. 0. 0. 0.],False
1731182672163276995,"std_msgs.msg.Header(stamp=builtin_interfaces.msg.Time(sec=1731182672, nanosec=163034103), frame_id='RL_myo')","geometry_msgs.msg.Quaternion(x=0.582539085509361, y=0.7130976672260964, z=-0.3168441316931153, w=-0.22748566342135249)",[0. 0. 0. 0. 0. 0. 0. 0. 0.],"geometry_msgs.msg.Vector3(x=-6.25, y=-4.6875, z=65.25)",[0. 0. 0. 0. 0. 0. 0. 0. 0.],"geometry_msgs.msg.Vector3(x=0.310546875, y=0.861328125, z=-0.39990234375)",[0. 0. 0. 0. 0. 0. 0. 0. 0.],False
1731182672184207105,"std_msgs.msg.Header(stamp=builtin_interfaces.msg.Time(sec=1731182672, nanosec=183948653), frame_id='RL_myo')","geometry_msgs.msg.Quaternion(x=0.5863853993952036, y=0.7080327503887127, z=-0.32490158019992393, w=-0.2219926821692886)",[0. 0. 0. 0. 0. 0. 0. 0. 0.],"geometry_msgs.msg.Vector3(x=-29.8125, y=-5.625, z=53.625)",[0. 0. 0. 0. 0. 0. 0. 0. 0.],"geometry_msgs.msg.Vector3(x=0.23095703125, y=0.9072265625, z=-0.455078125)",[0. 0. 0. 0. 0. 0. 0. 0. 0.],False
1731182672207248827,"std_msgs.msg.Header(stamp=builtin_interfaces.msg.Time(sec=1731182672, nanosec=207053598), frame_id='RL_myo')","geometry_msgs.msg.Quaternion(x=0.5892526665696696, y=0.7041856240122517, z=-0.33143173601339404, w=-0.2169260386356542)",[0. 0. 0. 0. 0. 0. 0. 0. 0.],"geometry_msgs.msg.Vector3(x=-23.5, y=-1.875, z=44.75)",[0. 0. 0. 0. 0. 0. 0. 0. 0.],"geometry_msgs.msg.Vector3(x=0.21728515625, y=0.86767578125, z=-0.43505859375)",[0. 0. 0. 0. 0. 0. 0. 0. 0.],False
1731182672223261920,"std_msgs.msg.Header(stamp=builtin_interfaces.msg.Time(sec=1731182672, nanosec=223062918), frame_id='RL_myo')","geometry_msgs.msg.Quaternion(x=0.5917308282317927, y=0.7011049018977414, z=-0.3373994861748685, w=-0.2108746788592928)",[0. 0. 0. 0. 0. 0. 0. 0. 0.],"geometry_msgs.msg.Vector3(x=-10.625, y=4.625, z=46.125)",[0. 0. 0. 0. 0. 0. 0. 0. 0.],"geometry_msgs.msg.Vector3(x=0.19775390625, y=0.8662109375, z=-0.32275390625)",[0. 0. 0. 0. 0. 0. 0. 0. 0.],False
1731182672245979398,"std_msgs.msg.Header(stamp=builtin_interfaces.msg.Time(sec=1731182672, nanosec=245574081), frame_id='RL_myo')","geometry_msgs.msg.Quaternion(x=0.5904099518135772, y=0.7017412608291841, z=-0.34229494570149294, w=-0.20447362127318142)",[0. 0. 0. 0. 0. 0. 0. 0. 0.],"geometry_msgs.msg.Vector3(x=14.3125, y=8.4375, z=38.1875)",[0. 0. 0. 0. 0. 0. 0. 0. 0.],"geometry_msgs.msg.Vector3(x=0.1083984375, y=0.8603515625, z=-0.35888671875)",[0. 0. 0. 0. 0. 0. 0. 0. 0.],False
1731182672260394459,"std_msgs.msg.Header(stamp=builtin_interfaces.msg.Time(sec=1731182672, nanosec=259959316), frame_id='RL_myo')","geometry_msgs.msg.Quaternion(x=0.5841033097706354, y=0.7063560714708008, z=-0.34728817477480833, w=-0.19818008848748728)",[0. 0. 0. 0. 0. 0. 0. 0. 0.],"geometry_msgs.msg.Vector3(x=46.1875, y=5.125, z=33.5625)",[0. 0. 0. 0. 0. 0. 0. 0. 0.],"geometry_msgs.msg.Vector3(x=0.0029296875, y=0.9755859375, z=-0.43505859375)",[0. 0. 0. 0. 0. 0. 0. 0. 0.],False
1731182672284044253,"std_msgs.msg.Header(stamp=builtin_interfaces.msg.Time(sec=1731182672, nanosec=283378847), frame_id='RL_myo')","geometry_msgs.msg.Quaternion(x=0.5762882669457925, y=0.7113577368410519, z=-0.3539393836071437, w=-0.19128229491719062)",[0. 0. 0. 0. 0. 0. 0. 0. 0.],"geometry_msgs.msg.Vector3(x=64.625, y=-1.9375, z=37.5)",[0. 0. 0. 0. 0. 0. 0. 0. 0.],"geometry_msgs.msg.Vector3(x=0.0458984375, y=1.015625, z=-0.35107421875)",[0. 0. 0. 0. 0. 0. 0. 0. 0.],False
1731182672306395760,"std_msgs.msg.Header(stamp=builtin_interfaces.msg.Time(sec=1731182672, nanosec=305794167), frame_id='RL_myo')","geometry_msgs.msg.Quaternion(x=0.5749091189490347, y=0.7109609743622844, z=-0.35963101484740556, w=-0.18622441043778587)",[0. 0. 0. 0. 0. 0. 0. 0. 0.],"geometry_msgs.msg.Vector3(x=23.625, y=-1.125, z=41.75)",[0. 0. 0. 0. 0. 0. 0. 0. 0.],"geometry_msgs.msg.Vector3(x=0.12841796875, y=1.07373046875, z=-0.26416015625)",[0. 0. 0. 0. 0. 0. 0. 0. 0.],False
1731182672320419110,"std_msgs.msg.Header(stamp=builtin_interfaces.msg.Time(sec=1731182672, nanosec=319930396), frame_id='RL_myo')","geometry_msgs.msg.Quaternion(x=0.5754054112829351, y=0.7091397123459361, z=-0.3636034830818335, w=-0.18390755321899685)",[0. 0. 0. 0. 0. 0. 0. 0. 0.],"geometry_msgs.msg.Vector3(x=-4.3125, y=-1.3125, z=36.6875)",[0. 0. 0. 0. 0. 0. 0. 0. 0.],"geometry_msgs.msg.Vector3(x=0.05859375, y=1.09619140625, z=-0.39013671875)",[0. 0. 0. 0. 0. 0. 0. 0. 0.],False
1731182672344589331,"std_msgs.msg.Header(stamp=builtin_interfaces.msg.Time(sec=1731182672, nanosec=343987331), frame_id='RL_myo')","geometry_msgs.msg.Quaternion(x=0.5730802573321309, y=0.7087053858646684, z=-0.369215302652259, w=-0.1816473368644607)",[0. 0. 0. 0. 0. 0. 0. 0. 0.],"geometry_msgs.msg.Vector3(x=5.75, y=-9.9375, z=37.75)",[0. 0. 0. 0. 0. 0. 0. 0. 0.],"geometry_msgs.msg.Vector3(x=0.0361328125, y=1.0, z=-0.48388671875)",[0. 0. 0. 0. 0. 0. 0. 0. 0.],False
1731182672366019346,"std_msgs.msg.Header(stamp=builtin_interfaces.msg.Time(sec=1731182672, nanosec=365473930), frame_id='RL_myo')","geometry_msgs.msg.Quaternion(x=0.5724037640136012, y=0.7067459142155564, z=-0.37452223245760896, w=-0.18054706056219155)",[0. 0. 0. 0. 0. 0. 0. 0. 0.],"geometry_msgs.msg.Vector3(x=0.0, y=-14.5, z=32.0)",[0. 0. 0. 0. 0. 0. 0. 0. 0.],"geometry_msgs.msg.Vector3(x=0.1328125, y=1.013671875, z=-0.3603515625)",[0. 0. 0. 0. 0. 0. 0. 0. 0.],False
1731182672380454910,"std_msgs.msg.Header(stamp=builtin_interfaces.msg.Time(sec=1731182672, nanosec=379986144), frame_id='RL_myo')","geometry_msgs.msg.Quaternion(x=0.5726519585941158, y=0.7052860138088902, z=-0.37714948328214043, w=-0.17999900084140347)",[0. 0. 0. 0. 0. 0. 0. 0. 0.],"geometry_msgs.msg.Vector3(x=-3.0625, y=-6.5625, z=18.0625)",[0. 0. 0. 0. 0. 0. 0. 0. 0.],"geometry_msgs.msg.Vector3(x=0.1513671875, y=0.97998046875, z=-0.306640625)",[0. 0. 0. 0. 0. 0. 0. 0. 0.],False
1731182672403613776,"std_msgs.msg.Header(stamp=builtin_interfaces.msg.Time(sec=1731182672, nanosec=403049928), frame_id='RL_myo')","geometry_msgs.msg.Quaternion(x=0.5755725049328251, y=0.7025280521502456, z=-0.37732653504716057, w=-0.18109476374715713)",[0. 0. 0. 0. 0. 0. 0. 0. 0.],"geometry_msgs.msg.Vector3(x=-20.1875, y=-0.3125, z=13.3125)",[0. 0. 0. 0. 0. 0. 0. 0. 0.],"geometry_msgs.msg.Vector3(x=0.1064453125, y=1.107421875, z=-0.27392578125)",[0. 0. 0. 0. 0. 0. 0. 0. 0.],False
1731182672426129106,"std_msgs.msg.Header(stamp=builtin_interfaces.msg.Time(sec=1731182672, nanosec=425560238), frame_id='RL_myo')","geometry_msgs.msg.Quaternion(x=0.5762372936346722, y=0.7019706719724993, z=-0.37640667194630056, w=-0.1830458260364773)",[0. 0. 0. 0. 0. 0. 0. 0. 0.],"geometry_msgs.msg.Vector3(x=-17.375, y=1.0625, z=3.625)",[0. 0. 0. 0. 0. 0. 0. 0. 0.],"geometry_msgs.msg.Vector3(x=0.03125, y=1.14013671875, z=-0.439453125)",[0. 0. 0. 0. 0. 0. 0. 0. 0.],False
1731182672448522642,"std_msgs.msg.Header(stamp=builtin_interfaces.msg.Time(sec=1731182672, nanosec=448054435), frame_id='RL_myo')","geometry_msgs.msg.Quaternion(x=0.5747232592718478, y=0.7035110754425783, z=-0.37464436760945213, w=-0.18549107741367302)",[0. 0. 0. 0. 0. 0. 0. 0. 0.],"geometry_msgs.msg.Vector3(x=-2.0625, y=-1.1875, z=-8.8125)",[0. 0. 0. 0. 0. 0. 0. 0. 0.],"geometry_msgs.msg.Vector3(x=0.029296875, y=1.1015625, z=-0.4052734375)",[0. 0. 0. 0. 0. 0. 0. 0. 0.],False
1731182672463536244,"std_msgs.msg.Header(stamp=builtin_interfaces.msg.Time(sec=1731182672, nanosec=463012432), frame_id='RL_myo')","geometry_msgs.msg.Quaternion(x=0.5737496916364644, y=0.7046134510905686, z=-0.3733645599723673, w=-0.18689591019051638)",[0. 0. 0. 0. 0. 0. 0. 0. 0.],"geometry_msgs.msg.Vector3(x=2.5625, y=0.1875, z=-3.6875)",[0. 0. 0. 0. 0. 0. 0. 0. 0.],"geometry_msgs.msg.Vector3(x=0.03759765625, y=1.02392578125, z=-0.3017578125)",[0. 0. 0. 0. 0. 0. 0. 0. 0.],False
1731182672486881400,"std_msgs.msg.Header(stamp=builtin_interfaces.msg.Time(sec=1731182672, nanosec=486364250), frame_id='RL_myo')","geometry_msgs.msg.Quaternion(x=0.5751426645084325, y=0.7033183617882488, z=-0.3731133511769127, w=-0.18799102267706383)",[0. 0. 0. 0. 0. 0. 0. 0. 0.],"geometry_msgs.msg.Vector3(x=-15.8125, y=0.875, z=7.5625)",[0. 0. 0. 0. 0. 0. 0. 0. 0.],"geometry_msgs.msg.Vector3(x=0.05029296875, y=0.99072265625, z=-0.32958984375)",[0. 0. 0. 0. 0. 0. 0. 0. 0.],False
1731182672500624206,"std_msgs.msg.Header(stamp=builtin_interfaces.msg.Time(sec=1731182672, nanosec=500070295), frame_id='RL_myo')","geometry_msgs.msg.Quaternion(x=0.5747981287611943, y=0.7030396991686774, z=-0.3743481919605399, w=-0.18763188359476596)",[0. 0. 0. 0. 0. 0. 0. 0. 0.],"geometry_msgs.msg.Vector3(x=-2.125, y=-1.625, z=11.1875)",[0. 0. 0. 0. 0. 0. 0. 0. 0.],"geometry_msgs.msg.Vector3(x=0.083984375, y=0.8837890625, z=-0.31787109375)",[0. 0. 0. 0. 0. 0. 0. 0. 0.],False
1731182672523777951,"std_msgs.msg.Header(stamp=builtin_interfaces.msg.Time(sec=1731182672, nanosec=523147406), frame_id='RL_myo')","geometry_msgs.msg.Quaternion(x=0.5744179807135851, y=0.70338888638225, z=-0.37464430619700195, w=-0.1868948950106256)",[0. 0. 0. 0. 0. 0. 0. 0. 0.],"geometry_msgs.msg.Vector3(x=3.625, y=2.375, z=5.0)",[0. 0. 0. 0. 0. 0. 0. 0. 0.],"geometry_msgs.msg.Vector3(x=0.1142578125, y=0.86572265625, z=-0.26513671875)",[0. 0. 0. 0. 0. 0. 0. 0. 0.],False
1731182672546149063,"std_msgs.msg.Header(stamp=builtin_interfaces.msg.Time(sec=1731182672, nanosec=545660545), frame_id='RL_myo')","geometry_msgs.msg.Quaternion(x=0.5720350952134275, y=0.7055221580849349, z=-0.3748258130287728, w=-0.18579543638814272)",[0. 0. 0. 0. 0. 0. 0. 0. 0.],"geometry_msgs.msg.Vector3(x=16.9375, y=2.5625, z=1.5625)",[0. 0. 0. 0. 0. 0. 0. 0. 0.],"geometry_msgs.msg.Vector3(x=0.09423828125, y=0.90771484375, z=-0.29443359375)",[0. 0. 0. 0. 0. 0. 0. 0. 0.],False
1731182672568754649,"std_msgs.msg.Header(stamp=builtin_interfaces.msg.Time(sec=1731182672, nanosec=568264720), frame_id='RL_myo')","geometry_msgs.msg.Quaternion(x=0.568328179208449, y=0.7080449875220716, z=-0.3764846106065636, w=-0.1842137734777252)",[0. 0. 0. 0. 0. 0. 0. 0. 0.],"geometry_msgs.msg.Vector3(x=26.5, y=-2.0625, z=8.9375)",[0. 0. 0. 0. 0. 0. 0. 0. 0.],"geometry_msgs.msg.Vector3(x=0.06494140625, y=0.90771484375, z=-0.30322265625)",[0. 0. 0. 0. 0. 0. 0. 0. 0.],False
1731182672583873752,"std_msgs.msg.Header(stamp=builtin_interfaces.msg.Time(sec=1731182672, nanosec=583272725), frame_id='RL_myo')","geometry_msgs.msg.Quaternion(x=0.5653692610256538, y=0.7093513496318847, z=-0.3793949397101872, w=-0.18231220799780068)",[0. 0. 0. 0. 0. 0. 0. 0. 0.],"geometry_msgs.msg.Vector3(x=22.3125, y=-4.6875, z=17.5)",[0. 0. 0. 0. 0. 0. 0. 0. 0.],"geometry_msgs.msg.Vector3(x=0.08837890625, y=0.9501953125, z=-0.31298828125)",[0. 0. 0. 0. 0. 0. 0. 0. 0.],False
1731182672606286211,"std_msgs.msg.Header(stamp=builtin_interfaces.msg.Time(sec=1731182672, nanosec=605673148), frame_id='RL_myo')","geometry_msgs.msg.Quaternion(x=0.5609091586430631, y=0.712214251600207, z=-0.3823825765939924, w=-0.178648651506882)",[0. 0. 0. 0. 0. 0. 0. 0. 0.],"geometry_msgs.msg.Vector3(x=33.625, y=-0.1875, z=14.5625)",[0. 0. 0. 0. 0. 0. 0. 0. 0.],"geometry_msgs.msg.Vector3(x=0.1591796875, y=0.984375, z=-0.3994140625)",[0. 0. 0. 0. 0. 0. 0. 0. 0.],False
1731182672627688591,"std_msgs.msg.Header(stamp=builtin_interfaces.msg.Time(sec=1731182672, nanosec=627135386), frame_id='RL_myo')","geometry_msgs.msg.Quaternion(x=0.5580648097882275, y=0.7149919262670126, z=-0.3828264778510076, w=-0.17548248147666562)",[0. 0. 0. 0. 0. 0. 0. 0. 0.],"geometry_msgs.msg.Vector3(x=30.9375, y=8.625, z=6.375)",[0. 0. 0. 0. 0. 0. 0. 0. 0.],"geometry_msgs.msg.Vector3(x=0.15673828125, y=1.10205078125, z=-0.326171875)",[0. 0. 0. 0. 0. 0. 0. 0. 0.],False
1731182672643622275,"std_msgs.msg.Header(stamp=builtin_interfaces.msg.Time(sec=1731182672, nanosec=643231031), frame_id='RL_myo')","geometry_msgs.msg.Quaternion(x=0.5520606715416849, y=0.7199676817585091, z=-0.38378745192416963, w=-0.1719963485245404)",[0. 0. 0. 0. 0. 0. 0. 0. 0.],"geometry_msgs.msg.Vector3(x=44.125, y=7.9375, z=9.4375)",[0. 0. 0. 0. 0. 0. 0. 0. 0.],"geometry_msgs.msg.Vector3(x=0.01953125, y=1.00048828125, z=-0.4326171875)",[0. 0. 0. 0. 0. 0. 0. 0. 0.],False
1731182672672126328,"std_msgs.msg.Header(stamp=builtin_interfaces.msg.Time(sec=1731182672, nanosec=671758056), frame_id='RL_myo')","geometry_msgs.msg.Quaternion(x=0.5469461098311372, y=0.7232188880023597, z=-0.3868479460004182, w=-0.1677887351775244)",[0. 0. 0. 0. 0. 0. 0. 0. 0.],"geometry_msgs.msg.Vector3(x=44.125, y=1.25, z=19.0625)",[0. 0. 0. 0. 0. 0. 0. 0. 0.],"geometry_msgs.msg.Vector3(x=0.09423828125, y=0.90185546875, z=-0.330078125)",[0. 0. 0. 0. 0. 0. 0. 0. 0.],False
1731182672687218257,"std_msgs.msg.Header(stamp=builtin_interfaces.msg.Time(sec=1731182672, nanosec=686831593), frame_id='RL_myo')","geometry_msgs.msg.Quaternion(x=0.5424916598146848, y=0.7260891972497178, z=-0.39002269421870345, w=-0.16241790130140374)",[0. 0. 0. 0. 0. 0. 0. 0. 0.],"geometry_msgs.msg.Vector3(x=42.1875, y=5.375, z=19.125)",[0. 0. 0. 0. 0. 0. 0. 0. 0.],"geometry_msgs.msg.Vector3(x=0.16845703125, y=0.8115234375, z=-0.3232421875)",[0. 0. 0. 0. 0. 0. 0. 0. 0.],False
1731182672703724599,"std_msgs.msg.Header(stamp=builtin_interfaces.msg.Time(sec=1731182672, nanosec=703116520), frame_id='RL_myo')","geometry_msgs.msg.Quaternion(x=0.5351523844274664, y=0.7308296819268343, z=-0.39397908775995616, w=-0.15582162835804308)",[0. 0. 0. 0. 0. 0. 0. 0. 0.],"geometry_msgs.msg.Vector3(x=58.375, y=5.125, z=22.1875)",[0. 0. 0. 0. 0. 0. 0. 0. 0.],"geometry_msgs.msg.Vector3(x=0.1328125, y=0.82275390625, z=-0.42724609375)",[0. 0. 0. 0. 0. 0. 0. 0. 0.],False
1731182672726052662,"std_msgs.msg.Header(stamp=builtin_interfaces.msg.Time(sec=1731182672, nanosec=725746991), frame_id='RL_myo')","geometry_msgs.msg.Quaternion(x=0.5254611863942575, y=0.736341474347813, z=-0.39826161473138927, w=-0.1519192580944717)",[0. 0. 0. 0. 0. 0. 0. 0. 0.],"geometry_msgs.msg.Vector3(x=65.1875, y=-8.8125, z=17.4375)",[0. 0. 0. 0. 0. 0. 0. 0. 0.],"geometry_msgs.msg.Vector3(x=0.060546875, y=0.90576171875, z=-0.4794921875)",[0. 0. 0. 0. 0. 0. 0. 0. 0.],False
1731182672747402700,"std_msgs.msg.Header(stamp=builtin_interfaces.msg.Time(sec=1731182672, nanosec=746922573), frame_id='RL_myo')","geometry_msgs.msg.Quaternion(x=0.5156341790402522, y=0.7406748061853056, z=-0.4039988909880954, w=-0.14935568609274352)",[0. 0. 0. 0. 0. 0. 0. 0. 0.],"geometry_msgs.msg.Vector3(x=56.9375, y=-20.8125, z=19.1875)",[0. 0. 0. 0. 0. 0. 0. 0. 0.],"geometry_msgs.msg.Vector3(x=0.109375, y=0.90380859375, z=-0.56982421875)",[0. 0. 0. 0. 0. 0. 0. 0. 0.],False
1731182672764315969,"std_msgs.msg.Header(stamp=builtin_interfaces.msg.Time(sec=1731182672, nanosec=763827377), frame_id='RL_myo')","geometry_msgs.msg.Quaternion(x=0.5080033210861253, y=0.7425649891065482, z=-0.4108338765145632, w=-0.1474631771890038)",[0. 0. 0. 0. 0. 0. 0. 0. 0.],"geometry_msgs.msg.Vector3(x=45.25, y=-26.625, z=25.0625)",[0. 0. 0. 0. 0. 0. 0. 0. 0.],"geometry_msgs.msg.Vector3(x=0.19775390625, y=0.97509765625, z=-0.54052734375)",[0. 0. 0. 0. 0. 0. 0. 0. 0.],False
1731182672785995256,"std_msgs.msg.Header(stamp=builtin_interfaces.msg.Time(sec=1731182672, nanosec=785563395), frame_id='RL_myo')","geometry_msgs.msg.Quaternion(x=0.5033629444969916, y=0.7426846500108395, z=-0.4165088799863551, w=-0.14685233957314922)",[0. 0. 0. 0. 0. 0. 0. 0. 0.],"geometry_msgs.msg.Vector3(x=22.5, y=-23.875, z=21.9375)",[0. 0. 0. 0. 0. 0. 0. 0. 0.],"geometry_msgs.msg.Vector3(x=0.2177734375, y=0.9619140625, z=-0.55419921875)",[0. 0. 0. 0. 0. 0. 0. 0. 0.],False
1731182672807045164,"std_msgs.msg.Header(stamp=builtin_interfaces.msg.Time(sec=1731182672, nanosec=806573583), frame_id='RL_myo')","geometry_msgs.msg.Quaternion(x=0.5004327102612016, y=0.7422566397714933, z=-0.4207809616466306, w=-0.14685218939973793)",[0. 0. 0. 0. 0. 0. 0. 0. 0.],"geometry_msgs.msg.Vector3(x=8.875, y=-18.0, z=17.5)",[0. 0. 0. 0. 0. 0. 0. 0. 0.],"geometry_msgs.msg.Vector3(x=0.19140625, y=0.8740234375, z=-0.5615234375)",[0. 0. 0. 0. 0. 0. 0. 0. 0.],False
1731182672823550074,"std_msgs.msg.Header(stamp=builtin_interfaces.msg.Time(sec=1731182672, nanosec=823028878), frame_id='RL_myo')","geometry_msgs.msg.Quaternion(x=0.49964168759532335, y=0.7403681493441573, z=-0.42529969205524226, w=-0.1460594378714401)",[0. 0. 0. 0. 0. 0. 0. 0. 0.],"geometry_msgs.msg.Vector3(x=-3.5, y=-11.5, z=25.375)",[0. 0. 0. 0. 0. 0. 0. 0. 0.],"geometry_msgs.msg.Vector3(x=0.20166015625, y=0.8271484375, z=-0.55126953125)",[0. 0. 0. 0. 0. 0. 0. 0. 0.],False
1731182672846551512,"std_msgs.msg.Header(stamp=builtin_interfaces.msg.Time(sec=1731182672, nanosec=846064802), frame_id='RL_myo')","geometry_msgs.msg.Quaternion(x=0.4988528743400181, y=0.7387881060824152, z=-0.4295762302220785, w=-0.14422970048519063)",[0. 0. 0. 0. 0. 0. 0. 0. 0.],"geometry_msgs.msg.Vector3(x=3.5625, y=-8.5, z=23.1875)",[0. 0. 0. 0. 0. 0. 0. 0. 0.],"geometry_msgs.msg.Vector3(x=0.26025390625, y=0.83056640625, z=-0.50341796875)",[0. 0. 0. 0. 0. 0. 0. 0. 0.],False
1731182672866915122,"std_msgs.msg.Header(stamp=builtin_interfaces.msg.Time(sec=1731182672, nanosec=866418239), frame_id='RL_myo')","geometry_msgs.msg.Quaternion(x=0.4972149059980658, y=0.7384978084545296, z=-0.43239263369632924, w=-0.14295081142247362)",[0. 0. 0. 0. 0. 0. 0. 0. 0.],"geometry_msgs.msg.Vector3(x=6.5, y=-5.0625, z=16.1875)",[0. 0. 0. 0. 0. 0. 0. 0. 0.],"geometry_msgs.msg.Vector3(x=0.20654296875, y=0.8916015625, z=-0.56201171875)",[0. 0. 0. 0. 0. 0. 0. 0. 0.],False
1731182672883519107,"std_msgs.msg.Header(stamp=builtin_interfaces.msg.Time(sec=1731182672, nanosec=883103085), frame_id='RL_myo')","geometry_msgs.msg.Quaternion(x=0.4947756297473615, y=0.7392336111362319, z=-0.4344698905183468, w=-0.14130342744450308)",[0. 0. 0. 0. 0. 0. 0. 0. 0.],"geometry_msgs.msg.Vector3(x=12.6875, y=-0.3125, z=14.8125)",[0. 0. 0. 0. 0. 0. 0. 0. 0.],"geometry_msgs.msg.Vector3(x=0.14599609375, y=0.88330078125, z=-0.57763671875)",[0. 0. 0. 0. 0. 0. 0. 0. 0.],False
1731182672906533596,"std_msgs.msg.Header(stamp=builtin_interfaces.msg.Time(sec=1731182672, nanosec=906120376), frame_id='RL_myo')","geometry_msgs.msg.Quaternion(x=0.49421854432143325, y=0.7389778826848947, z=-0.43605005318418166, w=-0.13971424576408062)",[0. 0. 0. 0. 0. 0. 0. 0. 0.],"geometry_msgs.msg.Vector3(x=4.125, y=3.75, z=15.375)",[0. 0. 0. 0. 0. 0. 0. 0. 0.],"geometry_msgs.msg.Vector3(x=0.162109375, y=0.88330078125, z=-0.53564453125)",[0. 0. 0. 0. 0. 0. 0. 0. 0.],False
1731182672926913443,"std_msgs.msg.Header(stamp=builtin_interfaces.msg.Time(sec=1731182672, nanosec=926507032), frame_id='RL_myo')","geometry_msgs.msg.Quaternion(x=0.495011803469799, y=0.7383671746700565, z=-0.4359888177786405, w=-0.14032455439914523)",[0. 0. 0. 0. 0. 0. 0. 0. 0.],"geometry_msgs.msg.Vector3(x=-9.5625, y=3.8125, z=7.875)",[0. 0. 0. 0. 0. 0. 0. 0. 0.],"geometry_msgs.msg.Vector3(x=0.11328125, y=0.91357421875, z=-0.5498046875)",[0. 0. 0. 0. 0. 0. 0. 0. 0.],False
1731182672943758069,"std_msgs.msg.Header(stamp=builtin_interfaces.msg.Time(sec=1731182672, nanosec=943208333), frame_id='RL_myo')","geometry_msgs.msg.Quaternion(x=0.49562140563481843, y=0.7378777306304581, z=-0.43482843518995645, w=-0.14429174912816634)",[0. 0. 0. 0. 0. 0. 0. 0. 0.],"geometry_msgs.msg.Vector3(x=-19.9375, y=-4.3125, z=-2.4375)",[0. 0. 0. 0. 0. 0. 0. 0. 0.],"geometry_msgs.msg.Vector3(x=0.02880859375, y=0.8916015625, z=-0.57373046875)",[0. 0. 0. 0. 0. 0. 0. 0. 0.],False
1731182672973771951,"std_msgs.msg.Header(stamp=builtin_interfaces.msg.Time(sec=1731182672, nanosec=973200700), frame_id='RL_myo')","geometry_msgs.msg.Quaternion(x=0.49609147870901366, y=0.7369961374767888, z=-0.4341410787471966, w=-0.14916923892283826)",[0. 0. 0. 0. 0. 0. 0. 0. 0.],"geometry_msgs.msg.Vector3(x=-27.75, y=-11.375, z=-6.3125)",[0. 0. 0. 0. 0. 0. 0. 0. 0.],"geometry_msgs.msg.Vector3(x=0.1015625, y=0.9462890625, z=-0.6796875)",[0. 0. 0. 0. 0. 0. 0. 0. 0.],False
1731182672987161661,"std_msgs.msg.Header(stamp=builtin_interfaces.msg.Time(sec=1731182672, nanosec=986703482), frame_id='RL_myo')","geometry_msgs.msg.Quaternion(x=0.4953056919289876, y=0.7373737602210843, z=-0.43292708229849775, w=-0.1533830195708621)",[0. 0. 0. 0. 0. 0. 0. 0. 0.],"geometry_msgs.msg.Vector3(x=-17.1875, y=-13.0, z=-17.625)",[0. 0. 0. 0. 0. 0. 0. 0. 0.],"geometry_msgs.msg.Vector3(x=0.2158203125, y=1.02294921875, z=-0.7119140625)",[0. 0. 0. 0. 0. 0. 0. 0. 0.],False
1731182673003766516,"std_msgs.msg.Header(stamp=builtin_interfaces.msg.Time(sec=1731182673, nanosec=3253894), frame_id='RL_myo')","geometry_msgs.msg.Quaternion(x=0.494218667684114, y=0.7390391043990678, z=-0.42958021281472075, w=-0.15820856942537032)",[0. 0. 0. 0. 0. 0. 0. 0. 0.],"geometry_msgs.msg.Vector3(x=-15.0625, y=-9.375, z=-32.0)",[0. 0. 0. 0. 0. 0. 0. 0. 0.],"geometry_msgs.msg.Vector3(x=0.23583984375, y=1.14697265625, z=-0.763671875)",[0. 0. 0. 0. 0. 0. 0. 0. 0.],False
1731182673028226262,"std_msgs.msg.Header(stamp=builtin_interfaces.msg.Time(sec=1731182673, nanosec=27770990), frame_id='RL_myo')","geometry_msgs.msg.Quaternion(x=0.49385221508007854, y=0.740381580635441, z=-0.42530740757359875, w=-0.1644953305698692)",[0. 0. 0. 0. 0. 0. 0. 0. 0.],"geometry_msgs.msg.Vector3(x=-20.0625, y=-12.625, z=-38.375)",[0. 0. 0. 0. 0. 0. 0. 0. 0.],"geometry_msgs.msg.Vector3(x=0.2421875, y=1.26220703125, z=-0.759765625)",[0. 0. 0. 0. 0. 0. 0. 0. 0.],False
1731182673047112617,"std_msgs.msg.Header(stamp=builtin_interfaces.msg.Time(sec=1731182673, nanosec=46598006), frame_id='RL_myo')","geometry_msgs.msg.Quaternion(x=0.49524924553493127, y=0.7406765583641103, z=-0.4204186348588374, w=-0.17139017518635533)",[0. 0. 0. 0. 0. 0. 0. 0. 0.],"geometry_msgs.msg.Vector3(x=-29.8125, y=-13.0625, z=-43.8125)",[0. 0. 0. 0. 0. 0. 0. 0. 0.],"geometry_msgs.msg.Vector3(x=0.28662109375, y=1.2080078125, z=-0.671875)",[0. 0. 0. 0. 0. 0. 0. 0. 0.],False
1731182673063829256,"std_msgs.msg.Header(stamp=builtin_interfaces.msg.Time(sec=1731182673, nanosec=63249932), frame_id='RL_myo')","geometry_msgs.msg.Quaternion(x=0.497574319088608, y=0.7406850297031721, z=-0.4141976606152225, w=-0.17957110485263553)",[0. 0. 0. 0. 0. 0. 0. 0. 0.],"geometry_msgs.msg.Vector3(x=-32.9375, y=-13.5, z=-50.5625)",[0. 0. 0. 0. 0. 0. 0. 0. 0.],"geometry_msgs.msg.Vector3(x=0.25439453125, y=1.23486328125, z=-0.57080078125)",[0. 0. 0. 0. 0. 0. 0. 0. 0.],False
1731182673086307208,"std_msgs.msg.Header(stamp=builtin_interfaces.msg.Time(sec=1731182673, nanosec=85713345), frame_id='RL_myo')","geometry_msgs.msg.Quaternion(x=0.4975138185920423, y=0.7429442031532744, z=-0.40638535200414894, w=-0.18805546253000643)",[0. 0. 0. 0. 0. 0. 0. 0. 0.],"geometry_msgs.msg.Vector3(x=-18.25, y=-13.375, z=-65.25)",[0. 0. 0. 0. 0. 0. 0. 0. 0.],"geometry_msgs.msg.Vector3(x=0.1953125, y=1.13525390625, z=-0.50341796875)",[0. 0. 0. 0. 0. 0. 0. 0. 0.],False
1731182673107364041,"std_msgs.msg.Header(stamp=builtin_interfaces.msg.Time(sec=1731182673, nanosec=106762203), frame_id='RL_myo')","geometry_msgs.msg.Quaternion(x=0.49312162386002534, y=0.7478919739023258, z=-0.3984525263718586, w=-0.1967847648625723)",[0. 0. 0. 0. 0. 0. 0. 0. 0.],"geometry_msgs.msg.Vector3(x=4.8125, y=-18.9375, z=-73.5625)",[0. 0. 0. 0. 0. 0. 0. 0. 0.],"geometry_msgs.msg.Vector3(x=0.099609375, y=1.0771484375, z=-0.5107421875)",[0. 0. 0. 0. 0. 0. 0. 0. 0.],False
1731182673123013456,"std_msgs.msg.Header(stamp=builtin_interfaces.msg.Time(sec=1731182673, nanosec=122460776), frame_id='RL_myo')","geometry_msgs.msg.Quaternion(x=0.4866486608827471, y=0.7532586383988439, z=-0.39222429384579616, w=-0.20477941267548183)",[0. 0. 0. 0. 0. 0. 0. 0. 0.],"geometry_msgs.msg.Vector3(x=17.25, y=-25.9375, z=-69.875)",[0. 0. 0. 0. 0. 0. 0. 0. 0.],"geometry_msgs.msg.Vector3(x=0.10009765625, y=0.982421875, z=-0.49169921875)",[0. 0. 0. 0. 0. 0. 0. 0. 0.],False
1731182673146158576,"std_msgs.msg.Header(stamp=builtin_interfaces.msg.Time(sec=1731182673, nanosec=145652034), frame_id='RL_myo')","geometry_msgs.msg.Quaternion(x=0.4807762702467747, y=0.7573279117966206, z=-0.386842706718809, w=-0.21368512404899814)",[0. 0. 0. 0. 0. 0. 0. 0. 0.],"geometry_msgs.msg.Vector3(x=13.0625, y=-32.375, z=-65.0625)",[0. 0. 0. 0. 0. 0. 0. 0. 0.],"geometry_msgs.msg.Vector3(x=0.0654296875, y=0.96337890625, z=-0.4365234375)",[0. 0. 0. 0. 0. 0. 0. 0. 0.],False
1731182673167435299,"std_msgs.msg.Header(stamp=builtin_interfaces.msg.Time(sec=1731182673, nanosec=167005460), frame_id='RL_myo')","geometry_msgs.msg.Quaternion(x=0.47364166131287844, y=0.7614888358942618, z=-0.38178203498866686, w=-0.22369802689583757)",[0. 0. 0. 0. 0. 0. 0. 0. 0.],"geometry_msgs.msg.Vector3(x=16.75, y=-40.375, z=-67.3125)",[0. 0. 0. 0. 0. 0. 0. 0. 0.],"geometry_msgs.msg.Vector3(x=0.0185546875, y=0.888671875, z=-0.4072265625)",[0. 0. 0. 0. 0. 0. 0. 0. 0.],False
1731182673189709198,"std_msgs.msg.Header(stamp=builtin_interfaces.msg.Time(sec=1731182673, nanosec=189187749), frame_id='RL_myo')","geometry_msgs.msg.Quaternion(x=0.4651597259255058, y=0.7658258865224146, z=-0.37781638938182405, w=-0.23322074698351367)",[0. 0. 0. 0. 0. 0. 0. 0. 0.],"geometry_msgs.msg.Vector3(x=21.0, y=-44.8125, z=-65.875)",[0. 0. 0. 0. 0. 0. 0. 0. 0.],"geometry_msgs.msg.Vector3(x=0.02783203125, y=0.80615234375, z=-0.447265625)",[0. 0. 0. 0. 0. 0. 0. 0. 0.],False
1731182673206228593,"std_msgs.msg.Header(stamp=builtin_interfaces.msg.Time(sec=1731182673, nanosec=205706832), frame_id='RL_myo')","geometry_msgs.msg.Quaternion(x=0.4555675645368474, y=0.7703266655974746, z=-0.3767709774766826, w=-0.23895324426068565)",[0. 0. 0. 0. 0. 0. 0. 0. 0.],"geometry_msgs.msg.Vector3(x=38.625, y=-41.25, z=-49.4375)",[0. 0. 0. 0. 0. 0. 0. 0. 0.],"geometry_msgs.msg.Vector3(x=0.0947265625, y=0.71142578125, z=-0.40283203125)",[0. 0. 0. 0. 0. 0. 0. 0. 0.],False
1731182673229061596,"std_msgs.msg.Header(stamp=builtin_interfaces.msg.Time(sec=1731182673, nanosec=228287774), frame_id='RL_myo')","geometry_msgs.msg.Quaternion(x=0.4447606262339169, y=0.7753251317482429, z=-0.37756130559668033, w=-0.24188093341087039)",[0. 0. 0. 0. 0. 0. 0. 0. 0.],"geometry_msgs.msg.Vector3(x=54.5, y=-33.8125, z=-34.5)",[0. 0. 0. 0. 0. 0. 0. 0. 0.],"geometry_msgs.msg.Vector3(x=0.0439453125, y=0.65283203125, z=-0.3818359375)",[0. 0. 0. 0. 0. 0. 0. 0. 0.],False
1731182673243018701,"std_msgs.msg.Header(stamp=builtin_interfaces.msg.Time(sec=1731182673, nanosec=242517339), frame_id='RL_myo')","geometry_msgs.msg.Quaternion(x=0.4327419725796866, y=0.7804004035830567, z=-0.3786644848920135, w=-0.24560700954311127)",[0. 0. 0. 0. 0. 0. 0. 0. 0.],"geometry_msgs.msg.Vector3(x=62.3125, y=-36.5625, z=-29.4375)",[0. 0. 0. 0. 0. 0. 0. 0. 0.],"geometry_msgs.msg.Vector3(x=-0.08740234375, y=0.677734375, z=-0.35791015625)",[0. 0. 0. 0. 0. 0. 0. 0. 0.],False
1731182673266225839,"std_msgs.msg.Header(stamp=builtin_interfaces.msg.Time(sec=1731182673, nanosec=265806209), frame_id='RL_myo')","geometry_msgs.msg.Quaternion(x=0.42066563265715934, y=0.7848111875661281, z=-0.38111378559363074, w=-0.248724964172653)",[0. 0. 0. 0. 0. 0. 0. 0. 0.],"geometry_msgs.msg.Vector3(x=58.5625, y=-39.0, z=-21.0)",[0. 0. 0. 0. 0. 0. 0. 0. 0.],"geometry_msgs.msg.Vector3(x=-0.09228515625, y=0.66796875, z=-0.4599609375)",[0. 0. 0. 0. 0. 0. 0. 0. 0.],False
1731182673288693952,"std_msgs.msg.Header(stamp=builtin_interfaces.msg.Time(sec=1731182673, nanosec=288243574), frame_id='RL_myo')","geometry_msgs.msg.Quaternion(x=0.4104088714775889, y=0.7880411867410991, z=-0.38556704954252363, w=-0.24878443785583765)",[0. 0. 0. 0. 0. 0. 0. 0. 0.],"geometry_msgs.msg.Vector3(x=57.0, y=-31.6875, z=-6.5625)",[0. 0. 0. 0. 0. 0. 0. 0. 0.],"geometry_msgs.msg.Vector3(x=0.02099609375, y=0.59521484375, z=-0.43505859375)",[0. 0. 0. 0. 0. 0. 0. 0. 0.],False
1731182673310117477,"std_msgs.msg.Header(stamp=builtin_interfaces.msg.Time(sec=1731182673, nanosec=309670842), frame_id='RL_myo')","geometry_msgs.msg.Quaternion(x=0.40076909200765976, y=0.7912839641771704, z=-0.38947724278112655, w=-0.2481154978695)",[0. 0. 0. 0. 0. 0. 0. 0. 0.],"geometry_msgs.msg.Vector3(x=56.3125, y=-23.3125, z=-1.5)",[0. 0. 0. 0. 0. 0. 0. 0. 0.],"geometry_msgs.msg.Vector3(x=-0.0595703125, y=0.6015625, z=-0.43408203125)",[0. 0. 0. 0. 0. 0. 0. 0. 0.],False
1731182673326138981,"std_msgs.msg.Header(stamp=builtin_interfaces.msg.Time(sec=1731182673, nanosec=325772065), frame_id='RL_myo')","geometry_msgs.msg.Quaternion(x=0.391431313421018, y=0.7940934644639708, z=-0.3927741309627711, w=-0.24884850535123818)",[0. 0. 0. 0. 0. 0. 0. 0. 0.],"geometry_msgs.msg.Vector3(x=49.4375, y=-22.9375, z=0.5625)",[0. 0. 0. 0. 0. 0. 0. 0. 0.],"geometry_msgs.msg.Vector3(x=-0.19091796875, y=0.6474609375, z=-0.4931640625)",[0. 0. 0. 0. 0. 0. 0. 0. 0.],False
1731182673348871472,"std_msgs.msg.Header(stamp=builtin_interfaces.msg.Time(sec=1731182673, nanosec=348397999), frame_id='RL_myo')","geometry_msgs.msg.Quaternion(x=0.3840392648697166, y=0.7954837474645607, z=-0.39642959715969633, w=-0.2501260183464874)",[0. 0. 0. 0. 0. 0. 0. 0. 0.],"geometry_msgs.msg.Vector3(x=38.3125, y=-25.75, z=4.8125)",[0. 0. 0. 0. 0. 0. 0. 0. 0.],"geometry_msgs.msg.Vector3(x=-0.158203125, y=0.6533203125, z=-0.48486328125)",[0. 0. 0. 0. 0. 0. 0. 0. 0.],False
1731182673362919369,"std_msgs.msg.Header(stamp=builtin_interfaces.msg.Time(sec=1731182673, nanosec=362610556), frame_id='RL_myo')","geometry_msgs.msg.Quaternion(x=0.37947064952016357, y=0.7951976229610248, z=-0.4005286154337001, w=-0.2514748393152765)",[0. 0. 0. 0. 0. 0. 0. 0. 0.],"geometry_msgs.msg.Vector3(x=23.4375, y=-24.5625, z=11.8125)",[0. 0. 0. 0. 0. 0. 0. 0. 0.],"geometry_msgs.msg.Vector3(x=-0.11328125, y=0.66650390625, z=-0.47314453125)",[0. 0. 0. 0. 0. 0. 0. 0. 0.],False
1731182673386062515,"std_msgs.msg.Header(stamp=builtin_interfaces.msg.Time(sec=1731182673, nanosec=385727049), frame_id='RL_myo')","geometry_msgs.msg.Quaternion(x=0.37769549186111434, y=0.7931117034976276, z=-0.4045516677529841, w=-0.2542791562852945)",[0. 0. 0. 0. 0. 0. 0. 0. 0.],"geometry_msgs.msg.Vector3(x=5.9375, y=-24.5625, z=19.5)",[0. 0. 0. 0. 0. 0. 0. 0. 0.],"geometry_msgs.msg.Vector3(x=-0.17626953125, y=0.72216796875, z=-0.4716796875)",[0. 0. 0. 0. 0. 0. 0. 0. 0.],False
1731182673408664372,"std_msgs.msg.Header(stamp=builtin_interfaces.msg.Time(sec=1731182673, nanosec=408212132), frame_id='RL_myo')","geometry_msgs.msg.Quaternion(x=0.37653919794752366, y=0.7907384194213274, z=-0.4080954899460436, w=-0.2576995451020335)",[0. 0. 0. 0. 0. 0. 0. 0. 0.],"geometry_msgs.msg.Vector3(x=0.25, y=-25.5, z=17.3125)",[0. 0. 0. 0. 0. 0. 0. 0. 0.],"geometry_msgs.msg.Vector3(x=-0.17529296875, y=0.7109375, z=-0.462890625)",[0. 0. 0. 0. 0. 0. 0. 0. 0.],False
1731182673422879899,"std_msgs.msg.Header(stamp=builtin_interfaces.msg.Time(sec=1731182673, nanosec=422600380), frame_id='RL_myo')","geometry_msgs.msg.Quaternion(x=0.37579082027253946, y=0.7883855815267813, z=-0.41174027506229516, w=-0.26019104544775634)",[0. 0. 0. 0. 0. 0. 0. 0. 0.],"geometry_msgs.msg.Vector3(x=-0.125, y=-22.8125, z=17.1875)",[0. 0. 0. 0. 0. 0. 0. 0. 0.],"geometry_msgs.msg.Vector3(x=-0.1162109375, y=0.689453125, z=-0.45947265625)",[0. 0. 0. 0. 0. 0. 0. 0. 0.],False
1731182673446768126,"std_msgs.msg.Header(stamp=builtin_interfaces.msg.Time(sec=1731182673, nanosec=446450753), frame_id='RL_myo')","geometry_msgs.msg.Quaternion(x=0.37645950687490876, y=0.7853282222696905, z=-0.41655903606051425, w=-0.26079952543393076)",[0. 0. 0. 0. 0. 0. 0. 0. 0.],"geometry_msgs.msg.Vector3(x=-2.8125, y=-16.5625, z=27.875)",[0. 0. 0. 0. 0. 0. 0. 0. 0.],"geometry_msgs.msg.Vector3(x=-0.0712890625, y=0.69921875, z=-0.484375)",[0. 0. 0. 0. 0. 0. 0. 0. 0.],False
1731182673468496229,"std_msgs.msg.Header(stamp=builtin_interfaces.msg.Time(sec=1731182673, nanosec=468207953), frame_id='RL_myo')","geometry_msgs.msg.Quaternion(x=0.37755655520119413, y=0.7823342910715981, z=-0.4219283003727538, w=-0.25957776095549284)",[0. 0. 0. 0. 0. 0. 0. 0. 0.],"geometry_msgs.msg.Vector3(x=1.25, y=-7.9375, z=35.1875)",[0. 0. 0. 0. 0. 0. 0. 0. 0.],"geometry_msgs.msg.Vector3(x=-0.0751953125, y=0.73095703125, z=-0.49365234375)",[0. 0. 0. 0. 0. 0. 0. 0. 0.],False
1731182673489565876,"std_msgs.msg.Header(stamp=builtin_interfaces.msg.Time(sec=1731182673, nanosec=489057838), frame_id='RL_myo')","geometry_msgs.msg.Quaternion(x=0.37762865962169306, y=0.7804040798323852, z=-0.42645732095955546, w=-0.25787636769058564)",[0. 0. 0. 0. 0. 0. 0. 0. 0.],"geometry_msgs.msg.Vector3(x=6.25, y=-2.25, z=32.8125)",[0. 0. 0. 0. 0. 0. 0. 0. 0.],"geometry_msgs.msg.Vector3(x=-0.1416015625, y=0.75048828125, z=-0.5400390625)",[0. 0. 0. 0. 0. 0. 0. 0. 0.],False
1731182673505880144,"std_msgs.msg.Header(stamp=builtin_interfaces.msg.Time(sec=1731182673, nanosec=505546653), frame_id='RL_myo')","geometry_msgs.msg.Quaternion(x=0.3785461720475499, y=0.7780887780171182, z=-0.43109829299771774, w=-0.2558024842069142)",[0. 0. 0. 0. 0. 0. 0. 0. 0.],"geometry_msgs.msg.Vector3(x=2.9375, y=0.0, z=34.5)",[0. 0. 0. 0. 0. 0. 0. 0. 0.],"geometry_msgs.msg.Vector3(x=-0.11767578125, y=0.8203125, z=-0.59033203125)",[0. 0. 0. 0. 0. 0. 0. 0. 0.],False
1731182673528316194,"std_msgs.msg.Header(stamp=builtin_interfaces.msg.Time(sec=1731182673, nanosec=528008017), frame_id='RL_myo')","geometry_msgs.msg.Quaternion(x=0.381416754321192, y=0.7751018343934737, z=-0.4356171188334689, w=-0.25293503439062565)",[0. 0. 0. 0. 0. 0. 0. 0. 0.],"geometry_msgs.msg.Vector3(x=-3.125, y=5.0, z=36.6875)",[0. 0. 0. 0. 0. 0. 0. 0. 0.],"geometry_msgs.msg.Vector3(x=-0.0380859375, y=0.853515625, z=-0.56591796875)",[0. 0. 0. 0. 0. 0. 0. 0. 0.],False
1731182673549514410,"std_msgs.msg.Header(stamp=builtin_interfaces.msg.Time(sec=1731182673, nanosec=549095290), frame_id='RL_myo')","geometry_msgs.msg.Quaternion(x=0.3845316645147165, y=0.7724203514974186, z=-0.4392816491289547, w=-0.25006765547885607)",[0. 0. 0. 0. 0. 0. 0. 0. 0.],"geometry_msgs.msg.Vector3(x=-5.625, y=8.875, z=34.25)",[0. 0. 0. 0. 0. 0. 0. 0. 0.],"geometry_msgs.msg.Vector3(x=-0.05908203125, y=0.86279296875, z=-0.58349609375)",[0. 0. 0. 0. 0. 0. 0. 0. 0.],False
1731182673566094093,"std_msgs.msg.Header(stamp=builtin_interfaces.msg.Time(sec=1731182673, nanosec=565770314), frame_id='RL_myo')","geometry_msgs.msg.Quaternion(x=0.3874007449603241, y=0.7698575068827112, z=-0.4421507793434044, w=-0.24848092527705679)",[0. 0. 0. 0. 0. 0. 0. 0. 0.],"geometry_msgs.msg.Vector3(x=-7.625, y=6.625, z=29.875)",[0. 0. 0. 0. 0. 0. 0. 0. 0.],"geometry_msgs.msg.Vector3(x=-0.1025390625, y=0.90185546875, z=-0.5947265625)",[0. 0. 0. 0. 0. 0. 0. 0. 0.],False
1731182673588945106,"std_msgs.msg.Header(stamp=builtin_interfaces.msg.Time(sec=1731182673, nanosec=588686383), frame_id='RL_myo')","geometry_msgs.msg.Quaternion(x=0.39111844936872137, y=0.7669168720845793, z=-0.44476906063512367, w=-0.24707357725414858)",[0. 0. 0. 0. 0. 0. 0. 0. 0.],"geometry_msgs.msg.Vector3(x=-12.4375, y=5.6875, z=27.375)",[0. 0. 0. 0. 0. 0. 0. 0. 0.],"geometry_msgs.msg.Vector3(x=-0.0322265625, y=0.92724609375, z=-0.59130859375)",[0. 0. 0. 0. 0. 0. 0. 0. 0.],False
1731182673609498760,"std_msgs.msg.Header(stamp=builtin_interfaces.msg.Time(sec=1731182673, nanosec=609072881), frame_id='RL_myo')","geometry_msgs.msg.Quaternion(x=0.39574709100317756, y=0.7636624926945955, z=-0.44701599236694517, w=-0.24572452010777188)",[0. 0. 0. 0. 0. 0. 0. 0. 0.],"geometry_msgs.msg.Vector3(x=-17.3125, y=8.1875, z=27.25)",[0. 0. 0. 0. 0. 0. 0. 0. 0.],"geometry_msgs.msg.Vector3(x=-0.0205078125, y=0.939453125, z=-0.57861328125)",[0. 0. 0. 0. 0. 0. 0. 0. 0.],False
1731182673625828465,"std_msgs.msg.Header(stamp=builtin_interfaces.msg.Time(sec=1731182673, nanosec=625568403), frame_id='RL_myo')","geometry_msgs.msg.Quaternion(x=0.4000810532548142, y=0.7604896908550702, z=-0.4486645038102425, w=-0.24554173565890428)",[0. 0. 0. 0. 0. 0. 0. 0. 0.],"geometry_msgs.msg.Vector3(x=-20.625, y=5.875, z=25.5625)",[0. 0. 0. 0. 0. 0. 0. 0. 0.],"geometry_msgs.msg.Vector3(x=-0.076171875, y=0.92822265625, z=-0.5810546875)",[0. 0. 0. 0. 0. 0. 0. 0. 0.],False
1731182673648525793,"std_msgs.msg.Header(stamp=builtin_interfaces.msg.Time(sec=1731182673, nanosec=648238563), frame_id='RL_myo')","geometry_msgs.msg.Quaternion(x=0.4036844233280764, y=0.7575644182564385, z=-0.4503150401140834, w=-0.24566522586868877)",[0. 0. 0. 0. 0. 0. 0. 0. 0.],"geometry_msgs.msg.Vector3(x=-17.8125, y=3.25, z=22.9375)",[0. 0. 0. 0. 0. 0. 0. 0. 0.],"geometry_msgs.msg.Vector3(x=-0.0712890625, y=0.92822265625, z=-0.57275390625)",[0. 0. 0. 0. 0. 0. 0. 0. 0.],False
1731182673669515668,"std_msgs.msg.Header(stamp=builtin_interfaces.msg.Time(sec=1731182673, nanosec=669244395), frame_id='RL_myo')","geometry_msgs.msg.Quaternion(x=0.406266911021657, y=0.7551583868930198, z=-0.4522893345358291, w=-0.2451884287220547)",[0. 0. 0. 0. 0. 0. 0. 0. 0.],"geometry_msgs.msg.Vector3(x=-10.0, y=1.25, z=20.375)",[0. 0. 0. 0. 0. 0. 0. 0. 0.],"geometry_msgs.msg.Vector3(x=-0.0185546875, y=0.94287109375, z=-0.5673828125)",[0. 0. 0. 0. 0. 0. 0. 0. 0.],False
1731182673686058258,"std_msgs.msg.Header(stamp=builtin_interfaces.msg.Time(sec=1731182673, nanosec=685765681), frame_id='RL_myo')","geometry_msgs.msg.Quaternion(x=0.40876036664080556, y=0.7530663586104612, z=-0.453927257982331, w=-0.24445054030109395)",[0. 0. 0. 0. 0. 0. 0. 0. 0.],"geometry_msgs.msg.Vector3(x=-7.8125, y=3.3125, z=17.625)",[0. 0. 0. 0. 0. 0. 0. 0. 0.],"geometry_msgs.msg.Vector3(x=0.00146484375, y=0.9677734375, z=-0.57177734375)",[0. 0. 0. 0. 0. 0. 0. 0. 0.],False
1731182673708470903,"std_msgs.msg.Header(stamp=builtin_interfaces.msg.Time(sec=1731182673, nanosec=708176439), frame_id='RL_myo')","geometry_msgs.msg.Quaternion(x=0.41077242113122175, y=0.7513534181464101, z=-0.45514560837674894, w=-0.24408304786088497)",[0. 0. 0. 0. 0. 0. 0. 0. 0.],"geometry_msgs.msg.Vector3(x=-8.75, y=3.125, z=16.0)",[0. 0. 0. 0. 0. 0. 0. 0. 0.],"geometry_msgs.msg.Vector3(x=-0.03515625, y=0.96875, z=-0.60595703125)",[0. 0. 0. 0. 0. 0. 0. 0. 0.],False
1731182673729895995,"std_msgs.msg.Header(stamp=builtin_interfaces.msg.Time(sec=1731182673, nanosec=729503711), frame_id='RL_myo')","geometry_msgs.msg.Quaternion(x=0.4117462517630777, y=0.7502497667761269, z=-0.4566074280224703, w=-0.24310485039613677)",[0. 0. 0. 0. 0. 0. 0. 0. 0.],"geometry_msgs.msg.Vector3(x=-4.5, y=1.5625, z=13.1875)",[0. 0. 0. 0. 0. 0. 0. 0. 0.],"geometry_msgs.msg.Vector3(x=0.00927734375, y=0.927734375, z=-0.63720703125)",[0. 0. 0. 0. 0. 0. 0. 0. 0.],False
1731182673745879602,"std_msgs.msg.Header(stamp=builtin_interfaces.msg.Time(sec=1731182673, nanosec=745612768), frame_id='RL_myo')","geometry_msgs.msg.Quaternion(x=0.41400186120915883, y=0.7487800137570338, z=-0.45788618056775904, w=-0.2413942740796437)",[0. 0. 0. 0. 0. 0. 0. 0. 0.],"geometry_msgs.msg.Vector3(x=-5.25, y=5.9375, z=12.5)",[0. 0. 0. 0. 0. 0. 0. 0. 0.],"geometry_msgs.msg.Vector3(x=0.08251953125, y=0.94287109375, z=-0.57666015625)",[0. 0. 0. 0. 0. 0. 0. 0. 0.],False
1731182673768482607,"std_msgs.msg.Header(stamp=builtin_interfaces.msg.Time(sec=1731182673, nanosec=768169767), frame_id='RL_myo')","geometry_msgs.msg.Quaternion(x=0.41620633258776907, y=0.7476943208975174, z=-0.45807721455803, w=-0.2406049806512664)",[0. 0. 0. 0. 0. 0. 0. 0. 0.],"geometry_msgs.msg.Vector3(x=-7.6875, y=7.375, z=8.75)",[0. 0. 0. 0. 0. 0. 0. 0. 0.],"geometry_msgs.msg.Vector3(x=0.02197265625, y=0.9619140625, z=-0.57861328125)",[0. 0. 0. 0. 0. 0. 0. 0. 0.],False
1731182673789508321,"std_msgs.msg.Header(stamp=builtin_interfaces.msg.Time(sec=1731182673, nanosec=789072251), frame_id='RL_myo')","geometry_msgs.msg.Quaternion(x=0.4176029482097521, y=0.7468879387960736, z=-0.4570927329936909, w=-0.24255394858017462)",[0. 0. 0. 0. 0. 0. 0. 0. 0.],"geometry_msgs.msg.Vector3(x=-13.5, y=0.0, z=1.0)",[0. 0. 0. 0. 0. 0. 0. 0. 0.],"geometry_msgs.msg.Vector3(x=-0.07568359375, y=0.99951171875, z=-0.615234375)",[0. 0. 0. 0. 0. 0. 0. 0. 0.],False
1731182673806052228,"std_msgs.msg.Header(stamp=builtin_interfaces.msg.Time(sec=1731182673, nanosec=805739022), frame_id='RL_myo')","geometry_msgs.msg.Quaternion(x=0.41944582172156714, y=0.7456272057844389, z=-0.45576279842766904, w=-0.24573470288868296)",[0. 0. 0. 0. 0. 0. 0. 0. 0.],"geometry_msgs.msg.Vector3(x=-20.4375, y=-6.25, z=-5.625)",[0. 0. 0. 0. 0. 0. 0. 0. 0.],"geometry_msgs.msg.Vector3(x=-0.01171875, y=1.00048828125, z=-0.6083984375)",[0. 0. 0. 0. 0. 0. 0. 0. 0.],False
1731182673829158394,"std_msgs.msg.Header(stamp=builtin_interfaces.msg.Time(sec=1731182673, nanosec=828815586), frame_id='RL_myo')","geometry_msgs.msg.Quaternion(x=0.4227305961196676, y=0.7434711798056124, z=-0.4552624193555589, w=-0.24755924023409934)",[0. 0. 0. 0. 0. 0. 0. 0. 0.],"geometry_msgs.msg.Vector3(x=-23.75, y=-3.625, z=-0.3125)",[0. 0. 0. 0. 0. 0. 0. 0. 0.],"geometry_msgs.msg.Vector3(x=0.08447265625, y=0.91455078125, z=-0.541015625)",[0. 0. 0. 0. 0. 0. 0. 0. 0.],False
1731182673851588349,"std_msgs.msg.Header(stamp=builtin_interfaces.msg.Time(sec=1731182673, nanosec=851277669), frame_id='RL_myo')","geometry_msgs.msg.Quaternion(x=0.42591509188612536, y=0.7414145344139818, z=-0.4552127766246379, w=-0.2483589150020986)",[0. 0. 0. 0. 0. 0. 0. 0. 0.],"geometry_msgs.msg.Vector3(x=-17.875, y=1.0625, z=5.9375)",[0. 0. 0. 0. 0. 0. 0. 0. 0.],"geometry_msgs.msg.Vector3(x=0.05078125, y=0.8837890625, z=-0.48583984375)",[0. 0. 0. 0. 0. 0. 0. 0. 0.],False
1731182673866683189,"std_msgs.msg.Header(stamp=builtin_interfaces.msg.Time(sec=1731182673, nanosec=866366886), frame_id='RL_myo')","geometry_msgs.msg.Quaternion(x=0.42677163963421494, y=0.7408687302460099, z=-0.4550318325905424, w=-0.24884839456360044)",[0. 0. 0. 0. 0. 0. 0. 0. 0.],"geometry_msgs.msg.Vector3(x=-6.0625, y=1.5625, z=3.5625)",[0. 0. 0. 0. 0. 0. 0. 0. 0.],"geometry_msgs.msg.Vector3(x=-0.0302734375, y=0.85498046875, z=-0.50048828125)",[0. 0. 0. 0. 0. 0. 0. 0. 0.],False
1731182673888561208,"std_msgs.msg.Header(stamp=builtin_interfaces.msg.Time(sec=1731182673, nanosec=888246492), frame_id='RL_myo')","geometry_msgs.msg.Quaternion(x=0.4263207754589601, y=0.741438050146807, z=-0.45506767384710184, w=-0.24785807718523076)",[0. 0. 0. 0. 0. 0. 0. 0. 0.],"geometry_msgs.msg.Vector3(x=6.0625, y=3.375, z=0.1875)",[0. 0. 0. 0. 0. 0. 0. 0. 0.],"geometry_msgs.msg.Vector3(x=0.02490234375, y=0.84912109375, z=-0.505859375)",[0. 0. 0. 0. 0. 0. 0. 0. 0.],False
1731182673909609185,"std_msgs.msg.Header(stamp=builtin_interfaces.msg.Time(sec=1731182673, nanosec=909178654), frame_id='RL_myo')","geometry_msgs.msg.Quaternion(x=0.42566916838866276, y=0.742326989667754, z=-0.45514984064729824, w=-0.2461605615301802)",[0. 0. 0. 0. 0. 0. 0. 0. 0.],"geometry_msgs.msg.Vector3(x=12.875, y=6.125, z=0.5625)",[0. 0. 0. 0. 0. 0. 0. 0. 0.],"geometry_msgs.msg.Vector3(x=0.0341796875, y=0.90771484375, z=-0.49365234375)",[0. 0. 0. 0. 0. 0. 0. 0. 0.],False
1731182673926064851,"std_msgs.msg.Header(stamp=builtin_interfaces.msg.Time(sec=1731182673, nanosec=925757160), frame_id='RL_myo')","geometry_msgs.msg.Quaternion(x=0.4246183400900444, y=0.7432194232106469, z=-0.45507465052628593, w=-0.24542048950726872)",[0. 0. 0. 0. 0. 0. 0. 0. 0.],"geometry_msgs.msg.Vector3(x=8.75, y=3.6875, z=1.0625)",[0. 0. 0. 0. 0. 0. 0. 0. 0.],"geometry_msgs.msg.Vector3(x=-0.03271484375, y=0.9423828125, z=-0.56591796875)",[0. 0. 0. 0. 0. 0. 0. 0. 0.],False
1731182673948418342,"std_msgs.msg.Header(stamp=builtin_interfaces.msg.Time(sec=1731182673, nanosec=948157994), frame_id='RL_myo')","geometry_msgs.msg.Quaternion(x=0.4243813289644856, y=0.743659156062605, z=-0.45483815093389135, w=-0.24493632577800672)",[0. 0. 0. 0. 0. 0. 0. 0. 0.],"geometry_msgs.msg.Vector3(x=1.0, y=2.6875, z=-1.375)",[0. 0. 0. 0. 0. 0. 0. 0. 0.],"geometry_msgs.msg.Vector3(x=0.02587890625, y=0.9111328125, z=-0.5888671875)",[0. 0. 0. 0. 0. 0. 0. 0. 0.],False
1731182673969597159,"std_msgs.msg.Header(stamp=builtin_interfaces.msg.Time(sec=1731182673, nanosec=969173170), frame_id='RL_myo')","geometry_msgs.msg.Quaternion(x=0.42535405302783996, y=0.7435303593033644, z=-0.4548950720643552, w=-0.24353030156135477)",[0. 0. 0. 0. 0. 0. 0. 0. 0.],"geometry_msgs.msg.Vector3(x=-2.0, y=6.0, z=1.6875)",[0. 0. 0. 0. 0. 0. 0. 0. 0.],"geometry_msgs.msg.Vector3(x=0.08642578125, y=0.86083984375, z=-0.53955078125)",[0. 0. 0. 0. 0. 0. 0. 0. 0.],False
1731182673985917044,"std_msgs.msg.Header(stamp=builtin_interfaces.msg.Time(sec=1731182673, nanosec=985653040), frame_id='RL_myo')","geometry_msgs.msg.Quaternion(x=0.4259004779228563, y=0.7437084155187738, z=-0.45464784466141533, w=-0.24249105743587102)",[0. 0. 0. 0. 0. 0. 0. 0. 0.],"geometry_msgs.msg.Vector3(x=-0.5, y=6.75, z=2.0)",[0. 0. 0. 0. 0. 0. 0. 0. 0.],"geometry_msgs.msg.Vector3(x=0.01806640625, y=0.85498046875, z=-0.53759765625)",[0. 0. 0. 0. 0. 0. 0. 0. 0.],False
1731182674009275925,"std_msgs.msg.Header(stamp=builtin_interfaces.msg.Time(sec=1731182674, nanosec=8981703), frame_id='RL_myo')","geometry_msgs.msg.Quaternion(x=0.4254874250147216, y=0.744099440303324, z=-0.45435782410121756, w=-0.2425601817541965)",[0. 0. 0. 0. 0. 0. 0. 0. 0.],"geometry_msgs.msg.Vector3(x=-0.9375, y=2.3125, z=0.875)",[0. 0. 0. 0. 0. 0. 0. 0. 0.],"geometry_msgs.msg.Vector3(x=-0.033203125, y=0.880859375, z=-0.58837890625)",[0. 0. 0. 0. 0. 0. 0. 0. 0.],False
1731182674029603038,"std_msgs.msg.Header(stamp=builtin_interfaces.msg.Time(sec=1731182674, nanosec=29154787), frame_id='RL_myo')","geometry_msgs.msg.Quaternion(x=0.42565592189600693, y=0.7437687215693635, z=-0.4551356767391058, w=-0.24181943827817315)",[0. 0. 0. 0. 0. 0. 0. 0. 0.],"geometry_msgs.msg.Vector3(x=-1.5, y=0.4375, z=4.5)",[0. 0. 0. 0. 0. 0. 0. 0. 0.],"geometry_msgs.msg.Vector3(x=0.05029296875, y=0.833984375, z=-0.55908203125)",[0. 0. 0. 0. 0. 0. 0. 0. 0.],False
1731182674045908956,"std_msgs.msg.Header(stamp=builtin_interfaces.msg.Time(sec=1731182674, nanosec=45612531), frame_id='RL_myo')","geometry_msgs.msg.Quaternion(x=0.4265718824080728, y=0.7430981067847026, z=-0.4560516676710717, w=-0.2405379580154836)",[0. 0. 0. 0. 0. 0. 0. 0. 0.],"geometry_msgs.msg.Vector3(x=-1.125, y=3.1875, z=7.8125)",[0. 0. 0. 0. 0. 0. 0. 0. 0.],"geometry_msgs.msg.Vector3(x=0.0693359375, y=0.86328125, z=-0.52978515625)",[0. 0. 0. 0. 0. 0. 0. 0. 0.],False
1731182674068424219,"std_msgs.msg.Header(stamp=builtin_interfaces.msg.Time(sec=1731182674, nanosec=68134475), frame_id='RL_myo')","geometry_msgs.msg.Quaternion(x=0.42639652578854015, y=0.7434167884489578, z=-0.4563040977376362, w=-0.23938264731500924)",[0. 0. 0. 0. 0. 0. 0. 0. 0.],"geometry_msgs.msg.Vector3(x=3.0625, y=5.25, z=4.625)",[0. 0. 0. 0. 0. 0. 0. 0. 0.],"geometry_msgs.msg.Vector3(x=0.00634765625, y=0.8603515625, z=-0.5537109375)",[0. 0. 0. 0. 0. 0. 0. 0. 0.],False
1731182674089583376,"std_msgs.msg.Header(stamp=builtin_interfaces.msg.Time(sec=1731182674, nanosec=89140158), frame_id='RL_myo')","geometry_msgs.msg.Quaternion(x=0.4255453552887265, y=0.7438498630097117, z=-0.4572842515523722, w=-0.2376755039435314)",[0. 0. 0. 0. 0. 0. 0. 0. 0.],"geometry_msgs.msg.Vector3(x=5.875, y=4.3125, z=7.25)",[0. 0. 0. 0. 0. 0. 0. 0. 0.],"geometry_msgs.msg.Vector3(x=0.01171875, y=0.80859375, z=-0.57666015625)",[0. 0. 0. 0. 0. 0. 0. 0. 0.],False
1731182674105336395,"std_msgs.msg.Header(stamp=builtin_interfaces.msg.Time(sec=1731182674, nanosec=105081636), frame_id='RL_myo')","geometry_msgs.msg.Quaternion(x=0.4246227288689247, y=0.7442647054517274, z=-0.45929079125178357, w=-0.23413149172649061)",[0. 0. 0. 0. 0. 0. 0. 0. 0.],"geometry_msgs.msg.Vector3(x=14.25, y=6.5625, z=11.75)",[0. 0. 0. 0. 0. 0. 0. 0. 0.],"geometry_msgs.msg.Vector3(x=0.09130859375, y=0.85205078125, z=-0.5771484375)",[0. 0. 0. 0. 0. 0. 0. 0. 0.],False
1731182674134813929,"std_msgs.msg.Header(stamp=builtin_interfaces.msg.Time(sec=1731182674, nanosec=134526745), frame_id='RL_myo')","geometry_msgs.msg.Quaternion(x=0.4253057858459552, y=0.7449565321828191, z=-0.45765539355237833, w=-0.23389376741700638)",[0. 0. 0. 0. 0. 0. 0. 0. 0.],"geometry_msgs.msg.Vector3(x=12.0625, y=6.3125, z=-8.4375)",[0. 0. 0. 0. 0. 0. 0. 0. 0.],"geometry_msgs.msg.Vector3(x=0.08056640625, y=1.2880859375, z=-0.55908203125)",[0. 0. 0. 0. 0. 0. 0. 0. 0.],False
1731182674151808452,"std_msgs.msg.Header(stamp=builtin_interfaces.msg.Time(sec=1731182674, nanosec=151451421), frame_id='RL_myo')","geometry_msgs.msg.Quaternion(x=0.41919199309439364, y=0.7498214378515763, z=-0.45563020216215033, w=-0.2333388161910115)",[0. 0. 0. 0. 0. 0. 0. 0. 0.],"geometry_msgs.msg.Vector3(x=25.9375, y=4.4375, z=-18.625)",[0. 0. 0. 0. 0. 0. 0. 0. 0.],"geometry_msgs.msg.Vector3(x=-0.13134765625, y=0.81689453125, z=-0.70361328125)",[0. 0. 0. 0. 0. 0. 0. 0. 0.],False
1731182674165300543,"std_msgs.msg.Header(stamp=builtin_interfaces.msg.Time(sec=1731182674, nanosec=165015644), frame_id='RL_myo')","geometry_msgs.msg.Quaternion(x=0.4179236522206627, y=0.7493571897638492, z=-0.4569266044287835, w=-0.23456705060376903)",[0. 0. 0. 0. 0. 0. 0. 0. 0.],"geometry_msgs.msg.Vector3(x=8.625, y=-9.375, z=6.6875)",[0. 0. 0. 0. 0. 0. 0. 0. 0.],"geometry_msgs.msg.Vector3(x=-0.0439453125, y=0.986328125, z=-0.53515625)",[0. 0. 0. 0. 0. 0. 0. 0. 0.],False
1731182674188368844,"std_msgs.msg.Header(stamp=builtin_interfaces.msg.Time(sec=1731182674, nanosec=188076773), frame_id='RL_myo')","geometry_msgs.msg.Quaternion(x=0.4182901989278171, y=0.7488694660215071, z=-0.4571711060804538, w=-0.23499449377967252)",[0. 0. 0. 0. 0. 0. 0. 0. 0.],"geometry_msgs.msg.Vector3(x=-1.1875, y=-4.4375, z=-1.1875)",[0. 0. 0. 0. 0. 0. 0. 0. 0.],"geometry_msgs.msg.Vector3(x=0.083984375, y=0.91259765625, z=-0.54931640625)",[0. 0. 0. 0. 0. 0. 0. 0. 0.],False
1731182674211028356,"std_msgs.msg.Header(stamp=builtin_interfaces.msg.Time(sec=1731182674, nanosec=210710229), frame_id='RL_myo')","geometry_msgs.msg.Quaternion(x=0.4187155241801101, y=0.7486218519051094, z=-0.4576572886738288, w=-0.23407784770127146)",[0. 0. 0. 0. 0. 0. 0. 0. 0.],"geometry_msgs.msg.Vector3(x=-0.6875, y=0.875, z=1.3125)",[0. 0. 0. 0. 0. 0. 0. 0. 0.],"geometry_msgs.msg.Vector3(x=0.0986328125, y=0.775390625, z=-0.51904296875)",[0. 0. 0. 0. 0. 0. 0. 0. 0.],False
1731182674225268527,"std_msgs.msg.Header(stamp=builtin_interfaces.msg.Time(sec=1731182674, nanosec=224965143), frame_id='RL_myo')","geometry_msgs.msg.Quaternion(x=0.41790722677916625, y=0.7485342820534094, z=-0.459411084557731, w=-0.23236056847499428)",[0. 0. 0. 0. 0. 0. 0. 0. 0.],"geometry_msgs.msg.Vector3(x=6.3125, y=0.375, z=9.375)",[0. 0. 0. 0. 0. 0. 0. 0. 0.],"geometry_msgs.msg.Vector3(x=0.0576171875, y=0.79736328125, z=-0.57861328125)",[0. 0. 0. 0. 0. 0. 0. 0. 0.],False
1731182674248620174,"std_msgs.msg.Header(stamp=builtin_interfaces.msg.Time(sec=1731182674, nanosec=248251890), frame_id='RL_myo')","geometry_msgs.msg.Quaternion(x=0.4130973209551923, y=0.7506310362155666, z=-0.46101123894423274, w=-0.23102443259683847)",[0. 0. 0. 0. 0. 0. 0. 0. 0.],"geometry_msgs.msg.Vector3(x=24.6875, y=-5.75, z=1.125)",[0. 0. 0. 0. 0. 0. 0. 0. 0.],"geometry_msgs.msg.Vector3(x=-0.01611328125, y=0.8232421875, z=-0.65673828125)",[0. 0. 0. 0. 0. 0. 0. 0. 0.],False
1731182674270990220,"std_msgs.msg.Header(stamp=builtin_interfaces.msg.Time(sec=1731182674, nanosec=270637264), frame_id='RL_myo')","geometry_msgs.msg.Quaternion(x=0.40693463330232005, y=0.7530152348958635, z=-0.4627225821306267, w=-0.23078143820550054)",[0. 0. 0. 0. 0. 0. 0. 0. 0.],"geometry_msgs.msg.Vector3(x=33.25, y=-14.75, z=-4.5)",[0. 0. 0. 0. 0. 0. 0. 0. 0.],"geometry_msgs.msg.Vector3(x=-0.00537109375, y=0.9033203125, z=-0.6455078125)",[0. 0. 0. 0. 0. 0. 0. 0. 0.],False
1731182674292392504,"std_msgs.msg.Header(stamp=builtin_interfaces.msg.Time(sec=1731182674, nanosec=291939799), frame_id='RL_myo')","geometry_msgs.msg.Quaternion(x=0.4052245569022441, y=0.7533184939429879, z=-0.462782435672965, w=-0.23267299456414436)",[0. 0. 0. 0. 0. 0. 0. 0. 0.],"geometry_msgs.msg.Vector3(x=9.4375, y=-14.875, z=-9.9375)",[0. 0. 0. 0. 0. 0. 0. 0. 0.],"geometry_msgs.msg.Vector3(x=0.080078125, y=1.00634765625, z=-0.576171875)",[0. 0. 0. 0. 0. 0. 0. 0. 0.],False
1731182674308488250,"std_msgs.msg.Header(stamp=builtin_interfaces.msg.Time(sec=1731182674, nanosec=308107420), frame_id='RL_myo')","geometry_msgs.msg.Quaternion(x=0.4062007226992223, y=0.7522800762235785, z=-0.46259883956985814, w=-0.23468696901254843)",[0. 0. 0. 0. 0. 0. 0. 0. 0.],"geometry_msgs.msg.Vector3(x=-11.375, y=-8.75, z=-4.0625)",[0. 0. 0. 0. 0. 0. 0. 0. 0.],"geometry_msgs.msg.Vector3(x=0.0703125, y=0.88427734375, z=-0.58935546875)",[0. 0. 0. 0. 0. 0. 0. 0. 0.],False
1731182674330843683,"std_msgs.msg.Header(stamp=builtin_interfaces.msg.Time(sec=1731182674, nanosec=330569003), frame_id='RL_myo')","geometry_msgs.msg.Quaternion(x=0.4084540010859936, y=0.7506837655942372, z=-0.46283722209131645, w=-0.235416479705421)",[0. 0. 0. 0. 0. 0. 0. 0. 0.],"geometry_msgs.msg.Vector3(x=-20.6875, y=-1.25, z=4.0)",[0. 0. 0. 0. 0. 0. 0. 0. 0.],"geometry_msgs.msg.Vector3(x=0.0615234375, y=0.73046875, z=-0.57861328125)",[0. 0. 0. 0. 0. 0. 0. 0. 0.],False
1731182674345262749,"std_msgs.msg.Header(stamp=builtin_interfaces.msg.Time(sec=1731182674, nanosec=344944720), frame_id='RL_myo')","geometry_msgs.msg.Quaternion(x=0.4102762378753891, y=0.7499961932479591, z=-0.46215585736275605, w=-0.2357776118584689)",[0. 0. 0. 0. 0. 0. 0. 0. 0.],"geometry_msgs.msg.Vector3(x=-18.75, y=3.5, z=-0.375)",[0. 0. 0. 0. 0. 0. 0. 0. 0.],"geometry_msgs.msg.Vector3(x=0.03564453125, y=0.7392578125, z=-0.61767578125)",[0. 0. 0. 0. 0. 0. 0. 0. 0.],False
1731182674368543631,"std_msgs.msg.Header(stamp=builtin_interfaces.msg.Time(sec=1731182674, nanosec=368182638), frame_id='RL_myo')","geometry_msgs.msg.Quaternion(x=0.4107020933560654, y=0.7500546924138338, z=-0.46099463681354763, w=-0.23711957685960974)",[0. 0. 0. 0. 0. 0. 0. 0. 0.],"geometry_msgs.msg.Vector3(x=-13.3125, y=-2.0, z=-8.25)",[0. 0. 0. 0. 0. 0. 0. 0. 0.],"geometry_msgs.msg.Vector3(x=0.0341796875, y=0.82861328125, z=-0.65283203125)",[0. 0. 0. 0. 0. 0. 0. 0. 0.],False
1731182674390909093,"std_msgs.msg.Header(stamp=builtin_interfaces.msg.Time(sec=1731182674, nanosec=390609689), frame_id='RL_myo')","geometry_msgs.msg.Quaternion(x=0.4125564298078453, y=0.7491814794291305, z=-0.4596778329461286, w=-0.23920826282245092)",[0. 0. 0. 0. 0. 0. 0. 0. 0.],"geometry_msgs.msg.Vector3(x=-24.125, y=-3.6875, z=-8.25)",[0. 0. 0. 0. 0. 0. 0. 0. 0.],"geometry_msgs.msg.Vector3(x=0.06201171875, y=0.849609375, z=-0.66845703125)",[0. 0. 0. 0. 0. 0. 0. 0. 0.],False
1731182674412401553,"std_msgs.msg.Header(stamp=builtin_interfaces.msg.Time(sec=1731182674, nanosec=411941185), frame_id='RL_myo')","geometry_msgs.msg.Quaternion(x=0.41839441641442277, y=0.745907828300607, z=-0.45660227997028396, w=-0.2451162620452694)",[0. 0. 0. 0. 0. 0. 0. 0. 0.],"geometry_msgs.msg.Vector3(x=-58.1875, y=-8.875, z=-13.375)",[0. 0. 0. 0. 0. 0. 0. 0. 0.],"geometry_msgs.msg.Vector3(x=0.06884765625, y=0.970703125, z=-0.69970703125)",[0. 0. 0. 0. 0. 0. 0. 0. 0.],False
1731182674429111302,"std_msgs.msg.Header(stamp=builtin_interfaces.msg.Time(sec=1731182674, nanosec=428849144), frame_id='RL_myo')","geometry_msgs.msg.Quaternion(x=0.4278748280273968, y=0.7409375944970855, z=-0.4497873905469168, w=-0.2561755568089849)",[0. 0. 0. 0. 0. 0. 0. 0. 0.],"geometry_msgs.msg.Vector3(x=-95.375, y=-16.5625, z=-35.0)",[0. 0. 0. 0. 0. 0. 0. 0. 0.],"geometry_msgs.msg.Vector3(x=0.09619140625, y=1.0, z=-0.65283203125)",[0. 0. 0. 0. 0. 0. 0. 0. 0.],False
1731182674450996294,"std_msgs.msg.Header(stamp=builtin_interfaces.msg.Time(sec=1731182674, nanosec=450663150), frame_id='RL_myo')","geometry_msgs.msg.Quaternion(x=0.44068742972500907, y=0.7339704075406142, z=-0.439100466681678, w=-0.2725303841720451)",[0. 0. 0. 0. 0. 0. 0. 0. 0.],"geometry_msgs.msg.Vector3(x=-131.5, y=-21.375, z=-51.0)",[0. 0. 0. 0. 0. 0. 0. 0. 0.],"geometry_msgs.msg.Vector3(x=0.1318359375, y=0.916015625, z=-0.62451171875)",[0. 0. 0. 0. 0. 0. 0. 0. 0.],False
1731182674472044718,"std_msgs.msg.Header(stamp=builtin_interfaces.msg.Time(sec=1731182674, nanosec=471728002), frame_id='RL_myo')","geometry_msgs.msg.Quaternion(x=0.45617796353508855, y=0.725526819981482, z=-0.42456166903265663, w=-0.2919929592657029)",[0. 0. 0. 0. 0. 0. 0. 0. 0.],"geometry_msgs.msg.Vector3(x=-161.3125, y=-21.5625, z=-68.8125)",[0. 0. 0. 0. 0. 0. 0. 0. 0.],"geometry_msgs.msg.Vector3(x=0.20654296875, y=0.8623046875, z=-0.59619140625)",[0. 0. 0. 0. 0. 0. 0. 0. 0.],False
1731182674488256062,"std_msgs.msg.Header(stamp=builtin_interfaces.msg.Time(sec=1731182674, nanosec=488009236), frame_id='RL_myo')","geometry_msgs.msg.Quaternion(x=0.4742580624071039, y=0.7160259112094898, z=-0.40449268720358783, w=-0.314279892321001)",[0. 0. 0. 0. 0. 0. 0. 0. 0.],"geometry_msgs.msg.Vector3(x=-192.1875, y=-15.0625, z=-94.25)",[0. 0. 0. 0. 0. 0. 0. 0. 0.],"geometry_msgs.msg.Vector3(x=0.31640625, y=0.88720703125, z=-0.5751953125)",[0. 0. 0. 0. 0. 0. 0. 0. 0.],False
1731182674510841612,"std_msgs.msg.Header(stamp=builtin_interfaces.msg.Time(sec=1731182674, nanosec=510577072), frame_id='RL_myo')","geometry_msgs.msg.Quaternion(x=0.49341920813077295, y=0.7072911657371842, z=-0.37897573766501347, w=-0.33563981018197925)",[0. 0. 0. 0. 0. 0. 0. 0. 0.],"geometry_msgs.msg.Vector3(x=-201.0, y=6.75, z=-118.1875)",[0. 0. 0. 0. 0. 0. 0. 0. 0.],"geometry_msgs.msg.Vector3(x=0.51806640625, y=0.80810546875, z=-0.4404296875)",[0. 0. 0. 0. 0. 0. 0. 0. 0.],False
1731182674532119330,"std_msgs.msg.Header(stamp=builtin_interfaces.msg.Time(sec=1731182674, nanosec=531681795), frame_id='RL_myo')","geometry_msgs.msg.Quaternion(x=0.5143523173423499, y=0.6997803866536183, z=-0.34894413174869043, w=-0.3521180157527016)",[0. 0. 0. 0. 0. 0. 0. 0. 0.],"geometry_msgs.msg.Vector3(x=-203.125, y=45.75, z=-123.9375)",[0. 0. 0. 0. 0. 0. 0. 0. 0.],"geometry_msgs.msg.Vector3(x=0.65185546875, y=0.62841796875, z=-0.33056640625)",[0. 0. 0. 0. 0. 0. 0. 0. 0.],False
1731182674548338959,"std_msgs.msg.Header(stamp=builtin_interfaces.msg.Time(sec=1731182674, nanosec=548093083), frame_id='RL_myo')","geometry_msgs.msg.Quaternion(x=0.5361444568489755, y=0.6933744341762708, z=-0.3150703194734075, w=-0.36402157794254214)",[0. 0. 0. 0. 0. 0. 0. 0. 0.],"geometry_msgs.msg.Vector3(x=-200.0625, y=80.0625, z=-126.5625)",[0. 0. 0. 0. 0. 0. 0. 0. 0.],"geometry_msgs.msg.Vector3(x=0.6435546875, y=0.5068359375, z=-0.1572265625)",[0. 0. 0. 0. 0. 0. 0. 0. 0.],False
1731182674571954445,"std_msgs.msg.Header(stamp=builtin_interfaces.msg.Time(sec=1731182674, nanosec=571526921), frame_id='RL_myo')","geometry_msgs.msg.Quaternion(x=0.5536610185579033, y=0.6904435499864405, z=-0.2791804099750689, w=-0.37256607400258424)",[0. 0. 0. 0. 0. 0. 0. 0. 0.],"geometry_msgs.msg.Vector3(x=-168.5, y=100.4375, z=-137.0)",[0. 0. 0. 0. 0. 0. 0. 0. 0.],"geometry_msgs.msg.Vector3(x=0.5087890625, y=0.42822265625, z=-0.00244140625)",[0. 0. 0. 0. 0. 0. 0. 0. 0.],False
1731182674592211765,"std_msgs.msg.Header(stamp=builtin_interfaces.msg.Time(sec=1731182674, nanosec=591795646), frame_id='RL_myo')","geometry_msgs.msg.Quaternion(x=0.5651943922051095, y=0.6908677457202629, z=-0.2433509764278371, w=-0.3795225411156988)",[0. 0. 0. 0. 0. 0. 0. 0. 0.],"geometry_msgs.msg.Vector3(x=-129.875, y=105.5, z=-146.8125)",[0. 0. 0. 0. 0. 0. 0. 0. 0.],"geometry_msgs.msg.Vector3(x=0.32763671875, y=0.28564453125, z=0.1162109375)",[0. 0. 0. 0. 0. 0. 0. 0. 0.],False
1731182674608375147,"std_msgs.msg.Header(stamp=builtin_interfaces.msg.Time(sec=1731182674, nanosec=608082023), frame_id='RL_myo')","geometry_msgs.msg.Quaternion(x=0.5724547496513482, y=0.6921459495731197, z=-0.2081931070541368, w=-0.38715006685558184)",[0. 0. 0. 0. 0. 0. 0. 0. 0.],"geometry_msgs.msg.Vector3(x=-108.6875, y=97.25, z=-154.0)",[0. 0. 0. 0. 0. 0. 0. 0. 0.],"geometry_msgs.msg.Vector3(x=0.15625, y=0.248046875, z=0.181640625)",[0. 0. 0. 0. 0. 0. 0. 0. 0.],False
1731182674631148237,"std_msgs.msg.Header(stamp=builtin_interfaces.msg.Time(sec=1731182674, nanosec=630797960), frame_id='RL_myo')","geometry_msgs.msg.Quaternion(x=0.5769633825685684, y=0.6923804730622913, z=-0.1749872017162896, w=-0.3963609654501516)",[0. 0. 0. 0. 0. 0. 0. 0. 0.],"geometry_msgs.msg.Vector3(x=-97.5, y=79.8125, z=-153.25)",[0. 0. 0. 0. 0. 0. 0. 0. 0.],"geometry_msgs.msg.Vector3(x=-0.05078125, y=0.3310546875, z=0.25927734375)",[0. 0. 0. 0. 0. 0. 0. 0. 0.],False
1731182674652261189,"std_msgs.msg.Header(stamp=builtin_interfaces.msg.Time(sec=1731182674, nanosec=651801103), frame_id='RL_myo')","geometry_msgs.msg.Quaternion(x=0.5786805573450302, y=0.6916578499982999, z=-0.14746252784997288, w=-0.40619334554700726)",[0. 0. 0. 0. 0. 0. 0. 0. 0.],"geometry_msgs.msg.Vector3(x=-76.625, y=53.9375, z=-136.6875)",[0. 0. 0. 0. 0. 0. 0. 0. 0.],"geometry_msgs.msg.Vector3(x=-0.21533203125, y=0.41650390625, z=0.3125)",[0. 0. 0. 0. 0. 0. 0. 0. 0.],False
1731182674668791335,"std_msgs.msg.Header(stamp=builtin_interfaces.msg.Time(sec=1731182674, nanosec=668371707), frame_id='RL_myo')","geometry_msgs.msg.Quaternion(x=0.5805932644144459, y=0.6883252988647715, z=-0.12622654234746364, w=-0.4161569466755353)",[0. 0. 0. 0. 0. 0. 0. 0. 0.],"geometry_msgs.msg.Vector3(x=-71.0, y=27.375, z=-108.1875)",[0. 0. 0. 0. 0. 0. 0. 0. 0.],"geometry_msgs.msg.Vector3(x=-0.37451171875, y=0.52783203125, z=0.37353515625)",[0. 0. 0. 0. 0. 0. 0. 0. 0.],False
1731182674691869414,"std_msgs.msg.Header(stamp=builtin_interfaces.msg.Time(sec=1731182674, nanosec=691479887), frame_id='RL_myo')","geometry_msgs.msg.Quaternion(x=0.5860083131236301, y=0.6792715880380042, z=-0.10864439093428409, w=-0.4282298015701894)",[0. 0. 0. 0. 0. 0. 0. 0. 0.],"geometry_msgs.msg.Vector3(x=-79.5625, y=3.875, z=-83.0)",[0. 0. 0. 0. 0. 0. 0. 0. 0.],"geometry_msgs.msg.Vector3(x=-0.44482421875, y=0.64208984375, z=0.39404296875)",[0. 0. 0. 0. 0. 0. 0. 0. 0.],False
1731182674712562960,"std_msgs.msg.Header(stamp=builtin_interfaces.msg.Time(sec=1731182674, nanosec=712117484), frame_id='RL_myo')","geometry_msgs.msg.Quaternion(x=0.5969416164127551, y=0.6657302873429366, z=-0.09595012484671278, w=-0.43732992654370045)",[0. 0. 0. 0. 0. 0. 0. 0. 0.],"geometry_msgs.msg.Vector3(x=-120.4375, y=-17.0, z=-43.125)",[0. 0. 0. 0. 0. 0. 0. 0. 0.],"geometry_msgs.msg.Vector3(x=-0.55517578125, y=0.857421875, z=0.3837890625)",[0. 0. 0. 0. 0. 0. 0. 0. 0.],False
1731182674728624625,"std_msgs.msg.Header(stamp=builtin_interfaces.msg.Time(sec=1731182674, nanosec=728296844), frame_id='RL_myo')","geometry_msgs.msg.Quaternion(x=0.6109638691648965, y=0.6500264941664483, z=-0.09356719394902961, w=-0.4420790513847498)",[0. 0. 0. 0. 0. 0. 0. 0. 0.],"geometry_msgs.msg.Vector3(x=-111.25, y=-39.6875, z=21.9375)",[0. 0. 0. 0. 0. 0. 0. 0. 0.],"geometry_msgs.msg.Vector3(x=-0.7099609375, y=0.91064453125, z=0.45361328125)",[0. 0. 0. 0. 0. 0. 0. 0. 0.],False
1731182674751057609,"std_msgs.msg.Header(stamp=builtin_interfaces.msg.Time(sec=1731182674, nanosec=750698647), frame_id='RL_myo')","geometry_msgs.msg.Quaternion(x=0.6325254247098058, y=0.6273372879636576, z=-0.09668245418704355, w=-0.4438603578586999)",[0. 0. 0. 0. 0. 0. 0. 0. 0.],"geometry_msgs.msg.Vector3(x=-150.8125, y=-63.4375, z=76.1875)",[0. 0. 0. 0. 0. 0. 0. 0. 0.],"geometry_msgs.msg.Vector3(x=-0.8154296875, y=1.10595703125, z=0.38134765625)",[0. 0. 0. 0. 0. 0. 0. 0. 0.],False
1731182674772271694,"std_msgs.msg.Header(stamp=builtin_interfaces.msg.Time(sec=1731182674, nanosec=771811981), frame_id='RL_myo')","geometry_msgs.msg.Quaternion(x=0.6711540280881875, y=0.5838722656140052, z=-0.10193044988243662, w=-0.4452590610133983)",[0. 0. 0. 0. 0. 0. 0. 0. 0.],"geometry_msgs.msg.Vector3(x=-282.9375, y=-113.6875, z=139.625)",[0. 0. 0. 0. 0. 0. 0. 0. 0.],"geometry_msgs.msg.Vector3(x=-0.78759765625, y=1.29736328125, z=0.5283203125)",[0. 0. 0. 0. 0. 0. 0. 0. 0.],False
1731182674788647633,"std_msgs.msg.Header(stamp=builtin_interfaces.msg.Time(sec=1731182674, nanosec=788184320), frame_id='RL_myo')","geometry_msgs.msg.Quaternion(x=0.7096249364747745, y=0.5287700692139147, z=-0.10925758096420492, w=-0.45265598906734283)",[0. 0. 0. 0. 0. 0. 0. 0. 0.],"geometry_msgs.msg.Vector3(x=-331.3125, y=-175.125, z=131.75)",[0. 0. 0. 0. 0. 0. 0. 0. 0.],"geometry_msgs.msg.Vector3(x=-0.720703125, y=0.9892578125, z=0.21533203125)",[0. 0. 0. 0. 0. 0. 0. 0. 0.],False
1731182674811181782,"std_msgs.msg.Header(stamp=builtin_interfaces.msg.Time(sec=1731182674, nanosec=810737917), frame_id='RL_myo')","geometry_msgs.msg.Quaternion(x=0.7362865782729245, y=0.4809697618163513, z=-0.12121902880295352, w=-0.4602782961747595)",[0. 0. 0. 0. 0. 0. 0. 0. 0.],"geometry_msgs.msg.Vector3(x=-249.4375, y=-184.0625, z=112.9375)",[0. 0. 0. 0. 0. 0. 0. 0. 0.],"geometry_msgs.msg.Vector3(x=-0.7607421875, y=0.544921875, z=0.3408203125)",[0. 0. 0. 0. 0. 0. 0. 0. 0.],False
1731182674832798550,"std_msgs.msg.Header(stamp=builtin_interfaces.msg.Time(sec=1731182674, nanosec=832147677), frame_id='RL_myo')","geometry_msgs.msg.Quaternion(x=0.7506682952415511, y=0.4369488841071847, z=-0.15551693765960423, w=-0.4705180817966597)",[0. 0. 0. 0. 0. 0. 0. 0. 0.],"geometry_msgs.msg.Vector3(x=-140.75, y=-286.3125, z=130.75)",[0. 0. 0. 0. 0. 0. 0. 0. 0.],"geometry_msgs.msg.Vector3(x=-0.8974609375, y=0.67578125, z=0.62255859375)",[0. 0. 0. 0. 0. 0. 0. 0. 0.],False
1731182674854816959,"std_msgs.msg.Header(stamp=builtin_interfaces.msg.Time(sec=1731182674, nanosec=854236363), frame_id='RL_myo')","geometry_msgs.msg.Quaternion(x=0.7579407256748204, y=0.39136060017933233, z=-0.20373700614451204, w=-0.48047265199808237)",[0. 0. 0. 0. 0. 0. 0. 0. 0.],"geometry_msgs.msg.Vector3(x=-95.125, y=-355.625, z=146.25)",[0. 0. 0. 0. 0. 0. 0. 0. 0.],"geometry_msgs.msg.Vector3(x=-0.64990234375, y=0.828125, z=0.525390625)",[0. 0. 0. 0. 0. 0. 0. 0. 0.],False
1731182674871185431,"std_msgs.msg.Header(stamp=builtin_interfaces.msg.Time(sec=1731182674, nanosec=870733055), frame_id='RL_myo')","geometry_msgs.msg.Quaternion(x=0.7581894482582683, y=0.35443617179486103, z=-0.24451029864133172, w=-0.48963095748895735)",[0. 0. 0. 0. 0. 0. 0. 0. 0.],"geometry_msgs.msg.Vector3(x=-63.125, y=-303.6875, z=100.5)",[0. 0. 0. 0. 0. 0. 0. 0. 0.],"geometry_msgs.msg.Vector3(x=-0.36083984375, y=0.875, z=0.44580078125)",[0. 0. 0. 0. 0. 0. 0. 0. 0.],False
1731182674893893837,"std_msgs.msg.Header(stamp=builtin_interfaces.msg.Time(sec=1731182674, nanosec=893346469), frame_id='RL_myo')","geometry_msgs.msg.Quaternion(x=0.7570957315145005, y=0.3293525126775431, z=-0.28076752377996633, w=-0.4893900012321239)",[0. 0. 0. 0. 0. 0. 0. 0. 0.],"geometry_msgs.msg.Vector3(x=-10.6875, y=-236.375, z=116.625)",[0. 0. 0. 0. 0. 0. 0. 0. 0.],"geometry_msgs.msg.Vector3(x=-0.56689453125, y=1.1943359375, z=0.53662109375)",[0. 0. 0. 0. 0. 0. 0. 0. 0.],False
1731182674908759601,"std_msgs.msg.Header(stamp=builtin_interfaces.msg.Time(sec=1731182674, nanosec=908242342), frame_id='RL_myo')","geometry_msgs.msg.Quaternion(x=0.7580022074910958, y=0.3053615463465619, z=-0.3191556118021531, w=-0.4799236136164334)",[0. 0. 0. 0. 0. 0. 0. 0. 0.],"geometry_msgs.msg.Vector3(x=10.875, y=-221.0, z=164.0)",[0. 0. 0. 0. 0. 0. 0. 0. 0.],"geometry_msgs.msg.Vector3(x=-0.3837890625, y=1.298828125, z=0.5888671875)",[0. 0. 0. 0. 0. 0. 0. 0. 0.],False
1731182674931954368,"std_msgs.msg.Header(stamp=builtin_interfaces.msg.Time(sec=1731182674, nanosec=931423553), frame_id='RL_myo')","geometry_msgs.msg.Quaternion(x=0.7595131263530608, y=0.27392276688143175, z=-0.34667587252373716, w=-0.4774117385353296)",[0. 0. 0. 0. 0. 0. 0. 0. 0.],"geometry_msgs.msg.Vector3(x=-67.5, y=-204.1875, z=130.5)",[0. 0. 0. 0. 0. 0. 0. 0. 0.],"geometry_msgs.msg.Vector3(x=-0.380859375, y=1.107421875, z=0.2734375)",[0. 0. 0. 0. 0. 0. 0. 0. 0.],False
1731182674952492953,"std_msgs.msg.Header(stamp=builtin_interfaces.msg.Time(sec=1731182674, nanosec=951841756), frame_id='RL_myo')","geometry_msgs.msg.Quaternion(x=0.7692317424192741, y=0.23065355507438204, z=-0.36151389433859876, w=-0.47369733816678455)",[0. 0. 0. 0. 0. 0. 0. 0. 0.],"geometry_msgs.msg.Vector3(x=-164.0625, y=-161.1875, z=159.875)",[0. 0. 0. 0. 0. 0. 0. 0. 0.],"geometry_msgs.msg.Vector3(x=0.03125, y=1.42138671875, z=0.61083984375)",[0. 0. 0. 0. 0. 0. 0. 0. 0.],False
1731182674969330855,"std_msgs.msg.Header(stamp=builtin_interfaces.msg.Time(sec=1731182674, nanosec=968886745), frame_id='RL_myo')","geometry_msgs.msg.Quaternion(x=0.7841725567113316, y=0.18389725353138558, z=-0.3645596731971345, w=-0.46728090708140996)",[0. 0. 0. 0. 0. 0. 0. 0. 0.],"geometry_msgs.msg.Vector3(x=-208.9375, y=-105.125, z=176.0)",[0. 0. 0. 0. 0. 0. 0. 0. 0.],"geometry_msgs.msg.Vector3(x=0.02294921875, y=0.92236328125, z=0.580078125)",[0. 0. 0. 0. 0. 0. 0. 0. 0.],False
1731182675005368705,"std_msgs.msg.Header(stamp=builtin_interfaces.msg.Time(sec=1731182675, nanosec=4829258), frame_id='RL_myo')","geometry_msgs.msg.Quaternion(x=0.797248788885595, y=0.13659797806813365, z=-0.36993759833376144, w=-0.45703559417970724)",[0. 0. 0. 0. 0. 0. 0. 0. 0.],"geometry_msgs.msg.Vector3(x=-188.5, y=-118.0, z=189.0625)",[0. 0. 0. 0. 0. 0. 0. 0. 0.],"geometry_msgs.msg.Vector3(x=0.083984375, y=0.47119140625, z=0.81005859375)",[0. 0. 0. 0. 0. 0. 0. 0. 0.],False
1731182675012398776,"std_msgs.msg.Header(stamp=builtin_interfaces.msg.Time(sec=1731182675, nanosec=11826071), frame_id='RL_myo')","geometry_msgs.msg.Quaternion(x=0.8018743310932612, y=0.10790940914696955, z=-0.3882419409411048, w=-0.4411590550420226)",[0. 0. 0. 0. 0. 0. 0. 0. 0.],"geometry_msgs.msg.Vector3(x=-45.6875, y=-140.5625, z=157.1875)",[0. 0. 0. 0. 0. 0. 0. 0. 0.],"geometry_msgs.msg.Vector3(x=0.27587890625, y=-0.0166015625, z=0.79638671875)",[0. 0. 0. 0. 0. 0. 0. 0. 0.],False
1731182675034831022,"std_msgs.msg.Header(stamp=builtin_interfaces.msg.Time(sec=1731182675, nanosec=34297363), frame_id='RL_myo')","geometry_msgs.msg.Quaternion(x=0.8044382244329966, y=0.09942563487111923, z=-0.413266404979956, w=-0.41497537844612625)",[0. 0. 0. 0. 0. 0. 0. 0. 0.],"geometry_msgs.msg.Vector3(x=88.9375, y=-116.5625, z=156.3125)",[0. 0. 0. 0. 0. 0. 0. 0. 0.],"geometry_msgs.msg.Vector3(x=0.49560546875, y=-0.10888671875, z=0.77099609375)",[0. 0. 0. 0. 0. 0. 0. 0. 0.],False
1731182675051253741,"std_msgs.msg.Header(stamp=builtin_interfaces.msg.Time(sec=1731182675, nanosec=50822594), frame_id='RL_myo')","geometry_msgs.msg.Quaternion(x=0.8044690760205699, y=0.10882916256029411, z=-0.44294628867081004, w=-0.3805053277626884)",[0. 0. 0. 0. 0. 0. 0. 0. 0.],"geometry_msgs.msg.Vector3(x=198.4375, y=-93.25, z=149.4375)",[0. 0. 0. 0. 0. 0. 0. 0. 0.],"geometry_msgs.msg.Vector3(x=0.962890625, y=0.3994140625, z=0.76806640625)",[0. 0. 0. 0. 0. 0. 0. 0. 0.],False
1731182675072576004,"std_msgs.msg.Header(stamp=builtin_interfaces.msg.Time(sec=1731182675, nanosec=72124481), frame_id='RL_myo')","geometry_msgs.msg.Quaternion(x=0.8052460572671619, y=0.1155408767078555, z=-0.46576462237593513, w=-0.3482705982541064)",[0. 0. 0. 0. 0. 0. 0. 0. 0.],"geometry_msgs.msg.Vector3(x=166.875, y=-70.25, z=143.375)",[0. 0. 0. 0. 0. 0. 0. 0. 0.],"geometry_msgs.msg.Vector3(x=0.93505859375, y=0.35302734375, z=0.92236328125)",[0. 0. 0. 0. 0. 0. 0. 0. 0.],False
1731182675088296398,"std_msgs.msg.Header(stamp=builtin_interfaces.msg.Time(sec=1731182675, nanosec=87636129), frame_id='RL_myo')","geometry_msgs.msg.Quaternion(x=0.8059157598744251, y=0.12628292238565478, z=-0.4810836124909284, w=-0.3211089679414837)",[0. 0. 0. 0. 0. 0. 0. 0. 0.],"geometry_msgs.msg.Vector3(x=156.3125, y=-28.0, z=101.75)",[0. 0. 0. 0. 0. 0. 0. 0. 0.],"geometry_msgs.msg.Vector3(x=1.423828125, y=0.49609375, z=0.91748046875)",[0. 0. 0. 0. 0. 0. 0. 0. 0.],False
1731182675117656629,"std_msgs.msg.Header(stamp=builtin_interfaces.msg.Time(sec=1731182675, nanosec=117169172), frame_id='RL_myo')","geometry_msgs.msg.Quaternion(x=0.8074534673107231, y=0.14056733957340656, z=-0.48377626290005227, w=-0.30695317008886736)",[0. 0. 0. 0. 0. 0. 0. 0. 0.],"geometry_msgs.msg.Vector3(x=110.25, y=30.1875, z=26.375)",[0. 0. 0. 0. 0. 0. 0. 0. 0.],"geometry_msgs.msg.Vector3(x=1.111328125, y=0.478515625, z=0.63720703125)",[0. 0. 0. 0. 0. 0. 0. 0. 0.],False
1731182675149948675,"std_msgs.msg.Header(stamp=builtin_interfaces.msg.Time(sec=1731182675, nanosec=149590251), frame_id='RL_myo')","geometry_msgs.msg.Quaternion(x=0.8056072604359173, y=0.1552742533941188, z=-0.48565929019536286, w=-0.3016983626285885)",[0. 0. 0. 0. 0. 0. 0. 0. 0.],"geometry_msgs.msg.Vector3(x=80.4375, y=28.5625, z=-21.9375)",[0. 0. 0. 0. 0. 0. 0. 0. 0.],"geometry_msgs.msg.Vector3(x=0.7939453125, y=0.55078125, z=0.302734375)",[0. 0. 0. 0. 0. 0. 0. 0. 0.],False
1731182675151582735,"std_msgs.msg.Header(stamp=builtin_interfaces.msg.Time(sec=1731182675, nanosec=151200519), frame_id='RL_myo')","geometry_msgs.msg.Quaternion(x=0.8050057060200762, y=0.16607934840250413, z=-0.48462698504810103, w=-0.2991991789302004)",[0. 0. 0. 0. 0. 0. 0. 0. 0.],"geometry_msgs.msg.Vector3(x=55.125, y=30.4375, z=-27.25)",[0. 0. 0. 0. 0. 0. 0. 0. 0.],"geometry_msgs.msg.Vector3(x=0.64306640625, y=0.384765625, z=0.3134765625)",[0. 0. 0. 0. 0. 0. 0. 0. 0.],False
1731182675161457086,"std_msgs.msg.Header(stamp=builtin_interfaces.msg.Time(sec=1731182675, nanosec=161006489), frame_id='RL_myo')","geometry_msgs.msg.Quaternion(x=0.8061962902237677, y=0.16949103625947481, z=-0.48210648016333874, w=-0.2981504184830877)",[0. 0. 0. 0. 0. 0. 0. 0. 0.],"geometry_msgs.msg.Vector3(x=13.1875, y=24.9375, z=-8.875)",[0. 0. 0. 0. 0. 0. 0. 0. 0.],"geometry_msgs.msg.Vector3(x=0.50830078125, y=0.337890625, z=0.2939453125)",[0. 0. 0. 0. 0. 0. 0. 0. 0.],False
1731182675183927973,"std_msgs.msg.Header(stamp=builtin_interfaces.msg.Time(sec=1731182675, nanosec=183505963), frame_id='RL_myo')","geometry_msgs.msg.Quaternion(x=0.8079289276158421, y=0.16473522517452277, z=-0.4809609390052758, w=-0.2979760538355021)",[0. 0. 0. 0. 0. 0. 0. 0. 0.],"geometry_msgs.msg.Vector3(x=-28.5625, y=6.875, z=14.9375)",[0. 0. 0. 0. 0. 0. 0. 0. 0.],"geometry_msgs.msg.Vector3(x=0.529296875, y=0.41357421875, z=0.271484375)",[0. 0. 0. 0. 0. 0. 0. 0. 0.],False
1731182675203332225,"std_msgs.msg.Header(stamp=builtin_interfaces.msg.Time(sec=1731182675, nanosec=202955912), frame_id='RL_myo')","geometry_msgs.msg.Quaternion(x=0.8103002274286081, y=0.15429639763027428, z=-0.48028415860467893, w=-0.29821685079965193)",[0. 0. 0. 0. 0. 0. 0. 0. 0.],"geometry_msgs.msg.Vector3(x=-53.1875, y=-3.125, z=26.625)",[0. 0. 0. 0. 0. 0. 0. 0. 0.],"geometry_msgs.msg.Vector3(x=0.65771484375, y=0.4208984375, z=0.36083984375)",[0. 0. 0. 0. 0. 0. 0. 0. 0.],False
1731182675215412960,"std_msgs.msg.Header(stamp=builtin_interfaces.msg.Time(sec=1731182675, nanosec=215086966), frame_id='RL_myo')","geometry_msgs.msg.Quaternion(x=0.8123927168061568, y=0.14380144558942942, z=-0.4790126252062148, w=-0.299810144624481)",[0. 0. 0. 0. 0. 0. 0. 0. 0.],"geometry_msgs.msg.Vector3(x=-52.0, y=-6.0625, z=14.5)",[0. 0. 0. 0. 0. 0. 0. 0. 0.],"geometry_msgs.msg.Vector3(x=0.74951171875, y=0.375, z=0.509765625)",[0. 0. 0. 0. 0. 0. 0. 0. 0.],False
1731182675253428101,"std_msgs.msg.Header(stamp=builtin_interfaces.msg.Time(sec=1731182675, nanosec=252964479), frame_id='RL_myo')","geometry_msgs.msg.Quaternion(x=0.8129043357778729, y=0.13787453221129325, z=-0.4780138717480517, w=-0.302786876626926)",[0. 0. 0. 0. 0. 0. 0. 0. 0.],"geometry_msgs.msg.Vector3(x=-28.8125, y=-7.25, z=-9.0625)",[0. 0. 0. 0. 0. 0. 0. 0. 0.],"geometry_msgs.msg.Vector3(x=0.8046875, y=0.36083984375, z=0.5986328125)",[0. 0. 0. 0. 0. 0. 0. 0. 0.],False
1731182675258952604,"std_msgs.msg.Header(stamp=builtin_interfaces.msg.Time(sec=1731182675, nanosec=258497707), frame_id='RL_myo')","geometry_msgs.msg.Quaternion(x=0.8119750717555444, y=0.13837085527097792, z=-0.47804170202130525, w=-0.3050018366956668)",[0. 0. 0. 0. 0. 0. 0. 0. 0.],"geometry_msgs.msg.Vector3(x=3.1875, y=-3.75, z=-21.6875)",[0. 0. 0. 0. 0. 0. 0. 0. 0.],"geometry_msgs.msg.Vector3(x=0.7734375, y=0.4033203125, z=0.56640625)",[0. 0. 0. 0. 0. 0. 0. 0. 0.],False
1731182675281489063,"std_msgs.msg.Header(stamp=builtin_interfaces.msg.Time(sec=1731182675, nanosec=281020151), frame_id='RL_myo')","geometry_msgs.msg.Quaternion(x=0.8113905385613154, y=0.14037898591026216, z=-0.4777157924867922, w=-0.30614825796777173)",[0. 0. 0. 0. 0. 0. 0. 0. 0.],"geometry_msgs.msg.Vector3(x=9.5, y=1.625, z=-16.1875)",[0. 0. 0. 0. 0. 0. 0. 0. 0.],"geometry_msgs.msg.Vector3(x=0.703125, y=0.4521484375, z=0.5322265625)",[0. 0. 0. 0. 0. 0. 0. 0. 0.],False
1731182675304120413,"std_msgs.msg.Header(stamp=builtin_interfaces.msg.Time(sec=1731182675, nanosec=303603281), frame_id='RL_myo')","geometry_msgs.msg.Quaternion(x=0.8118687467549593, y=0.14007207741712763, z=-0.47636713038809636, w=-0.3071209993738502)",[0. 0. 0. 0. 0. 0. 0. 0. 0.],"geometry_msgs.msg.Vector3(x=-5.5625, y=5.4375, z=-5.25)",[0. 0. 0. 0. 0. 0. 0. 0. 0.],"geometry_msgs.msg.Vector3(x=0.66064453125, y=0.4736328125, z=0.50244140625)",[0. 0. 0. 0. 0. 0. 0. 0. 0.],False
1731182675318971063,"std_msgs.msg.Header(stamp=builtin_interfaces.msg.Time(sec=1731182675, nanosec=318525650), frame_id='RL_myo')","geometry_msgs.msg.Quaternion(x=0.8130953096078386, y=0.13708242496466036, z=-0.4741123228519509, w=-0.3087101092926323)",[0. 0. 0. 0. 0. 0. 0. 0. 0.],"geometry_msgs.msg.Vector3(x=-22.125, y=7.375, z=-0.0625)",[0. 0. 0. 0. 0. 0. 0. 0. 0.],"geometry_msgs.msg.Vector3(x=0.6455078125, y=0.45654296875, z=0.4814453125)",[0. 0. 0. 0. 0. 0. 0. 0. 0.],False
1731182675335441201,"std_msgs.msg.Header(stamp=builtin_interfaces.msg.Time(sec=1731182675, nanosec=335087664), frame_id='RL_myo')","geometry_msgs.msg.Quaternion(x=0.8142156695526197, y=0.1339122323087292, z=-0.4720497742368786, w=-0.31030528215933423)",[0. 0. 0. 0. 0. 0. 0. 0. 0.],"geometry_msgs.msg.Vector3(x=-22.125, y=5.9375, z=-0.6875)",[0. 0. 0. 0. 0. 0. 0. 0. 0.],"geometry_msgs.msg.Vector3(x=0.6337890625, y=0.427734375, z=0.47265625)",[0. 0. 0. 0. 0. 0. 0. 0. 0.],False
1731182675358033394,"std_msgs.msg.Header(stamp=builtin_interfaces.msg.Time(sec=1731182675, nanosec=357629227), frame_id='RL_myo')","geometry_msgs.msg.Quaternion(x=0.8146528933102446, y=0.13232692535375817, z=-0.4706517165142201, w=-0.3119570643372039)",[0. 0. 0. 0. 0. 0. 0. 0. 0.],"geometry_msgs.msg.Vector3(x=-14.5625, y=4.125, z=-4.5625)",[0. 0. 0. 0. 0. 0. 0. 0. 0.],"geometry_msgs.msg.Vector3(x=0.6298828125, y=0.455078125, z=0.470703125)",[0. 0. 0. 0. 0. 0. 0. 0. 0.],False
1731182675387602842,"std_msgs.msg.Header(stamp=builtin_interfaces.msg.Time(sec=1731182675, nanosec=387118502), frame_id='RL_myo')","geometry_msgs.msg.Quaternion(x=0.8148611211003242, y=0.1315886882699647, z=-0.4692882301056394, w=-0.31377432578659026)",[0. 0. 0. 0. 0. 0. 0. 0. 0.],"geometry_msgs.msg.Vector3(x=-10.5, y=3.9375, z=-7.3125)",[0. 0. 0. 0. 0. 0. 0. 0. 0.],"geometry_msgs.msg.Vector3(x=0.62939453125, y=0.46435546875, z=0.4892578125)",[0. 0. 0. 0. 0. 0. 0. 0. 0.],False
1731182675397702640,"std_msgs.msg.Header(stamp=builtin_interfaces.msg.Time(sec=1731182675, nanosec=397269195), frame_id='RL_myo')","geometry_msgs.msg.Quaternion(x=0.8154421651896825, y=0.1303730886860151, z=-0.4670481622778032, w=-0.3161059111914196)",[0. 0. 0. 0. 0. 0. 0. 0. 0.],"geometry_msgs.msg.Vector3(x=-14.9375, y=6.5625, z=-8.875)",[0. 0. 0. 0. 0. 0. 0. 0. 0.],"geometry_msgs.msg.Vector3(x=0.6279296875, y=0.45654296875, z=0.52587890625)",[0. 0. 0. 0. 0. 0. 0. 0. 0.],False
1731182675420139049,"std_msgs.msg.Header(stamp=builtin_interfaces.msg.Time(sec=1731182675, nanosec=419778624), frame_id='RL_myo')","geometry_msgs.msg.Quaternion(x=0.816773894059813, y=0.12786887670417788, z=-0.4637459308822642, w=-0.31854303938859396)",[0. 0. 0. 0. 0. 0. 0. 0. 0.],"geometry_msgs.msg.Vector3(x=-22.0, y=9.1875, z=-6.0)",[0. 0. 0. 0. 0. 0. 0. 0. 0.],"geometry_msgs.msg.Vector3(x=0.60400390625, y=0.42822265625, z=0.544921875)",[0. 0. 0. 0. 0. 0. 0. 0. 0.],False
1731182675438914791,"std_msgs.msg.Header(stamp=builtin_interfaces.msg.Time(sec=1731182675, nanosec=438471587), frame_id='RL_myo')","geometry_msgs.msg.Quaternion(x=0.8184266573288334, y=0.12475681166232645, z=-0.46057480469858875, w=-0.3201318381452555)",[0. 0. 0. 0. 0. 0. 0. 0. 0.],"geometry_msgs.msg.Vector3(x=-23.125, y=10.875, z=-0.4375)",[0. 0. 0. 0. 0. 0. 0. 0. 0.],"geometry_msgs.msg.Vector3(x=0.61181640625, y=0.41259765625, z=0.52734375)",[0. 0. 0. 0. 0. 0. 0. 0. 0.],False
1731182675461566634,"std_msgs.msg.Header(stamp=builtin_interfaces.msg.Time(sec=1731182675, nanosec=461049269), frame_id='RL_myo')","geometry_msgs.msg.Quaternion(x=0.8202004303499114, y=0.12256008811896281, z=-0.45783028933283865, w=-0.32037744150220904)",[0. 0. 0. 0. 0. 0. 0. 0. 0.],"geometry_msgs.msg.Vector3(x=-13.125, y=12.0, z=2.0)",[0. 0. 0. 0. 0. 0. 0. 0. 0.],"geometry_msgs.msg.Vector3(x=0.6328125, y=0.38232421875, z=0.546875)",[0. 0. 0. 0. 0. 0. 0. 0. 0.],False
1731182675476510956,"std_msgs.msg.Header(stamp=builtin_interfaces.msg.Time(sec=1731182675, nanosec=476054574), frame_id='RL_myo')","geometry_msgs.msg.Quaternion(x=0.8213552656524183, y=0.12219315165610029, z=-0.45624066365102384, w=-0.3198262311078749)",[0. 0. 0. 0. 0. 0. 0. 0. 0.],"geometry_msgs.msg.Vector3(x=-0.75, y=10.0, z=0.75)",[0. 0. 0. 0. 0. 0. 0. 0. 0.],"geometry_msgs.msg.Vector3(x=0.65478515625, y=0.3994140625, z=0.544921875)",[0. 0. 0. 0. 0. 0. 0. 0. 0.],False
1731182675500643118,"std_msgs.msg.Header(stamp=builtin_interfaces.msg.Time(sec=1731182675, nanosec=500169469), frame_id='RL_myo')","geometry_msgs.msg.Quaternion(x=0.8220870597192327, y=0.12237616413520391, z=-0.4553858157669608, w=-0.3190935591515442)",[0. 0. 0. 0. 0. 0. 0. 0. 0.],"geometry_msgs.msg.Vector3(x=2.4375, y=7.3125, z=1.0625)",[0. 0. 0. 0. 0. 0. 0. 0. 0.],"geometry_msgs.msg.Vector3(x=0.66748046875, y=0.43359375, z=0.537109375)",[0. 0. 0. 0. 0. 0. 0. 0. 0.],False
1731182675521513643,"std_msgs.msg.Header(stamp=builtin_interfaces.msg.Time(sec=1731182675, nanosec=521042168), frame_id='RL_myo')","geometry_msgs.msg.Quaternion(x=0.8228326375182597, y=0.12250019312359227, z=-0.45459962052043607, w=-0.3182441489518735)",[0. 0. 0. 0. 0. 0. 0. 0. 0.],"geometry_msgs.msg.Vector3(x=1.625, y=6.0, z=4.375)",[0. 0. 0. 0. 0. 0. 0. 0. 0.],"geometry_msgs.msg.Vector3(x=0.63720703125, y=0.46337890625, z=0.54248046875)",[0. 0. 0. 0. 0. 0. 0. 0. 0.],False
1731182675544124929,"std_msgs.msg.Header(stamp=builtin_interfaces.msg.Time(sec=1731182675, nanosec=543610380), frame_id='RL_myo')","geometry_msgs.msg.Quaternion(x=0.8239602841838496, y=0.1214578492982119, z=-0.45391056544261404, w=-0.3167059196022219)",[0. 0. 0. 0. 0. 0. 0. 0. 0.],"geometry_msgs.msg.Vector3(x=-1.75, y=4.625, z=10.0)",[0. 0. 0. 0. 0. 0. 0. 0. 0.],"geometry_msgs.msg.Vector3(x=0.63818359375, y=0.4345703125, z=0.544921875)",[0. 0. 0. 0. 0. 0. 0. 0. 0.],False
1731182675560551856,"std_msgs.msg.Header(stamp=builtin_interfaces.msg.Time(sec=1731182675, nanosec=560083634), frame_id='RL_myo')","geometry_msgs.msg.Quaternion(x=0.8253721424261536, y=0.12017730891348788, z=-0.4529994854016795, w=-0.31481694229343343)",[0. 0. 0. 0. 0. 0. 0. 0. 0.],"geometry_msgs.msg.Vector3(x=-0.375, y=4.6875, z=12.25)",[0. 0. 0. 0. 0. 0. 0. 0. 0.],"geometry_msgs.msg.Vector3(x=0.62060546875, y=0.40673828125, z=0.5654296875)",[0. 0. 0. 0. 0. 0. 0. 0. 0.],False
1731182675575493204,"std_msgs.msg.Header(stamp=builtin_interfaces.msg.Time(sec=1731182675, nanosec=575160337), frame_id='RL_myo')","geometry_msgs.msg.Quaternion(x=0.8267421162017431, y=0.11944882402412782, z=-0.45258713854824106, w=-0.31208065264965024)",[0. 0. 0. 0. 0. 0. 0. 0. 0.],"geometry_msgs.msg.Vector3(x=5.6875, y=4.125, z=14.1875)",[0. 0. 0. 0. 0. 0. 0. 0. 0.],"geometry_msgs.msg.Vector3(x=0.63232421875, y=0.38818359375, z=0.56787109375)",[0. 0. 0. 0. 0. 0. 0. 0. 0.],False
1731182675604012819,"std_msgs.msg.Header(stamp=builtin_interfaces.msg.Time(sec=1731182675, nanosec=603547661), frame_id='RL_myo')","geometry_msgs.msg.Quaternion(x=0.8281865982119201, y=0.11883553001095205, z=-0.452331850493665, w=-0.30883810059343475)",[0. 0. 0. 0. 0. 0. 0. 0. 0.],"geometry_msgs.msg.Vector3(x=9.6875, y=4.3125, z=14.125)",[0. 0. 0. 0. 0. 0. 0. 0. 0.],"geometry_msgs.msg.Vector3(x=0.64892578125, y=0.3515625, z=0.5830078125)",[0. 0. 0. 0. 0. 0. 0. 0. 0.],False
1731182675626625695,"std_msgs.msg.Header(stamp=builtin_interfaces.msg.Time(sec=1731182675, nanosec=626099777), frame_id='RL_myo')","geometry_msgs.msg.Quaternion(x=0.8292336401290694, y=0.11901999103869317, z=-0.45264218130407613, w=-0.3054846436659791)",[0. 0. 0. 0. 0. 0. 0. 0. 0.],"geometry_msgs.msg.Vector3(x=14.75, y=2.8125, z=11.9375)",[0. 0. 0. 0. 0. 0. 0. 0. 0.],"geometry_msgs.msg.Vector3(x=0.6533203125, y=0.3349609375, z=0.5576171875)",[0. 0. 0. 0. 0. 0. 0. 0. 0.],False
1731182675639007297,"std_msgs.msg.Header(stamp=builtin_interfaces.msg.Time(sec=1731182675, nanosec=638537548), frame_id='RL_myo')","geometry_msgs.msg.Quaternion(x=0.8300651176215719, y=0.11938289485792608, z=-0.4529958311020078, w=-0.30254652853309794)",[0. 0. 0. 0. 0. 0. 0. 0. 0.],"geometry_msgs.msg.Vector3(x=13.8125, y=3.25, z=8.6875)",[0. 0. 0. 0. 0. 0. 0. 0. 0.],"geometry_msgs.msg.Vector3(x=0.66259765625, y=0.34130859375, z=0.5458984375)",[0. 0. 0. 0. 0. 0. 0. 0. 0.],False
1731182675656494497,"std_msgs.msg.Header(stamp=builtin_interfaces.msg.Time(sec=1731182675, nanosec=656111345), frame_id='RL_myo')","geometry_msgs.msg.Quaternion(x=0.8305563753563578, y=0.12011573682402353, z=-0.45324159636951156, w=-0.3005334797365304)",[0. 0. 0. 0. 0. 0. 0. 0. 0.],"geometry_msgs.msg.Vector3(x=13.1875, y=2.8125, z=3.5625)",[0. 0. 0. 0. 0. 0. 0. 0. 0.],"geometry_msgs.msg.Vector3(x=0.662109375, y=0.345703125, z=0.5439453125)",[0. 0. 0. 0. 0. 0. 0. 0. 0.],False
1731182675696726611,"std_msgs.msg.Header(stamp=builtin_interfaces.msg.Time(sec=1731182675, nanosec=696192858), frame_id='RL_myo')","geometry_msgs.msg.Quaternion(x=0.830890024072315, y=0.11993674409036208, z=-0.45319609408190253, w=-0.299750305459424)",[0. 0. 0. 0. 0. 0. 0. 0. 0.],"geometry_msgs.msg.Vector3(x=3.1875, y=2.125, z=0.75)",[0. 0. 0. 0. 0. 0. 0. 0. 0.],"geometry_msgs.msg.Vector3(x=0.67333984375, y=0.38720703125, z=0.53173828125)",[0. 0. 0. 0. 0. 0. 0. 0. 0.],False
1731182675699227953,"std_msgs.msg.Header(stamp=builtin_interfaces.msg.Time(sec=1731182675, nanosec=698684941), frame_id='RL_myo')","geometry_msgs.msg.Quaternion(x=0.8310505622173634, y=0.11889589418327144, z=-0.4528175764608269, w=-0.3002914781220203)",[0. 0. 0. 0. 0. 0. 0. 0. 0.],"geometry_msgs.msg.Vector3(x=-6.1875, y=1.9375, z=-2.0)",[0. 0. 0. 0. 0. 0. 0. 0. 0.],"geometry_msgs.msg.Vector3(x=0.67041015625, y=0.41455078125, z=0.51904296875)",[0. 0. 0. 0. 0. 0. 0. 0. 0.],False
1731182675716555067,"std_msgs.msg.Header(stamp=builtin_interfaces.msg.Time(sec=1731182675, nanosec=716049732), frame_id='RL_myo')","geometry_msgs.msg.Quaternion(x=0.8312995202672486, y=0.1173707031919177, z=-0.4520267435461999, w=-0.3013918525021787)",[0. 0. 0. 0. 0. 0. 0. 0. 0.],"geometry_msgs.msg.Vector3(x=-10.6875, y=2.3125, z=-3.625)",[0. 0. 0. 0. 0. 0. 0. 0. 0.],"geometry_msgs.msg.Vector3(x=0.65869140625, y=0.40771484375, z=0.52001953125)",[0. 0. 0. 0. 0. 0. 0. 0. 0.],False
1731182675740091997,"std_msgs.msg.Header(stamp=builtin_interfaces.msg.Time(sec=1731182675, nanosec=739683866), frame_id='RL_myo')","geometry_msgs.msg.Quaternion(x=0.8314530686983276, y=0.11584920895532416, z=-0.45106725720750557, w=-0.30299023880623244)",[0. 0. 0. 0. 0. 0. 0. 0. 0.],"geometry_msgs.msg.Vector3(x=-12.0, y=1.6875, z=-6.25)",[0. 0. 0. 0. 0. 0. 0. 0. 0.],"geometry_msgs.msg.Vector3(x=0.64892578125, y=0.40087890625, z=0.52783203125)",[0. 0. 0. 0. 0. 0. 0. 0. 0.],False
1731182675753887264,"std_msgs.msg.Header(stamp=builtin_interfaces.msg.Time(sec=1731182675, nanosec=753501779), frame_id='RL_myo')","geometry_msgs.msg.Quaternion(x=0.8313098515087196, y=0.11499175919547928, z=-0.45044542614789657, w=-0.3046305043230558)",[0. 0. 0. 0. 0. 0. 0. 0. 0.],"geometry_msgs.msg.Vector3(x=-8.875, y=0.9375, z=-7.9375)",[0. 0. 0. 0. 0. 0. 0. 0. 0.],"geometry_msgs.msg.Vector3(x=0.6435546875, y=0.40869140625, z=0.51904296875)",[0. 0. 0. 0. 0. 0. 0. 0. 0.],False
1731182675776549480,"std_msgs.msg.Header(stamp=builtin_interfaces.msg.Time(sec=1731182675, nanosec=776102232), frame_id='RL_myo')","geometry_msgs.msg.Quaternion(x=0.8312608527757184, y=0.11395579793907527, z=-0.4497195068104481, w=-0.3062218737334444)",[0. 0. 0. 0. 0. 0. 0. 0. 0.],"geometry_msgs.msg.Vector3(x=-9.0, y=0.875, z=-6.875)",[0. 0. 0. 0. 0. 0. 0. 0. 0.],"geometry_msgs.msg.Vector3(x=0.63037109375, y=0.3974609375, z=0.51904296875)",[0. 0. 0. 0. 0. 0. 0. 0. 0.],False
1731182675808685906,"std_msgs.msg.Header(stamp=builtin_interfaces.msg.Time(sec=1731182675, nanosec=808151587), frame_id='RL_myo')","geometry_msgs.msg.Quaternion(x=0.831281645899471, y=0.11279063741719694, z=-0.44902636335406815, w=-0.307610829319628)",[0. 0. 0. 0. 0. 0. 0. 0. 0.],"geometry_msgs.msg.Vector3(x=-9.625, y=0.9375, z=-5.625)",[0. 0. 0. 0. 0. 0. 0. 0. 0.],"geometry_msgs.msg.Vector3(x=0.62646484375, y=0.3994140625, z=0.51806640625)",[0. 0. 0. 0. 0. 0. 0. 0. 0.],False
1731182675813951882,"std_msgs.msg.Header(stamp=builtin_interfaces.msg.Time(sec=1731182675, nanosec=813404416), frame_id='RL_myo')","geometry_msgs.msg.Quaternion(x=0.8311801297850809, y=0.11157271825871111, z=-0.4485491829777177, w=-0.3090222497504674)",[0. 0. 0. 0. 0. 0. 0. 0. 0.],"geometry_msgs.msg.Vector3(x=-8.5, y=-0.6875, z=-6.625)",[0. 0. 0. 0. 0. 0. 0. 0. 0.],"geometry_msgs.msg.Vector3(x=0.64306640625, y=0.3935546875, z=0.5390625)",[0. 0. 0. 0. 0. 0. 0. 0. 0.],False
1731182675836531319,"std_msgs.msg.Header(stamp=builtin_interfaces.msg.Time(sec=1731182675, nanosec=836000322), frame_id='RL_myo')","geometry_msgs.msg.Quaternion(x=0.8307930466912476, y=0.11102061063263147, z=-0.4483548134729581, w=-0.310540333644216)",[0. 0. 0. 0. 0. 0. 0. 0. 0.],"geometry_msgs.msg.Vector3(x=-5.375, y=-2.0, z=-8.25)",[0. 0. 0. 0. 0. 0. 0. 0. 0.],"geometry_msgs.msg.Vector3(x=0.64404296875, y=0.40283203125, z=0.5400390625)",[0. 0. 0. 0. 0. 0. 0. 0. 0.],False
1731182675860065918,"std_msgs.msg.Header(stamp=builtin_interfaces.msg.Time(sec=1731182675, nanosec=859577632), frame_id='RL_myo')","geometry_msgs.msg.Quaternion(x=0.830051373577247, y=0.11121064803718979, z=-0.448565890463945, w=-0.3121466817026282)",[0. 0. 0. 0. 0. 0. 0. 0. 0.],"geometry_msgs.msg.Vector3(x=-2.125, y=-2.5625, z=-10.5)",[0. 0. 0. 0. 0. 0. 0. 0. 0.],"geometry_msgs.msg.Vector3(x=0.646484375, y=0.423828125, z=0.52783203125)",[0. 0. 0. 0. 0. 0. 0. 0. 0.],False
1731182675874036046,"std_msgs.msg.Header(stamp=builtin_interfaces.msg.Time(sec=1731182675, nanosec=873594611), frame_id='RL_myo')","geometry_msgs.msg.Quaternion(x=0.8290554401658343, y=0.1112080550675219, z=-0.4489216492983664, w=-0.3142756726359332)",[0. 0. 0. 0. 0. 0. 0. 0. 0.],"geometry_msgs.msg.Vector3(x=-5.25, y=-3.9375, z=-11.6875)",[0. 0. 0. 0. 0. 0. 0. 0. 0.],"geometry_msgs.msg.Vector3(x=0.64013671875, y=0.4404296875, z=0.50830078125)",[0. 0. 0. 0. 0. 0. 0. 0. 0.],False
1731182675896578336,"std_msgs.msg.Header(stamp=builtin_interfaces.msg.Time(sec=1731182675, nanosec=896094051), frame_id='RL_myo')","geometry_msgs.msg.Quaternion(x=0.8282014818094144, y=0.11114709251786746, z=-0.44922712846320956, w=-0.31610696987920683)",[0. 0. 0. 0. 0. 0. 0. 0. 0.],"geometry_msgs.msg.Vector3(x=-5.5625, y=-2.875, z=-9.9375)",[0. 0. 0. 0. 0. 0. 0. 0. 0.],"geometry_msgs.msg.Vector3(x=0.63916015625, y=0.4462890625, z=0.50048828125)",[0. 0. 0. 0. 0. 0. 0. 0. 0.],False
1731182675919127907,"std_msgs.msg.Header(stamp=builtin_interfaces.msg.Time(sec=1731182675, nanosec=918589477), frame_id='RL_myo')","geometry_msgs.msg.Quaternion(x=0.8280594873238494, y=0.11138855785111115, z=-0.44878907719409333, w=-0.3170148873855733)",[0. 0. 0. 0. 0. 0. 0. 0. 0.],"geometry_msgs.msg.Vector3(x=-3.0, y=1.3125, z=-3.6875)",[0. 0. 0. 0. 0. 0. 0. 0. 0.],"geometry_msgs.msg.Vector3(x=0.6044921875, y=0.45849609375, z=0.521484375)",[0. 0. 0. 0. 0. 0. 0. 0. 0.],False
1731182675942680078,"std_msgs.msg.Header(stamp=builtin_interfaces.msg.Time(sec=1731182675, nanosec=942180029), frame_id='RL_myo')","geometry_msgs.msg.Quaternion(x=0.828669071554031, y=0.11224294193031324, z=-0.44848348956168665, w=-0.3155497606197496)",[0. 0. 0. 0. 0. 0. 0. 0. 0.],"geometry_msgs.msg.Vector3(x=7.9375, y=2.6875, z=6.375)",[0. 0. 0. 0. 0. 0. 0. 0. 0.],"geometry_msgs.msg.Vector3(x=0.58642578125, y=0.42919921875, z=0.55419921875)",[0. 0. 0. 0. 0. 0. 0. 0. 0.],False
1731182675973451563,"std_msgs.msg.Header(stamp=builtin_interfaces.msg.Time(sec=1731182675, nanosec=972956044), frame_id='RL_myo')","geometry_msgs.msg.Quaternion(x=0.8296903248447192, y=0.11340036954255468, z=-0.44865775915356265, w=-0.3121867008666131)",[0. 0. 0. 0. 0. 0. 0. 0. 0.],"geometry_msgs.msg.Vector3(x=15.5625, y=3.0625, z=15.4375)",[0. 0. 0. 0. 0. 0. 0. 0. 0.],"geometry_msgs.msg.Vector3(x=0.5888671875, y=0.41748046875, z=0.564453125)",[0. 0. 0. 0. 0. 0. 0. 0. 0.],False
1731182675979005526,"std_msgs.msg.Header(stamp=builtin_interfaces.msg.Time(sec=1731182675, nanosec=978529092), frame_id='RL_myo')","geometry_msgs.msg.Quaternion(x=0.8309751196380005, y=0.11511819271612084, z=-0.44936380422909944, w=-0.3070835777066829)",[0. 0. 0. 0. 0. 0. 0. 0. 0.],"geometry_msgs.msg.Vector3(x=22.125, y=3.1875, z=24.375)",[0. 0. 0. 0. 0. 0. 0. 0. 0.],"geometry_msgs.msg.Vector3(x=0.58544921875, y=0.4443359375, z=0.5556640625)",[0. 0. 0. 0. 0. 0. 0. 0. 0.],False
1731182675993904534,"std_msgs.msg.Header(stamp=builtin_interfaces.msg.Time(sec=1731182675, nanosec=993421680), frame_id='RL_myo')","geometry_msgs.msg.Quaternion(x=0.832265055409312, y=0.11736914795776672, z=-0.45086110034530563, w=-0.30047234289968044)",[0. 0. 0. 0. 0. 0. 0. 0. 0.],"geometry_msgs.msg.Vector3(x=29.3125, y=2.125, z=31.0)",[0. 0. 0. 0. 0. 0. 0. 0. 0.],"geometry_msgs.msg.Vector3(x=0.59912109375, y=0.453125, z=0.54736328125)",[0. 0. 0. 0. 0. 0. 0. 0. 0.],False
1731182676016477856,"std_msgs.msg.Header(stamp=builtin_interfaces.msg.Time(sec=1731182676, nanosec=15984025), frame_id='RL_myo')","geometry_msgs.msg.Quaternion(x=0.8330129809209098, y=0.12011793277054152, z=-0.4532498824969722, w=-0.29364195861741627)",[0. 0. 0. 0. 0. 0. 0. 0. 0.],"geometry_msgs.msg.Vector3(x=35.1875, y=-1.125, z=28.4375)",[0. 0. 0. 0. 0. 0. 0. 0. 0.],"geometry_msgs.msg.Vector3(x=0.64208984375, y=0.43603515625, z=0.54541015625)",[0. 0. 0. 0. 0. 0. 0. 0. 0.],False
1731182676039028011,"std_msgs.msg.Header(stamp=builtin_interfaces.msg.Time(sec=1731182676, nanosec=38478385), frame_id='RL_myo')","geometry_msgs.msg.Quaternion(x=0.8334861749569207, y=0.1229233418543672, z=-0.4554999504762375, w=-0.2875942337724817)",[0. 0. 0. 0. 0. 0. 0. 0. 0.],"geometry_msgs.msg.Vector3(x=34.0, y=-1.1875, z=22.375)",[0. 0. 0. 0. 0. 0. 0. 0. 0.],"geometry_msgs.msg.Vector3(x=0.64501953125, y=0.40673828125, z=0.5302734375)",[0. 0. 0. 0. 0. 0. 0. 0. 0.],False
1731182676054029941,"std_msgs.msg.Header(stamp=builtin_interfaces.msg.Time(sec=1731182676, nanosec=53567273), frame_id='RL_myo')","geometry_msgs.msg.Quaternion(x=0.8339928661067271, y=0.12585577355913868, z=-0.4574631536497306, w=-0.2816801139551043)",[0. 0. 0. 0. 0. 0. 0. 0. 0.],"geometry_msgs.msg.Vector3(x=33.8125, y=0.4375, z=21.3125)",[0. 0. 0. 0. 0. 0. 0. 0. 0.],"geometry_msgs.msg.Vector3(x=0.62646484375, y=0.3935546875, z=0.509765625)",[0. 0. 0. 0. 0. 0. 0. 0. 0.],False
1731182676076560603,"std_msgs.msg.Header(stamp=builtin_interfaces.msg.Time(sec=1731182676, nanosec=76246488), frame_id='RL_myo')","geometry_msgs.msg.Quaternion(x=0.8346590607427566, y=0.12774708695682557, z=-0.45910825995663734, w=-0.27612413826692733)",[0. 0. 0. 0. 0. 0. 0. 0. 0.],"geometry_msgs.msg.Vector3(x=26.5, y=1.375, z=22.0)",[0. 0. 0. 0. 0. 0. 0. 0. 0.],"geometry_msgs.msg.Vector3(x=0.64794921875, y=0.4033203125, z=0.49755859375)",[0. 0. 0. 0. 0. 0. 0. 0. 0.],False
1731182676099002074,"std_msgs.msg.Header(stamp=builtin_interfaces.msg.Time(sec=1731182676, nanosec=98500184), frame_id='RL_myo')","geometry_msgs.msg.Quaternion(x=0.8355141399123874, y=0.12896788499049416, z=-0.4600851476849716, w=-0.27130253136902344)",[0. 0. 0. 0. 0. 0. 0. 0. 0.],"geometry_msgs.msg.Vector3(x=19.625, y=4.125, z=21.25)",[0. 0. 0. 0. 0. 0. 0. 0. 0.],"geometry_msgs.msg.Vector3(x=0.6572265625, y=0.41845703125, z=0.4921875)",[0. 0. 0. 0. 0. 0. 0. 0. 0.],False
1731182676115452709,"std_msgs.msg.Header(stamp=builtin_interfaces.msg.Time(sec=1731182676, nanosec=115030010), frame_id='RL_myo')","geometry_msgs.msg.Quaternion(x=0.8367066749374815, y=0.12921710175391365, z=-0.460164256080659, w=-0.26734572776671794)",[0. 0. 0. 0. 0. 0. 0. 0. 0.],"geometry_msgs.msg.Vector3(x=11.9375, y=5.75, z=18.625)",[0. 0. 0. 0. 0. 0. 0. 0. 0.],"geometry_msgs.msg.Vector3(x=0.6630859375, y=0.41162109375, z=0.51708984375)",[0. 0. 0. 0. 0. 0. 0. 0. 0.],False
1731182676136654078,"std_msgs.msg.Header(stamp=builtin_interfaces.msg.Time(sec=1731182676, nanosec=136214904), frame_id='RL_myo')","geometry_msgs.msg.Quaternion(x=0.8380041447220653, y=0.12859976204875392, z=-0.4597121061942167, w=-0.2643405645150229)",[0. 0. 0. 0. 0. 0. 0. 0. 0.],"geometry_msgs.msg.Vector3(x=5.0, y=6.25, z=16.0)",[0. 0. 0. 0. 0. 0. 0. 0. 0.],"geometry_msgs.msg.Vector3(x=0.66162109375, y=0.3974609375, z=0.5244140625)",[0. 0. 0. 0. 0. 0. 0. 0. 0.],False
1731182676158890270,"std_msgs.msg.Header(stamp=builtin_interfaces.msg.Time(sec=1731182676, nanosec=158446115), frame_id='RL_myo')","geometry_msgs.msg.Quaternion(x=0.8394732249888098, y=0.1270135074306902, z=-0.45879891175228177, w=-0.2620225792407271)",[0. 0. 0. 0. 0. 0. 0. 0. 0.],"geometry_msgs.msg.Vector3(x=-0.75, y=6.5625, z=13.8125)",[0. 0. 0. 0. 0. 0. 0. 0. 0.],"geometry_msgs.msg.Vector3(x=0.66357421875, y=0.36376953125, z=0.53466796875)",[0. 0. 0. 0. 0. 0. 0. 0. 0.],False
1731182676174100495,"std_msgs.msg.Header(stamp=builtin_interfaces.msg.Time(sec=1731182676, nanosec=173571661), frame_id='RL_myo')","geometry_msgs.msg.Quaternion(x=0.8408604826696772, y=0.1250579319873825, z=-0.45787438056092894, w=-0.2601253812250972)",[0. 0. 0. 0. 0. 0. 0. 0. 0.],"geometry_msgs.msg.Vector3(x=-3.1875, y=6.25, z=11.0625)",[0. 0. 0. 0. 0. 0. 0. 0. 0.],"geometry_msgs.msg.Vector3(x=0.6728515625, y=0.3349609375, z=0.53076171875)",[0. 0. 0. 0. 0. 0. 0. 0. 0.],False
1731182676196544001,"std_msgs.msg.Header(stamp=builtin_interfaces.msg.Time(sec=1731182676, nanosec=196012958), frame_id='RL_myo')","geometry_msgs.msg.Quaternion(x=0.8420428193179506, y=0.12329127972037258, z=-0.4569711936962522, w=-0.25872858155181155)",[0. 0. 0. 0. 0. 0. 0. 0. 0.],"geometry_msgs.msg.Vector3(x=-3.6875, y=5.9375, z=7.8125)",[0. 0. 0. 0. 0. 0. 0. 0. 0.],"geometry_msgs.msg.Vector3(x=0.6806640625, y=0.3349609375, z=0.53076171875)",[0. 0. 0. 0. 0. 0. 0. 0. 0.],False
1731182676219234935,"std_msgs.msg.Header(stamp=builtin_interfaces.msg.Time(sec=1731182676, nanosec=218599676), frame_id='RL_myo')","geometry_msgs.msg.Quaternion(x=0.843086366237194, y=0.12176625647167177, z=-0.45593680994656044, w=-0.2578759065628137)",[0. 0. 0. 0. 0. 0. 0. 0. 0.],"geometry_msgs.msg.Vector3(x=-4.3125, y=6.5625, z=4.6875)",[0. 0. 0. 0. 0. 0. 0. 0. 0.],"geometry_msgs.msg.Vector3(x=0.6845703125, y=0.341796875, z=0.52783203125)",[0. 0. 0. 0. 0. 0. 0. 0. 0.],False
1731182676242647246,"std_msgs.msg.Header(stamp=builtin_interfaces.msg.Time(sec=1731182676, nanosec=242024436), frame_id='RL_myo')","geometry_msgs.msg.Quaternion(x=0.8439420154105766, y=0.12042363465719733, z=-0.45477775054778374, w=-0.2577541860908993)",[0. 0. 0. 0. 0. 0. 0. 0. 0.],"geometry_msgs.msg.Vector3(x=-6.5, y=6.25, z=1.6875)",[0. 0. 0. 0. 0. 0. 0. 0. 0.],"geometry_msgs.msg.Vector3(x=0.6826171875, y=0.3662109375, z=0.5322265625)",[0. 0. 0. 0. 0. 0. 0. 0. 0.],False
1731182676259603948,"std_msgs.msg.Header(stamp=builtin_interfaces.msg.Time(sec=1731182676, nanosec=259054887), frame_id='RL_myo')","geometry_msgs.msg.Quaternion(x=0.8447341732636147, y=0.11908066271945897, z=-0.4533121896552649, w=-0.25836414417809833)",[0. 0. 0. 0. 0. 0. 0. 0. 0.],"geometry_msgs.msg.Vector3(x=-9.625, y=6.4375, z=-0.625)",[0. 0. 0. 0. 0. 0. 0. 0. 0.],"geometry_msgs.msg.Vector3(x=0.66259765625, y=0.38330078125, z=0.529296875)",[0. 0. 0. 0. 0. 0. 0. 0. 0.],False
1731182676278905884,"std_msgs.msg.Header(stamp=builtin_interfaces.msg.Time(sec=1731182676, nanosec=278346124), frame_id='RL_myo')","geometry_msgs.msg.Quaternion(x=0.8453950612770503, y=0.11755330936535982, z=-0.4517806832411181, w=-0.25958163277823226)",[0. 0. 0. 0. 0. 0. 0. 0. 0.],"geometry_msgs.msg.Vector3(x=-12.875, y=5.3125, z=-2.1875)",[0. 0. 0. 0. 0. 0. 0. 0. 0.],"geometry_msgs.msg.Vector3(x=0.6533203125, y=0.40283203125, z=0.54052734375)",[0. 0. 0. 0. 0. 0. 0. 0. 0.],False
1731182676302270088,"std_msgs.msg.Header(stamp=builtin_interfaces.msg.Time(sec=1731182676, nanosec=301741098), frame_id='RL_myo')","geometry_msgs.msg.Quaternion(x=0.8459722667826748, y=0.11584815024195647, z=-0.45014758062930926, w=-0.26129922612529805)",[0. 0. 0. 0. 0. 0. 0. 0. 0.],"geometry_msgs.msg.Vector3(x=-15.25, y=4.4375, z=-3.75)",[0. 0. 0. 0. 0. 0. 0. 0. 0.],"geometry_msgs.msg.Vector3(x=0.64892578125, y=0.40673828125, z=0.54833984375)",[0. 0. 0. 0. 0. 0. 0. 0. 0.],False
1731182676316491041,"std_msgs.msg.Header(stamp=builtin_interfaces.msg.Time(sec=1731182676, nanosec=316047434), frame_id='RL_myo')","geometry_msgs.msg.Quaternion(x=0.8464552535999069, y=0.11395528976572154, z=-0.4486188429448598, w=-0.26318972119431777)",[0. 0. 0. 0. 0. 0. 0. 0. 0.],"geometry_msgs.msg.Vector3(x=-15.5625, y=3.4375, z=-5.0)",[0. 0. 0. 0. 0. 0. 0. 0. 0.],"geometry_msgs.msg.Vector3(x=0.6484375, y=0.39013671875, z=0.552734375)",[0. 0. 0. 0. 0. 0. 0. 0. 0.],False
1731182676338790980,"std_msgs.msg.Header(stamp=builtin_interfaces.msg.Time(sec=1731182676, nanosec=338335739), frame_id='RL_myo')","geometry_msgs.msg.Quaternion(x=0.8466743586516849, y=0.11236501544678143, z=-0.4475679838518459, w=-0.2649519457112864)",[0. 0. 0. 0. 0. 0. 0. 0. 0.],"geometry_msgs.msg.Vector3(x=-13.1875, y=1.375, z=-5.8125)",[0. 0. 0. 0. 0. 0. 0. 0. 0.],"geometry_msgs.msg.Vector3(x=0.6474609375, y=0.37890625, z=0.54541015625)",[0. 0. 0. 0. 0. 0. 0. 0. 0.],False
1731182676364123766,"std_msgs.msg.Header(stamp=builtin_interfaces.msg.Time(sec=1731182676, nanosec=363755699), frame_id='RL_myo')","geometry_msgs.msg.Quaternion(x=0.8465556130355029, y=0.11114475640502168, z=-0.44708146110202296, w=-0.2666619663555957)",[0. 0. 0. 0. 0. 0. 0. 0. 0.],"geometry_msgs.msg.Vector3(x=-10.375, y=-0.1875, z=-6.75)",[0. 0. 0. 0. 0. 0. 0. 0. 0.],"geometry_msgs.msg.Vector3(x=0.66015625, y=0.3837890625, z=0.53564453125)",[0. 0. 0. 0. 0. 0. 0. 0. 0.],False
1731182676376516626,"std_msgs.msg.Header(stamp=builtin_interfaces.msg.Time(sec=1731182676, nanosec=376022241), frame_id='RL_myo')","geometry_msgs.msg.Quaternion(x=0.8462111199009369, y=0.1107203528202755, z=-0.4468487888628649, w=-0.2683167976835342)",[0. 0. 0. 0. 0. 0. 0. 0. 0.],"geometry_msgs.msg.Vector3(x=-6.875, y=-0.3125, z=-7.8125)",[0. 0. 0. 0. 0. 0. 0. 0. 0.],"geometry_msgs.msg.Vector3(x=0.67041015625, y=0.40185546875, z=0.52880859375)",[0. 0. 0. 0. 0. 0. 0. 0. 0.],False
1731182676399148841,"std_msgs.msg.Header(stamp=builtin_interfaces.msg.Time(sec=1731182676, nanosec=398606334), frame_id='RL_myo')","geometry_msgs.msg.Quaternion(x=0.8457620964441549, y=0.11035129323598412, z=-0.44665418357352427, w=-0.27020197740912705)",[0. 0. 0. 0. 0. 0. 0. 0. 0.],"geometry_msgs.msg.Vector3(x=-7.8125, y=-0.4375, z=-9.0625)",[0. 0. 0. 0. 0. 0. 0. 0. 0.],"geometry_msgs.msg.Vector3(x=0.66552734375, y=0.41064453125, z=0.51708984375)",[0. 0. 0. 0. 0. 0. 0. 0. 0.],False
1731182676414017251,"std_msgs.msg.Header(stamp=builtin_interfaces.msg.Time(sec=1731182676, nanosec=413470995), frame_id='RL_myo')","geometry_msgs.msg.Quaternion(x=0.8452847983010983, y=0.10955926153155256, z=-0.4464158433658916, w=-0.2724027767216262)",[0. 0. 0. 0. 0. 0. 0. 0. 0.],"geometry_msgs.msg.Vector3(x=-11.1875, y=-1.125, z=-8.625)",[0. 0. 0. 0. 0. 0. 0. 0. 0.],"geometry_msgs.msg.Vector3(x=0.65478515625, y=0.4208984375, z=0.5126953125)",[0. 0. 0. 0. 0. 0. 0. 0. 0.],False
1731182676436559423,"std_msgs.msg.Header(stamp=builtin_interfaces.msg.Time(sec=1731182676, nanosec=436077958), frame_id='RL_myo')","geometry_msgs.msg.Quaternion(x=0.8448391076507216, y=0.10809204303203496, z=-0.44616196192217705, w=-0.27477717545467045)",[0. 0. 0. 0. 0. 0. 0. 0. 0.],"geometry_msgs.msg.Vector3(x=-14.4375, y=-2.5625, z=-8.3125)",[0. 0. 0. 0. 0. 0. 0. 0. 0.],"geometry_msgs.msg.Vector3(x=0.6552734375, y=0.4140625, z=0.521484375)",[0. 0. 0. 0. 0. 0. 0. 0. 0.],False
1731182676458810842,"std_msgs.msg.Header(stamp=builtin_interfaces.msg.Time(sec=1731182676, nanosec=458358030), frame_id='RL_myo')","geometry_msgs.msg.Quaternion(x=0.8444928587316389, y=0.10656869986596137, z=-0.445745254937638, w=-0.27710303401573005)",[0. 0. 0. 0. 0. 0. 0. 0. 0.],"geometry_msgs.msg.Vector3(x=-14.5625, y=-2.4375, z=-7.625)",[0. 0. 0. 0. 0. 0. 0. 0. 0.],"geometry_msgs.msg.Vector3(x=0.64208984375, y=0.4091796875, z=0.53125)",[0. 0. 0. 0. 0. 0. 0. 0. 0.],False
1731182676473863050,"std_msgs.msg.Header(stamp=builtin_interfaces.msg.Time(sec=1731182676, nanosec=473364534), frame_id='RL_myo')","geometry_msgs.msg.Quaternion(x=0.8442263885602267, y=0.10552829857002834, z=-0.4452451926364122, w=-0.27910983768695175)",[0. 0. 0. 0. 0. 0. 0. 0. 0.],"geometry_msgs.msg.Vector3(x=-11.0625, y=-1.5625, z=-6.875)",[0. 0. 0. 0. 0. 0. 0. 0. 0.],"geometry_msgs.msg.Vector3(x=0.62744140625, y=0.400390625, z=0.53759765625)",[0. 0. 0. 0. 0. 0. 0. 0. 0.],False
1731182676496625583,"std_msgs.msg.Header(stamp=builtin_interfaces.msg.Time(sec=1731182676, nanosec=496096511), frame_id='RL_myo')","geometry_msgs.msg.Quaternion(x=0.8440610919390251, y=0.10473706224364503, z=-0.4447052654470849, w=-0.2807636866671137)",[0. 0. 0. 0. 0. 0. 0. 0. 0.],"geometry_msgs.msg.Vector3(x=-9.3125, y=-0.875, z=-5.8125)",[0. 0. 0. 0. 0. 0. 0. 0. 0.],"geometry_msgs.msg.Vector3(x=0.625, y=0.4072265625, z=0.53955078125)",[0. 0. 0. 0. 0. 0. 0. 0. 0.],False
1731182676518985141,"std_msgs.msg.Header(stamp=builtin_interfaces.msg.Time(sec=1731182676, nanosec=518485407), frame_id='RL_myo')","geometry_msgs.msg.Quaternion(x=0.844127113400406, y=0.10394421360237827, z=-0.44391442485619326, w=-0.2821081358016397)",[0. 0. 0. 0. 0. 0. 0. 0. 0.],"geometry_msgs.msg.Vector3(x=-8.375, y=0.5625, z=-4.25)",[0. 0. 0. 0. 0. 0. 0. 0. 0.],"geometry_msgs.msg.Vector3(x=0.62548828125, y=0.39697265625, z=0.556640625)",[0. 0. 0. 0. 0. 0. 0. 0. 0.],False
1731182676537684455,"std_msgs.msg.Header(stamp=builtin_interfaces.msg.Time(sec=1731182676, nanosec=537239489), frame_id='RL_myo')","geometry_msgs.msg.Quaternion(x=0.8442476001361207, y=0.10327262430814894, z=-0.44318116140748787, w=-0.28314521522783864)",[0. 0. 0. 0. 0. 0. 0. 0. 0.],"geometry_msgs.msg.Vector3(x=-5.75, y=0.4375, z=-3.875)",[0. 0. 0. 0. 0. 0. 0. 0. 0.],"geometry_msgs.msg.Vector3(x=0.62646484375, y=0.37890625, z=0.56689453125)",[0. 0. 0. 0. 0. 0. 0. 0. 0.],False
1731182676574327698,"std_msgs.msg.Header(stamp=builtin_interfaces.msg.Time(sec=1731182676, nanosec=573740036), frame_id='RL_myo')","geometry_msgs.msg.Quaternion(x=0.844359250644054, y=0.10290513926455654, z=-0.4426263760062657, w=-0.28381310651256697)",[0. 0. 0. 0. 0. 0. 0. 0. 0.],"geometry_msgs.msg.Vector3(x=-3.0, y=0.5, z=-2.875)",[0. 0. 0. 0. 0. 0. 0. 0. 0.],"geometry_msgs.msg.Vector3(x=0.6298828125, y=0.37890625, z=0.56982421875)",[0. 0. 0. 0. 0. 0. 0. 0. 0.],False
1731182676576592035,"std_msgs.msg.Header(stamp=builtin_interfaces.msg.Time(sec=1731182676, nanosec=576132428), frame_id='RL_myo')","geometry_msgs.msg.Quaternion(x=0.844547309542221, y=0.10308884915926944, z=-0.4422627596258534, w=-0.2837537357853426)",[0. 0. 0. 0. 0. 0. 0. 0. 0.],"geometry_msgs.msg.Vector3(x=0.6875, y=1.3125, z=0.1875)",[0. 0. 0. 0. 0. 0. 0. 0. 0.],"geometry_msgs.msg.Vector3(x=0.62646484375, y=0.39501953125, z=0.55615234375)",[0. 0. 0. 0. 0. 0. 0. 0. 0.],False
1731182676597466891,"std_msgs.msg.Header(stamp=builtin_interfaces.msg.Time(sec=1731182676, nanosec=596990768), frame_id='RL_myo')","geometry_msgs.msg.Quaternion(x=0.8448753200880494, y=0.103335783622964, z=-0.441847452833217, w=-0.2833341450548133)",[0. 0. 0. 0. 0. 0. 0. 0. 0.],"geometry_msgs.msg.Vector3(x=0.375, y=2.0625, z=3.5)",[0. 0. 0. 0. 0. 0. 0. 0. 0.],"geometry_msgs.msg.Vector3(x=0.61279296875, y=0.41650390625, z=0.55224609375)",[0. 0. 0. 0. 0. 0. 0. 0. 0.],False
1731182676624218765,"std_msgs.msg.Header(stamp=builtin_interfaces.msg.Time(sec=1731182676, nanosec=623688612), frame_id='RL_myo')","geometry_msgs.msg.Quaternion(x=0.8454726239619085, y=0.10260175287900435, z=-0.4412302626783595, w=-0.2827804408616461)",[0. 0. 0. 0. 0. 0. 0. 0. 0.],"geometry_msgs.msg.Vector3(x=-2.8125, y=2.25, z=5.625)",[0. 0. 0. 0. 0. 0. 0. 0. 0.],"geometry_msgs.msg.Vector3(x=0.63134765625, y=0.3994140625, z=0.57421875)",[0. 0. 0. 0. 0. 0. 0. 0. 0.],False
1731182676642699232,"std_msgs.msg.Header(stamp=builtin_interfaces.msg.Time(sec=1731182676, nanosec=642166762), frame_id='RL_myo')","geometry_msgs.msg.Quaternion(x=0.8462658242390646, y=0.10150307001150843, z=-0.44031458031450504, w=-0.28223102569646125)",[0. 0. 0. 0. 0. 0. 0. 0. 0.],"geometry_msgs.msg.Vector3(x=-4.75, y=3.1875, z=5.875)",[0. 0. 0. 0. 0. 0. 0. 0. 0.],"geometry_msgs.msg.Vector3(x=0.63037109375, y=0.37646484375, z=0.5771484375)",[0. 0. 0. 0. 0. 0. 0. 0. 0.],False
1731182676656789606,"std_msgs.msg.Header(stamp=builtin_interfaces.msg.Time(sec=1731182676, nanosec=656395966), frame_id='RL_myo')","geometry_msgs.msg.Quaternion(x=0.847252338464542, y=0.10010041316056831, z=-0.439282117997933, w=-0.2813798199208658)",[0. 0. 0. 0. 0. 0. 0. 0. 0.],"geometry_msgs.msg.Vector3(x=-4.6875, y=4.0625, z=7.25)",[0. 0. 0. 0. 0. 0. 0. 0. 0.],"geometry_msgs.msg.Vector3(x=0.62548828125, y=0.3515625, z=0.5732421875)",[0. 0. 0. 0. 0. 0. 0. 0. 0.],False
1731182676684089983,"std_msgs.msg.Header(stamp=builtin_interfaces.msg.Time(sec=1731182676, nanosec=683598796), frame_id='RL_myo')","geometry_msgs.msg.Quaternion(x=0.8482699496440042, y=0.098999414183521, z=-0.43823415156453804, w=-0.2803355791275659)",[0. 0. 0. 0. 0. 0. 0. 0. 0.],"geometry_msgs.msg.Vector3(x=-3.375, y=5.0, z=7.875)",[0. 0. 0. 0. 0. 0. 0. 0. 0.],"geometry_msgs.msg.Vector3(x=0.6171875, y=0.35107421875, z=0.56494140625)",[0. 0. 0. 0. 0. 0. 0. 0. 0.],False
1731182676695110147,"std_msgs.msg.Header(stamp=builtin_interfaces.msg.Time(sec=1731182676, nanosec=694700654), frame_id='RL_myo')","geometry_msgs.msg.Quaternion(x=0.849390944115327, y=0.09753713198449933, z=-0.43708598381789715, w=-0.27924429213334445)",[0. 0. 0. 0. 0. 0. 0. 0. 0.],"geometry_msgs.msg.Vector3(x=-4.75, y=5.25, z=8.8125)",[0. 0. 0. 0. 0. 0. 0. 0. 0.],"geometry_msgs.msg.Vector3(x=0.62060546875, y=0.3447265625, z=0.572265625)",[0. 0. 0. 0. 0. 0. 0. 0. 0.],False
1731182676716992919,"std_msgs.msg.Header(stamp=builtin_interfaces.msg.Time(sec=1731182676, nanosec=716596767), frame_id='RL_myo')","geometry_msgs.msg.Quaternion(x=0.8505927534116176, y=0.09588699882388427, z=-0.43585554334905, w=-0.27807840015379803)",[0. 0. 0. 0. 0. 0. 0. 0. 0.],"geometry_msgs.msg.Vector3(x=-5.9375, y=6.0625, z=9.3125)",[0. 0. 0. 0. 0. 0. 0. 0. 0.],"geometry_msgs.msg.Vector3(x=0.6357421875, y=0.33935546875, z=0.5732421875)",[0. 0. 0. 0. 0. 0. 0. 0. 0.],False
1731182676746842126,"std_msgs.msg.Header(stamp=builtin_interfaces.msg.Time(sec=1731182676, nanosec=746411748), frame_id='RL_myo')","geometry_msgs.msg.Quaternion(x=0.8517920996845507, y=0.09411460430736437, z=-0.4345628940781027, w=-0.27703384497479044)",[0. 0. 0. 0. 0. 0. 0. 0. 0.],"geometry_msgs.msg.Vector3(x=-6.625, y=6.5, z=8.8125)",[0. 0. 0. 0. 0. 0. 0. 0. 0.],"geometry_msgs.msg.Vector3(x=0.64404296875, y=0.33203125, z=0.57666015625)",[0. 0. 0. 0. 0. 0. 0. 0. 0.],False
1731182676760331949,"std_msgs.msg.Header(stamp=builtin_interfaces.msg.Time(sec=1731182676, nanosec=759961206), frame_id='RL_myo')","geometry_msgs.msg.Quaternion(x=0.8529814881415125, y=0.09228679857387957, z=-0.4332352488607124, w=-0.27606692456987914)",[0. 0. 0. 0. 0. 0. 0. 0. 0.],"geometry_msgs.msg.Vector3(x=-6.9375, y=6.9375, z=7.9375)",[0. 0. 0. 0. 0. 0. 0. 0. 0.],"geometry_msgs.msg.Vector3(x=0.6455078125, y=0.32373046875, z=0.57080078125)",[0. 0. 0. 0. 0. 0. 0. 0. 0.],False
1731182676789919581,"std_msgs.msg.Header(stamp=builtin_interfaces.msg.Time(sec=1731182676, nanosec=789424170), frame_id='RL_myo')","geometry_msgs.msg.Quaternion(x=0.8539615850302089, y=0.09063919332212567, z=-0.43207733974904217, w=-0.27539666011409497)",[0. 0. 0. 0. 0. 0. 0. 0. 0.],"geometry_msgs.msg.Vector3(x=-7.5625, y=6.3125, z=6.375)",[0. 0. 0. 0. 0. 0. 0. 0. 0.],"geometry_msgs.msg.Vector3(x=0.64599609375, y=0.32958984375, z=0.5634765625)",[0. 0. 0. 0. 0. 0. 0. 0. 0.],False
1731182676814967781,"std_msgs.msg.Header(stamp=builtin_interfaces.msg.Time(sec=1731182676, nanosec=814505873), frame_id='RL_myo')","geometry_msgs.msg.Quaternion(x=0.85481344638737, y=0.08905196845977671, z=-0.43091631071009157, w=-0.2750906249816406)",[0. 0. 0. 0. 0. 0. 0. 0. 0.],"geometry_msgs.msg.Vector3(x=-8.125, y=5.75, z=4.75)",[0. 0. 0. 0. 0. 0. 0. 0. 0.],"geometry_msgs.msg.Vector3(x=0.65234375, y=0.33935546875, z=0.5732421875)",[0. 0. 0. 0. 0. 0. 0. 0. 0.],False
1731182676818934105,"std_msgs.msg.Header(stamp=builtin_interfaces.msg.Time(sec=1731182676, nanosec=818467323), frame_id='RL_myo')","geometry_msgs.msg.Quaternion(x=0.8555269120029506, y=0.08764619002898173, z=-0.4298691618204167, w=-0.274962455487857)",[0. 0. 0. 0. 0. 0. 0. 0. 0.],"geometry_msgs.msg.Vector3(x=-7.8125, y=5.1875, z=3.125)",[0. 0. 0. 0. 0. 0. 0. 0. 0.],"geometry_msgs.msg.Vector3(x=0.65478515625, y=0.33984375, z=0.5771484375)",[0. 0. 0. 0. 0. 0. 0. 0. 0.],False
1731182676851092718,"std_msgs.msg.Header(stamp=builtin_interfaces.msg.Time(sec=1731182676, nanosec=850598223), frame_id='RL_myo')","geometry_msgs.msg.Quaternion(x=0.8560195747674092, y=0.08612075721902421, z=-0.4290779045001702, w=-0.2751469692015316)",[0. 0. 0. 0. 0. 0. 0. 0. 0.],"geometry_msgs.msg.Vector3(x=-9.3125, y=4.1875, z=2.375)",[0. 0. 0. 0. 0. 0. 0. 0. 0.],"geometry_msgs.msg.Vector3(x=0.65966796875, y=0.34521484375, z=0.5615234375)",[0. 0. 0. 0. 0. 0. 0. 0. 0.],False
1731182676857996778,"std_msgs.msg.Header(stamp=builtin_interfaces.msg.Time(sec=1731182676, nanosec=857474778), frame_id='RL_myo')","geometry_msgs.msg.Quaternion(x=0.8564077906760018, y=0.08453601240725982, z=-0.4284175242502214, w=-0.2754592231003347)",[0. 0. 0. 0. 0. 0. 0. 0. 0.],"geometry_msgs.msg.Vector3(x=-9.875, y=3.3125, z=1.375)",[0. 0. 0. 0. 0. 0. 0. 0. 0.],"geometry_msgs.msg.Vector3(x=0.65478515625, y=0.3427734375, z=0.552734375)",[0. 0. 0. 0. 0. 0. 0. 0. 0.],False
1731182676874922478,"std_msgs.msg.Header(stamp=builtin_interfaces.msg.Time(sec=1731182676, nanosec=874441513), frame_id='RL_myo')","geometry_msgs.msg.Quaternion(x=0.8566243986938186, y=0.0831294927695747, z=-0.42779340295297286, w=-0.2761827861837926)",[0. 0. 0. 0. 0. 0. 0. 0. 0.],"geometry_msgs.msg.Vector3(x=-10.0625, y=2.375, z=-0.5625)",[0. 0. 0. 0. 0. 0. 0. 0. 0.],"geometry_msgs.msg.Vector3(x=0.650390625, y=0.34716796875, z=0.55859375)",[0. 0. 0. 0. 0. 0. 0. 0. 0.],False
1731182676897711485,"std_msgs.msg.Header(stamp=builtin_interfaces.msg.Time(sec=1731182676, nanosec=897214054), frame_id='RL_myo')","geometry_msgs.msg.Quaternion(x=0.8566487641224819, y=0.08215527157170364, z=-0.427256241457597, w=-0.2772282641000579)",[0. 0. 0. 0. 0. 0. 0. 0. 0.],"geometry_msgs.msg.Vector3(x=-8.4375, y=0.6875, z=-3.0625)",[0. 0. 0. 0. 0. 0. 0. 0. 0.],"geometry_msgs.msg.Vector3(x=0.642578125, y=0.35205078125, z=0.57470703125)",[0. 0. 0. 0. 0. 0. 0. 0. 0.],False
1731182676920006319,"std_msgs.msg.Header(stamp=builtin_interfaces.msg.Time(sec=1731182676, nanosec=919438279), frame_id='RL_myo')","geometry_msgs.msg.Quaternion(x=0.8563267273413144, y=0.08197054845469602, z=-0.4271867971961411, w=-0.27838248064174875)",[0. 0. 0. 0. 0. 0. 0. 0. 0.],"geometry_msgs.msg.Vector3(x=-4.4375, y=-0.9375, z=-5.1875)",[0. 0. 0. 0. 0. 0. 0. 0. 0.],"geometry_msgs.msg.Vector3(x=0.638671875, y=0.3681640625, z=0.57373046875)",[0. 0. 0. 0. 0. 0. 0. 0. 0.],False
1731182676942549923,"std_msgs.msg.Header(stamp=builtin_interfaces.msg.Time(sec=1731182676, nanosec=942057465), frame_id='RL_myo')","geometry_msgs.msg.Quaternion(x=0.855887548391266, y=0.08203044035069967, z=-0.42718084227272846, w=-0.2797213602137326)",[0. 0. 0. 0. 0. 0. 0. 0. 0.],"geometry_msgs.msg.Vector3(x=-3.5625, y=-1.875, z=-6.125)",[0. 0. 0. 0. 0. 0. 0. 0. 0.],"geometry_msgs.msg.Vector3(x=0.6279296875, y=0.37158203125, z=0.57568359375)",[0. 0. 0. 0. 0. 0. 0. 0. 0.],False
1731182676956855417,"std_msgs.msg.Header(stamp=builtin_interfaces.msg.Time(sec=1731182676, nanosec=956362587), frame_id='RL_myo')","geometry_msgs.msg.Quaternion(x=0.8555379283048575, y=0.0819709950569611, z=-0.4271280889118494, w=-0.2808864625853574)",[0. 0. 0. 0. 0. 0. 0. 0. 0.],"geometry_msgs.msg.Vector3(x=-4.0625, y=-2.0, z=-5.3125)",[0. 0. 0. 0. 0. 0. 0. 0. 0.],"geometry_msgs.msg.Vector3(x=0.62744140625, y=0.369140625, z=0.5791015625)",[0. 0. 0. 0. 0. 0. 0. 0. 0.],False
1731182676977448596,"std_msgs.msg.Header(stamp=builtin_interfaces.msg.Time(sec=1731182676, nanosec=977006984), frame_id='RL_myo')","geometry_msgs.msg.Quaternion(x=0.8551355300634356, y=0.08166818980905616, z=-0.4272625774763775, w=-0.2819933011344092)",[0. 0. 0. 0. 0. 0. 0. 0. 0.],"geometry_msgs.msg.Vector3(x=-4.0, y=-3.0, z=-4.75)",[0. 0. 0. 0. 0. 0. 0. 0. 0.],"geometry_msgs.msg.Vector3(x=0.62646484375, y=0.357421875, z=0.5791015625)",[0. 0. 0. 0. 0. 0. 0. 0. 0.],False
1731182676992772165,"std_msgs.msg.Header(stamp=builtin_interfaces.msg.Time(sec=1731182676, nanosec=992314427), frame_id='RL_myo')","geometry_msgs.msg.Quaternion(x=0.8545736834809756, y=0.08166699439308231, z=-0.42762254313746983, w=-0.2831488691999319)",[0. 0. 0. 0. 0. 0. 0. 0. 0.],"geometry_msgs.msg.Vector3(x=-3.1875, y=-3.0625, z=-5.125)",[0. 0. 0. 0. 0. 0. 0. 0. 0.],"geometry_msgs.msg.Vector3(x=0.62841796875, y=0.37353515625, z=0.5576171875)",[0. 0. 0. 0. 0. 0. 0. 0. 0.],False
1731182677022216906,"std_msgs.msg.Header(stamp=builtin_interfaces.msg.Time(sec=1731182677, nanosec=21713868), frame_id='RL_myo')","geometry_msgs.msg.Quaternion(x=0.8538997786950518, y=0.08160571866442347, z=-0.4281706181233587, w=-0.2843687683302535)",[0. 0. 0. 0. 0. 0. 0. 0. 0.],"geometry_msgs.msg.Vector3(x=-4.625, y=-2.625, z=-5.375)",[0. 0. 0. 0. 0. 0. 0. 0. 0.],"geometry_msgs.msg.Vector3(x=0.642578125, y=0.39013671875, z=0.5361328125)",[0. 0. 0. 0. 0. 0. 0. 0. 0.],False
1731182677039373117,"std_msgs.msg.Header(stamp=builtin_interfaces.msg.Time(sec=1731182677, nanosec=38803514), frame_id='RL_myo')","geometry_msgs.msg.Quaternion(x=0.8534528284803812, y=0.08123762530983247, z=-0.42816073745189687, w=-0.2858270468264053)",[0. 0. 0. 0. 0. 0. 0. 0. 0.],"geometry_msgs.msg.Vector3(x=-6.75, y=-1.0625, z=-6.4375)",[0. 0. 0. 0. 0. 0. 0. 0. 0.],"geometry_msgs.msg.Vector3(x=0.63427734375, y=0.37109375, z=0.54541015625)",[0. 0. 0. 0. 0. 0. 0. 0. 0.],False
1731182677054348470,"std_msgs.msg.Header(stamp=builtin_interfaces.msg.Time(sec=1731182677, nanosec=53795937), frame_id='RL_myo')","geometry_msgs.msg.Quaternion(x=0.8532414758260312, y=0.08008103700434602, z=-0.42768889198891197, w=-0.28748603985554094)",[0. 0. 0. 0. 0. 0. 0. 0. 0.],"geometry_msgs.msg.Vector3(x=-9.75, y=-1.875, z=-5.9375)",[0. 0. 0. 0. 0. 0. 0. 0. 0.],"geometry_msgs.msg.Vector3(x=0.61572265625, y=0.3388671875, z=0.578125)",[0. 0. 0. 0. 0. 0. 0. 0. 0.],False
1731182677082599554,"std_msgs.msg.Header(stamp=builtin_interfaces.msg.Time(sec=1731182677, nanosec=82141815), frame_id='RL_myo')","geometry_msgs.msg.Quaternion(x=0.8530838995479063, y=0.07867390330666461, z=-0.42724385038530044, w=-0.28899994736777107)",[0. 0. 0. 0. 0. 0. 0. 0. 0.],"geometry_msgs.msg.Vector3(x=-8.875, y=-3.0625, z=-6.0625)",[0. 0. 0. 0. 0. 0. 0. 0. 0.],"geometry_msgs.msg.Vector3(x=0.62060546875, y=0.31494140625, z=0.603515625)",[0. 0. 0. 0. 0. 0. 0. 0. 0.],False
1731182677098497211,"std_msgs.msg.Header(stamp=builtin_interfaces.msg.Time(sec=1731182677, nanosec=98027287), frame_id='RL_myo')","geometry_msgs.msg.Quaternion(x=0.8528138281647275, y=0.07806676826672534, z=-0.42701728756372986, w=-0.29029362773772144)",[0. 0. 0. 0. 0. 0. 0. 0. 0.],"geometry_msgs.msg.Vector3(x=-4.0625, y=-3.625, z=-6.625)",[0. 0. 0. 0. 0. 0. 0. 0. 0.],"geometry_msgs.msg.Vector3(x=0.6123046875, y=0.31640625, z=0.61181640625)",[0. 0. 0. 0. 0. 0. 0. 0. 0.],False
1731182677112917652,"std_msgs.msg.Header(stamp=builtin_interfaces.msg.Time(sec=1731182677, nanosec=112428926), frame_id='RL_myo')","geometry_msgs.msg.Quaternion(x=0.8526075824297479, y=0.07775947168841713, z=-0.4267005232132842, w=-0.2914454296014064)",[0. 0. 0. 0. 0. 0. 0. 0. 0.],"geometry_msgs.msg.Vector3(x=-3.125, y=-2.75, z=-5.625)",[0. 0. 0. 0. 0. 0. 0. 0. 0.],"geometry_msgs.msg.Vector3(x=0.60986328125, y=0.33740234375, z=0.61328125)",[0. 0. 0. 0. 0. 0. 0. 0. 0.],False
1731182677135974874,"std_msgs.msg.Header(stamp=builtin_interfaces.msg.Time(sec=1731182677, nanosec=135524164), frame_id='RL_myo')","geometry_msgs.msg.Quaternion(x=0.8526219919281078, y=0.07757767569193393, z=-0.4261584041550611, w=-0.29224383258298947)",[0. 0. 0. 0. 0. 0. 0. 0. 0.],"geometry_msgs.msg.Vector3(x=-2.4375, y=-0.5, z=-3.4375)",[0. 0. 0. 0. 0. 0. 0. 0. 0.],"geometry_msgs.msg.Vector3(x=0.6064453125, y=0.34619140625, z=0.611328125)",[0. 0. 0. 0. 0. 0. 0. 0. 0.],False
1731182677158648265,"std_msgs.msg.Header(stamp=builtin_interfaces.msg.Time(sec=1731182677, nanosec=158131199), frame_id='RL_myo')","geometry_msgs.msg.Quaternion(x=0.8529028984009144, y=0.0773313276280205, z=-0.42535281944725717, w=-0.2926627592552157)",[0. 0. 0. 0. 0. 0. 0. 0. 0.],"geometry_msgs.msg.Vector3(x=-2.625, y=1.25, z=-0.9375)",[0. 0. 0. 0. 0. 0. 0. 0. 0.],"geometry_msgs.msg.Vector3(x=0.595703125, y=0.3447265625, z=0.60400390625)",[0. 0. 0. 0. 0. 0. 0. 0. 0.],False
1731182677187607235,"std_msgs.msg.Header(stamp=builtin_interfaces.msg.Time(sec=1731182677, nanosec=187096839), frame_id='RL_myo')","geometry_msgs.msg.Quaternion(x=0.8532853676161201, y=0.07696658430357135, z=-0.4246895270295396, w=-0.2926072998820944)",[0. 0. 0. 0. 0. 0. 0. 0. 0.],"geometry_msgs.msg.Vector3(x=-1.6875, y=1.8125, z=1.625)",[0. 0. 0. 0. 0. 0. 0. 0. 0.],"geometry_msgs.msg.Vector3(x=0.60400390625, y=0.3359375, z=0.599609375)",[0. 0. 0. 0. 0. 0. 0. 0. 0.],False
1731182677198337109,"std_msgs.msg.Header(stamp=builtin_interfaces.msg.Time(sec=1731182677, nanosec=197774013), frame_id='RL_myo')","geometry_msgs.msg.Quaternion(x=0.8537515377827526, y=0.07653734832567714, z=-0.4241292133294501, w=-0.2921724772209063)",[0. 0. 0. 0. 0. 0. 0. 0. 0.],"geometry_msgs.msg.Vector3(x=-1.375, y=2.125, z=3.125)",[0. 0. 0. 0. 0. 0. 0. 0. 0.],"geometry_msgs.msg.Vector3(x=0.62060546875, y=0.33447265625, z=0.59130859375)",[0. 0. 0. 0. 0. 0. 0. 0. 0.],False
1731182677226228603,"std_msgs.msg.Header(stamp=builtin_interfaces.msg.Time(sec=1731182677, nanosec=225801189), frame_id='RL_myo')","geometry_msgs.msg.Quaternion(x=0.8541513403558093, y=0.07629621090787206, z=-0.4237796738666846, w=-0.29157359960552387)",[0. 0. 0. 0. 0. 0. 0. 0. 0.],"geometry_msgs.msg.Vector3(x=0.375, y=2.75, z=3.125)",[0. 0. 0. 0. 0. 0. 0. 0. 0.],"geometry_msgs.msg.Vector3(x=0.6279296875, y=0.330078125, z=0.57861328125)",[0. 0. 0. 0. 0. 0. 0. 0. 0.],False
1731182677247849355,"std_msgs.msg.Header(stamp=builtin_interfaces.msg.Time(sec=1731182677, nanosec=247236356), frame_id='RL_myo')","geometry_msgs.msg.Quaternion(x=0.8545485684774633, y=0.07586628602367594, z=-0.42339857292537414, w=-0.2910750748567261)",[0. 0. 0. 0. 0. 0. 0. 0. 0.],"geometry_msgs.msg.Vector3(x=-1.0625, y=3.0, z=2.6875)",[0. 0. 0. 0. 0. 0. 0. 0. 0.],"geometry_msgs.msg.Vector3(x=0.6376953125, y=0.32861328125, z=0.57861328125)",[0. 0. 0. 0. 0. 0. 0. 0. 0.],False
1731182677265110554,"std_msgs.msg.Header(stamp=builtin_interfaces.msg.Time(sec=1731182677, nanosec=264569303), frame_id='RL_myo')","geometry_msgs.msg.Quaternion(x=0.8549273543588065, y=0.07544015206593024, z=-0.42291651591005713, w=-0.29077417835120684)",[0. 0. 0. 0. 0. 0. 0. 0. 0.],"geometry_msgs.msg.Vector3(x=-1.875, y=3.5, z=1.75)",[0. 0. 0. 0. 0. 0. 0. 0. 0.],"geometry_msgs.msg.Vector3(x=0.6416015625, y=0.32958984375, z=0.57958984375)",[0. 0. 0. 0. 0. 0. 0. 0. 0.],False
1731182677278809834,"std_msgs.msg.Header(stamp=builtin_interfaces.msg.Time(sec=1731182677, nanosec=278198864), frame_id='RL_myo')","geometry_msgs.msg.Quaternion(x=0.8553690268894548, y=0.07470898308211023, z=-0.42219120586516046, w=-0.29071804446085864)",[0. 0. 0. 0. 0. 0. 0. 0. 0.],"geometry_msgs.msg.Vector3(x=-3.6875, y=3.8125, z=0.75)",[0. 0. 0. 0. 0. 0. 0. 0. 0.],"geometry_msgs.msg.Vector3(x=0.64013671875, y=0.3193359375, z=0.58544921875)",[0. 0. 0. 0. 0. 0. 0. 0. 0.],False
1731182677299766358,"std_msgs.msg.Header(stamp=builtin_interfaces.msg.Time(sec=1731182677, nanosec=299209376), frame_id='RL_myo')","geometry_msgs.msg.Quaternion(x=0.8557777083758079, y=0.07397493634915335, z=-0.4213275458896086, w=-0.29095587588813043)",[0. 0. 0. 0. 0. 0. 0. 0. 0.],"geometry_msgs.msg.Vector3(x=-5.0, y=4.5, z=-0.3125)",[0. 0. 0. 0. 0. 0. 0. 0. 0.],"geometry_msgs.msg.Vector3(x=0.6337890625, y=0.3212890625, z=0.58251953125)",[0. 0. 0. 0. 0. 0. 0. 0. 0.],False
1731182677324481966,"std_msgs.msg.Header(stamp=builtin_interfaces.msg.Time(sec=1731182677, nanosec=323893235), frame_id='RL_myo')","geometry_msgs.msg.Quaternion(x=0.8562014892401695, y=0.07330324982730564, z=-0.420288241724252, w=-0.29138194394301176)",[0. 0. 0. 0. 0. 0. 0. 0. 0.],"geometry_msgs.msg.Vector3(x=-5.25, y=4.6875, z=-1.3125)",[0. 0. 0. 0. 0. 0. 0. 0. 0.],"geometry_msgs.msg.Vector3(x=0.63134765625, y=0.32470703125, z=0.591796875)",[0. 0. 0. 0. 0. 0. 0. 0. 0.],False
1731182677339360832,"std_msgs.msg.Header(stamp=builtin_interfaces.msg.Time(sec=1731182677, nanosec=338806235), frame_id='RL_myo')","geometry_msgs.msg.Quaternion(x=0.8565044108868033, y=0.07293684679040333, z=-0.4193105752720258, w=-0.2919915272345519)",[0. 0. 0. 0. 0. 0. 0. 0. 0.],"geometry_msgs.msg.Vector3(x=-4.9375, y=4.5625, z=-2.375)",[0. 0. 0. 0. 0. 0. 0. 0. 0.],"geometry_msgs.msg.Vector3(x=0.62939453125, y=0.3369140625, z=0.59228515625)",[0. 0. 0. 0. 0. 0. 0. 0. 0.],False
1731182677360183579,"std_msgs.msg.Header(stamp=builtin_interfaces.msg.Time(sec=1731182677, nanosec=359634198), frame_id='RL_myo')","geometry_msgs.msg.Quaternion(x=0.8567438513340871, y=0.07257023860057203, z=-0.4183317202424901, w=-0.2927833764229975)",[0. 0. 0. 0. 0. 0. 0. 0. 0.],"geometry_msgs.msg.Vector3(x=-5.4375, y=4.9375, z=-3.25)",[0. 0. 0. 0. 0. 0. 0. 0. 0.],"geometry_msgs.msg.Vector3(x=0.6318359375, y=0.34130859375, z=0.5927734375)",[0. 0. 0. 0. 0. 0. 0. 0. 0.],False
1731182677376232899,"std_msgs.msg.Header(stamp=builtin_interfaces.msg.Time(sec=1731182677, nanosec=375652020), frame_id='RL_myo')","geometry_msgs.msg.Quaternion(x=0.8569299577133688, y=0.07238738816581591, z=-0.4172955926557196, w=-0.29376096057510287)",[0. 0. 0. 0. 0. 0. 0. 0. 0.],"geometry_msgs.msg.Vector3(x=-5.25, y=4.875, z=-4.375)",[0. 0. 0. 0. 0. 0. 0. 0. 0.],"geometry_msgs.msg.Vector3(x=0.62158203125, y=0.3466796875, z=0.59228515625)",[0. 0. 0. 0. 0. 0. 0. 0. 0.],False
1731182677399479320,"std_msgs.msg.Header(stamp=builtin_interfaces.msg.Time(sec=1731182677, nanosec=398857620), frame_id='RL_myo')","geometry_msgs.msg.Quaternion(x=0.857045737878349, y=0.07244789138738074, z=-0.41631597906766976, w=-0.29479639039683986)",[0. 0. 0. 0. 0. 0. 0. 0. 0.],"geometry_msgs.msg.Vector3(x=-4.5, y=4.5625, z=-4.5625)",[0. 0. 0. 0. 0. 0. 0. 0. 0.],"geometry_msgs.msg.Vector3(x=0.61376953125, y=0.3505859375, z=0.58984375)",[0. 0. 0. 0. 0. 0. 0. 0. 0.],False
1731182677413087075,"std_msgs.msg.Header(stamp=builtin_interfaces.msg.Time(sec=1731182677, nanosec=412508555), frame_id='RL_myo')","geometry_msgs.msg.Quaternion(x=0.8571768530432513, y=0.07263176125900521, z=-0.4154048463267138, w=-0.29565399288959765)",[0. 0. 0. 0. 0. 0. 0. 0. 0.],"geometry_msgs.msg.Vector3(x=-2.875, y=3.9375, z=-4.3125)",[0. 0. 0. 0. 0. 0. 0. 0. 0.],"geometry_msgs.msg.Vector3(x=0.60888671875, y=0.3515625, z=0.60546875)",[0. 0. 0. 0. 0. 0. 0. 0. 0.],False
1731182677436471793,"std_msgs.msg.Header(stamp=builtin_interfaces.msg.Time(sec=1731182677, nanosec=435830556), frame_id='RL_myo')","geometry_msgs.msg.Quaternion(x=0.8572484538727266, y=0.07269369231487485, z=-0.4146775361773802, w=-0.2964511029163285)",[0. 0. 0. 0. 0. 0. 0. 0. 0.],"geometry_msgs.msg.Vector3(x=-2.5625, y=2.5625, z=-3.8125)",[0. 0. 0. 0. 0. 0. 0. 0. 0.],"geometry_msgs.msg.Vector3(x=0.61376953125, y=0.3466796875, z=0.611328125)",[0. 0. 0. 0. 0. 0. 0. 0. 0.],False
1731182677465227700,"std_msgs.msg.Header(stamp=builtin_interfaces.msg.Time(sec=1731182677, nanosec=464680103), frame_id='RL_myo')","geometry_msgs.msg.Quaternion(x=0.8573421017410483, y=0.07299645146168532, z=-0.4141755180760841, w=-0.2968074778078392)",[0. 0. 0. 0. 0. 0. 0. 0. 0.],"geometry_msgs.msg.Vector3(x=-0.4375, y=2.5, z=-2.0625)",[0. 0. 0. 0. 0. 0. 0. 0. 0.],"geometry_msgs.msg.Vector3(x=0.609375, y=0.35009765625, z=0.60400390625)",[0. 0. 0. 0. 0. 0. 0. 0. 0.],False
1731182677475270984,"std_msgs.msg.Header(stamp=builtin_interfaces.msg.Time(sec=1731182677, nanosec=474696905), frame_id='RL_myo')","geometry_msgs.msg.Quaternion(x=0.8575470233263068, y=0.07336452114151037, z=-0.4136367385823759, w=-0.2968760655842816)",[0. 0. 0. 0. 0. 0. 0. 0. 0.],"geometry_msgs.msg.Vector3(x=0.3125, y=2.625, z=-0.1875)",[0. 0. 0. 0. 0. 0. 0. 0. 0.],"geometry_msgs.msg.Vector3(x=0.59912109375, y=0.35107421875, z=0.60888671875)",[0. 0. 0. 0. 0. 0. 0. 0. 0.],False
1731182677496837808,"std_msgs.msg.Header(stamp=builtin_interfaces.msg.Time(sec=1731182677, nanosec=496344211), frame_id='RL_myo')","geometry_msgs.msg.Quaternion(x=0.8578358974397776, y=0.0735462295563808, z=-0.4131406040391216, w=-0.2966873210569021)",[0. 0. 0. 0. 0. 0. 0. 0. 0.],"geometry_msgs.msg.Vector3(x=0.25, y=2.5, z=1.25)",[0. 0. 0. 0. 0. 0. 0. 0. 0.],"geometry_msgs.msg.Vector3(x=0.60205078125, y=0.34912109375, z=0.6025390625)",[0. 0. 0. 0. 0. 0. 0. 0. 0.],False
1731182677518623829,"std_msgs.msg.Header(stamp=builtin_interfaces.msg.Time(sec=1731182677, nanosec=518113904), frame_id='RL_myo')","geometry_msgs.msg.Quaternion(x=0.8580445250495132, y=0.07360945349336413, z=-0.41290875031725405, w=-0.29639096696830536)",[0. 0. 0. 0. 0. 0. 0. 0. 0.],"geometry_msgs.msg.Vector3(x=0.125, y=1.5, z=1.8125)",[0. 0. 0. 0. 0. 0. 0. 0. 0.],"geometry_msgs.msg.Vector3(x=0.60302734375, y=0.3486328125, z=0.6005859375)",[0. 0. 0. 0. 0. 0. 0. 0. 0.],False
1731182677539746802,"std_msgs.msg.Header(stamp=builtin_interfaces.msg.Time(sec=1731182677, nanosec=539219537), frame_id='RL_myo')","geometry_msgs.msg.Quaternion(x=0.858274613458125, y=0.07373031809539289, z=-0.4127188832458996, w=-0.2959588679176822)",[0. 0. 0. 0. 0. 0. 0. 0. 0.],"geometry_msgs.msg.Vector3(x=1.375, y=0.9375, z=2.625)",[0. 0. 0. 0. 0. 0. 0. 0. 0.],"geometry_msgs.msg.Vector3(x=0.6025390625, y=0.33984375, z=0.60009765625)",[0. 0. 0. 0. 0. 0. 0. 0. 0.],False
1731182677556593653,"std_msgs.msg.Header(stamp=builtin_interfaces.msg.Time(sec=1731182677, nanosec=556206293), frame_id='RL_myo')","geometry_msgs.msg.Quaternion(x=0.8585192509076797, y=0.0739134660066259, z=-0.41265808725912284, w=-0.2952876536251496)",[0. 0. 0. 0. 0. 0. 0. 0. 0.],"geometry_msgs.msg.Vector3(x=2.625, y=1.0, z=3.0625)",[0. 0. 0. 0. 0. 0. 0. 0. 0.],"geometry_msgs.msg.Vector3(x=0.60595703125, y=0.33642578125, z=0.603515625)",[0. 0. 0. 0. 0. 0. 0. 0. 0.],False
1731182677578911933,"std_msgs.msg.Header(stamp=builtin_interfaces.msg.Time(sec=1731182677, nanosec=578293653), frame_id='RL_myo')","geometry_msgs.msg.Quaternion(x=0.8588280575398334, y=0.07415791982878954, z=-0.4125377614179329, w=-0.2944954429414893)",[0. 0. 0. 0. 0. 0. 0. 0. 0.],"geometry_msgs.msg.Vector3(x=3.6875, y=0.9375, z=3.1875)",[0. 0. 0. 0. 0. 0. 0. 0. 0.],"geometry_msgs.msg.Vector3(x=0.6103515625, y=0.3330078125, z=0.61865234375)",[0. 0. 0. 0. 0. 0. 0. 0. 0.],False
1731182677600397726,"std_msgs.msg.Header(stamp=builtin_interfaces.msg.Time(sec=1731182677, nanosec=599792374), frame_id='RL_myo')","geometry_msgs.msg.Quaternion(x=0.8590782890963163, y=0.07452466010562006, z=-0.4126017217968809, w=-0.29358199435547294)",[0. 0. 0. 0. 0. 0. 0. 0. 0.],"geometry_msgs.msg.Vector3(x=5.1875, y=0.75, z=3.4375)",[0. 0. 0. 0. 0. 0. 0. 0. 0.],"geometry_msgs.msg.Vector3(x=0.61181640625, y=0.322265625, z=0.609375)",[0. 0. 0. 0. 0. 0. 0. 0. 0.],False
1731182677616883090,"std_msgs.msg.Header(stamp=builtin_interfaces.msg.Time(sec=1731182677, nanosec=616301949), frame_id='RL_myo')","geometry_msgs.msg.Quaternion(x=0.8593134750614904, y=0.07501216427662276, z=-0.4127194913250798, w=-0.2926023722881444)",[0. 0. 0. 0. 0. 0. 0. 0. 0.],"geometry_msgs.msg.Vector3(x=6.0625, y=0.4375, z=2.8125)",[0. 0. 0. 0. 0. 0. 0. 0. 0.],"geometry_msgs.msg.Vector3(x=0.62060546875, y=0.31982421875, z=0.6162109375)",[0. 0. 0. 0. 0. 0. 0. 0. 0.],False
1731182677639253399,"std_msgs.msg.Header(stamp=builtin_interfaces.msg.Time(sec=1731182677, nanosec=638673248), frame_id='RL_myo')","geometry_msgs.msg.Quaternion(x=0.8593693079293918, y=0.07617137047555973, z=-0.41308320142515087, w=-0.2916240449777439)",[0. 0. 0. 0. 0. 0. 0. 0. 0.],"geometry_msgs.msg.Vector3(x=9.0, y=0.625, z=2.125)",[0. 0. 0. 0. 0. 0. 0. 0. 0.],"geometry_msgs.msg.Vector3(x=0.6171875, y=0.3408203125, z=0.60205078125)",[0. 0. 0. 0. 0. 0. 0. 0. 0.],False
1731182677660330344,"std_msgs.msg.Header(stamp=builtin_interfaces.msg.Time(sec=1731182677, nanosec=659720114), frame_id='RL_myo')","geometry_msgs.msg.Quaternion(x=0.8593870792174246, y=0.07727159391258945, z=-0.4133969238309387, w=-0.2908366074198173)",[0. 0. 0. 0. 0. 0. 0. 0. 0.],"geometry_msgs.msg.Vector3(x=7.6875, y=0.5, z=1.5625)",[0. 0. 0. 0. 0. 0. 0. 0. 0.],"geometry_msgs.msg.Vector3(x=0.6044921875, y=0.34033203125, z=0.58984375)",[0. 0. 0. 0. 0. 0. 0. 0. 0.],False
1731182677676109928,"std_msgs.msg.Header(stamp=builtin_interfaces.msg.Time(sec=1731182677, nanosec=675608363), frame_id='RL_myo')","geometry_msgs.msg.Quaternion(x=0.8593104467531749, y=0.07769743580629247, z=-0.4136945953613907, w=-0.2905261543110386)",[0. 0. 0. 0. 0. 0. 0. 0. 0.],"geometry_msgs.msg.Vector3(x=3.1875, y=-0.375, z=0.6875)",[0. 0. 0. 0. 0. 0. 0. 0. 0.],"geometry_msgs.msg.Vector3(x=0.6083984375, y=0.34619140625, z=0.5869140625)",[0. 0. 0. 0. 0. 0. 0. 0. 0.],False
1731182677698630443,"std_msgs.msg.Header(stamp=builtin_interfaces.msg.Time(sec=1731182677, nanosec=698135339), frame_id='RL_myo')","geometry_msgs.msg.Quaternion(x=0.8592334476668714, y=0.07763495847650663, z=-0.41387001055754047, w=-0.29052075656302795)",[0. 0. 0. 0. 0. 0. 0. 0. 0.],"geometry_msgs.msg.Vector3(x=-0.625, y=-1.1875, z=0.3125)",[0. 0. 0. 0. 0. 0. 0. 0. 0.],"geometry_msgs.msg.Vector3(x=0.61181640625, y=0.349609375, z=0.587890625)",[0. 0. 0. 0. 0. 0. 0. 0. 0.],False
1731182677720217177,"std_msgs.msg.Header(stamp=builtin_interfaces.msg.Time(sec=1731182677, nanosec=719732706), frame_id='RL_myo')","geometry_msgs.msg.Quaternion(x=0.8591862564845937, y=0.07745310502798533, z=-0.4139987481519499, w=-0.290525437299614)",[0. 0. 0. 0. 0. 0. 0. 0. 0.],"geometry_msgs.msg.Vector3(x=-1.4375, y=-0.625, z=1.125)",[0. 0. 0. 0. 0. 0. 0. 0. 0.],"geometry_msgs.msg.Vector3(x=0.60791015625, y=0.353515625, z=0.5810546875)",[0. 0. 0. 0. 0. 0. 0. 0. 0.],False
1731182677736934512,"std_msgs.msg.Header(stamp=builtin_interfaces.msg.Time(sec=1731182677, nanosec=736393842), frame_id='RL_myo')","geometry_msgs.msg.Quaternion(x=0.8592937228088948, y=0.07732972134376517, z=-0.4139306788898306, w=-0.29033739892051375)",[0. 0. 0. 0. 0. 0. 0. 0. 0.],"geometry_msgs.msg.Vector3(x=-0.3125, y=0.25, z=1.3125)",[0. 0. 0. 0. 0. 0. 0. 0. 0.],"geometry_msgs.msg.Vector3(x=0.61328125, y=0.34765625, z=0.59716796875)",[0. 0. 0. 0. 0. 0. 0. 0. 0.],False
1731182677759400823,"std_msgs.msg.Header(stamp=builtin_interfaces.msg.Time(sec=1731182677, nanosec=758768941), frame_id='RL_myo')","geometry_msgs.msg.Quaternion(x=0.8592937228088948, y=0.07732972134376517, z=-0.4139306788898306, w=-0.29033739892051375)",[0. 0. 0. 0. 0. 0. 0. 0. 0.],"geometry_msgs.msg.Vector3(x=0.0625, y=0.4375, z=0.75)",[0. 0. 0. 0. 0. 0. 0. 0. 0.],"geometry_msgs.msg.Vector3(x=0.6103515625, y=0.345703125, z=0.59521484375)",[0. 0. 0. 0. 0. 0. 0. 0. 0.],False
1731182677779758491,"std_msgs.msg.Header(stamp=builtin_interfaces.msg.Time(sec=1731182677, nanosec=779133669), frame_id='RL_myo')","geometry_msgs.msg.Quaternion(x=0.8592937228088948, y=0.07732972134376517, z=-0.4139306788898306, w=-0.29033739892051375)",[0. 0. 0. 0. 0. 0. 0. 0. 0.],"geometry_msgs.msg.Vector3(x=-0.375, y=-0.25, z=-0.4375)",[0. 0. 0. 0. 0. 0. 0. 0. 0.],"geometry_msgs.msg.Vector3(x=0.60791015625, y=0.34423828125, z=0.59619140625)",[0. 0. 0. 0. 0. 0. 0. 0. 0.],False
1731182677796637405,"std_msgs.msg.Header(stamp=builtin_interfaces.msg.Time(sec=1731182677, nanosec=796123640), frame_id='RL_myo')","geometry_msgs.msg.Quaternion(x=0.8592859879773022, y=0.07727348066339426, z=-0.4137732428255527, w=-0.29059955879812016)",[0. 0. 0. 0. 0. 0. 0. 0. 0.],"geometry_msgs.msg.Vector3(x=-2.0625, y=0.375, z=-0.5625)",[0. 0. 0. 0. 0. 0. 0. 0. 0.],"geometry_msgs.msg.Vector3(x=0.60498046875, y=0.3515625, z=0.583984375)",[0. 0. 0. 0. 0. 0. 0. 0. 0.],False
1731182677818656420,"std_msgs.msg.Header(stamp=builtin_interfaces.msg.Time(sec=1731182677, nanosec=818131270), frame_id='RL_myo')","geometry_msgs.msg.Quaternion(x=0.859339077710716, y=0.0770286182307638, z=-0.4132811204758334, w=-0.2912072405538622)",[0. 0. 0. 0. 0. 0. 0. 0. 0.],"geometry_msgs.msg.Vector3(x=-4.0, y=1.4375, z=-1.5625)",[0. 0. 0. 0. 0. 0. 0. 0. 0.],"geometry_msgs.msg.Vector3(x=0.59765625, y=0.35498046875, z=0.59033203125)",[0. 0. 0. 0. 0. 0. 0. 0. 0.],False
1731182677847747522,"std_msgs.msg.Header(stamp=builtin_interfaces.msg.Time(sec=1731182677, nanosec=847149750), frame_id='RL_myo')","geometry_msgs.msg.Quaternion(x=0.8594023574517332, y=0.07654052246054499, z=-0.4125497538363824, w=-0.2921845941137391)",[0. 0. 0. 0. 0. 0. 0. 0. 0.],"geometry_msgs.msg.Vector3(x=-6.125, y=1.25, z=-3.3125)",[0. 0. 0. 0. 0. 0. 0. 0. 0.],"geometry_msgs.msg.Vector3(x=0.6005859375, y=0.3505859375, z=0.61279296875)",[0. 0. 0. 0. 0. 0. 0. 0. 0.],False
1731182677857603757,"std_msgs.msg.Header(stamp=builtin_interfaces.msg.Time(sec=1731182677, nanosec=857044702), frame_id='RL_myo')","geometry_msgs.msg.Quaternion(x=0.8594060330580282, y=0.07599151357650888, z=-0.41181906996040596, w=-0.293345553613415)",[0. 0. 0. 0. 0. 0. 0. 0. 0.],"geometry_msgs.msg.Vector3(x=-6.5, y=1.3125, z=-4.375)",[0. 0. 0. 0. 0. 0. 0. 0. 0.],"geometry_msgs.msg.Vector3(x=0.60791015625, y=0.35009765625, z=0.6142578125)",[0. 0. 0. 0. 0. 0. 0. 0. 0.],False
1731182677879479870,"std_msgs.msg.Header(stamp=builtin_interfaces.msg.Time(sec=1731182677, nanosec=878858774), frame_id='RL_myo')","geometry_msgs.msg.Quaternion(x=0.8593685828227823, y=0.07580509800183917, z=-0.41106870776359644, w=-0.29455346453854736)",[0. 0. 0. 0. 0. 0. 0. 0. 0.],"geometry_msgs.msg.Vector3(x=-5.75, y=2.0, z=-4.5)",[0. 0. 0. 0. 0. 0. 0. 0. 0.],"geometry_msgs.msg.Vector3(x=0.59912109375, y=0.36279296875, z=0.60693359375)",[0. 0. 0. 0. 0. 0. 0. 0. 0.],False
1731182677900124742,"std_msgs.msg.Header(stamp=builtin_interfaces.msg.Time(sec=1731182677, nanosec=899648334), frame_id='RL_myo')","geometry_msgs.msg.Quaternion(x=0.8595802296557862, y=0.0754413948629235, z=-0.4099836968400139, w=-0.29553983327368577)",[0. 0. 0. 0. 0. 0. 0. 0. 0.],"geometry_msgs.msg.Vector3(x=-6.8125, y=3.4375, z=-2.8125)",[0. 0. 0. 0. 0. 0. 0. 0. 0.],"geometry_msgs.msg.Vector3(x=0.59033203125, y=0.36474609375, z=0.61181640625)",[0. 0. 0. 0. 0. 0. 0. 0. 0.],False
1731182677923732665,"std_msgs.msg.Header(stamp=builtin_interfaces.msg.Time(sec=1731182677, nanosec=923118209), frame_id='RL_myo')","geometry_msgs.msg.Quaternion(x=0.8599629121585531, y=0.07470508193627175, z=-0.4086197087935779, w=-0.2965010523254969)",[0. 0. 0. 0. 0. 0. 0. 0. 0.],"geometry_msgs.msg.Vector3(x=-8.75, y=4.375, z=-1.5625)",[0. 0. 0. 0. 0. 0. 0. 0. 0.],"geometry_msgs.msg.Vector3(x=0.5830078125, y=0.3583984375, z=0.6123046875)",[0. 0. 0. 0. 0. 0. 0. 0. 0.],False
1731182677945185368,"std_msgs.msg.Header(stamp=builtin_interfaces.msg.Time(sec=1731182677, nanosec=944625832), frame_id='RL_myo')","geometry_msgs.msg.Quaternion(x=0.8604434421860644, y=0.07348896250209418, z=-0.40705804894224756, w=-0.29755705332035637)",[0. 0. 0. 0. 0. 0. 0. 0. 0.],"geometry_msgs.msg.Vector3(x=-11.5, y=4.3125, z=-1.125)",[0. 0. 0. 0. 0. 0. 0. 0. 0.],"geometry_msgs.msg.Vector3(x=0.5849609375, y=0.35009765625, z=0.62646484375)",[0. 0. 0. 0. 0. 0. 0. 0. 0.],False
1731182677961794837,"std_msgs.msg.Header(stamp=builtin_interfaces.msg.Time(sec=1731182677, nanosec=961302147), frame_id='RL_myo')","geometry_msgs.msg.Quaternion(x=0.8609688403818366, y=0.07196102813059586, z=-0.40564291175228173, w=-0.2983422438527164)",[0. 0. 0. 0. 0. 0. 0. 0. 0.],"geometry_msgs.msg.Vector3(x=-10.875, y=4.0, z=-0.1875)",[0. 0. 0. 0. 0. 0. 0. 0. 0.],"geometry_msgs.msg.Vector3(x=0.5869140625, y=0.3251953125, z=0.6201171875)",[0. 0. 0. 0. 0. 0. 0. 0. 0.],False
1731182677975970021,"std_msgs.msg.Header(stamp=builtin_interfaces.msg.Time(sec=1731182677, nanosec=975516198), frame_id='RL_myo')","geometry_msgs.msg.Quaternion(x=0.8614563986704282, y=0.07061818430364783, z=-0.4044828931549474, w=-0.29883027688043196)",[0. 0. 0. 0. 0. 0. 0. 0. 0.],"geometry_msgs.msg.Vector3(x=-9.5, y=3.375, z=0.625)",[0. 0. 0. 0. 0. 0. 0. 0. 0.],"geometry_msgs.msg.Vector3(x=0.58740234375, y=0.32080078125, z=0.6171875)",[0. 0. 0. 0. 0. 0. 0. 0. 0.],False
1731182677999286109,"std_msgs.msg.Header(stamp=builtin_interfaces.msg.Time(sec=1731182677, nanosec=998891417), frame_id='RL_myo')","geometry_msgs.msg.Quaternion(x=0.8620823837943733, y=0.06945976725842515, z=-0.40320845563194774, w=-0.29901880474431003)",[0. 0. 0. 0. 0. 0. 0. 0. 0.],"geometry_msgs.msg.Vector3(x=-8.125, y=4.75, z=2.6875)",[0. 0. 0. 0. 0. 0. 0. 0. 0.],"geometry_msgs.msg.Vector3(x=0.58837890625, y=0.32763671875, z=0.6171875)",[0. 0. 0. 0. 0. 0. 0. 0. 0.],False
1731182678021887103,"std_msgs.msg.Header(stamp=builtin_interfaces.msg.Time(sec=1731182678, nanosec=21260629), frame_id='RL_myo')","geometry_msgs.msg.Quaternion(x=0.8629482703955118, y=0.06836200755714905, z=-0.40180990691849305, w=-0.2986565205152949)",[0. 0. 0. 0. 0. 0. 0. 0. 0.],"geometry_msgs.msg.Vector3(x=-6.125, y=4.75, z=5.3125)",[0. 0. 0. 0. 0. 0. 0. 0. 0.],"geometry_msgs.msg.Vector3(x=0.58349609375, y=0.32568359375, z=0.650390625)",[0. 0. 0. 0. 0. 0. 0. 0. 0.],False
1731182678037233952,"std_msgs.msg.Header(stamp=builtin_interfaces.msg.Time(sec=1731182678, nanosec=36590136), frame_id='RL_myo')","geometry_msgs.msg.Quaternion(x=0.8635349626188058, y=0.06720045192559408, z=-0.40124956490359265, w=-0.2979769357863309)",[0. 0. 0. 0. 0. 0. 0. 0. 0.],"geometry_msgs.msg.Vector3(x=-3.1875, y=0.625, z=5.6875)",[0. 0. 0. 0. 0. 0. 0. 0. 0.],"geometry_msgs.msg.Vector3(x=0.599609375, y=0.298828125, z=0.65625)",[0. 0. 0. 0. 0. 0. 0. 0. 0.],False
1731182678058536636,"std_msgs.msg.Header(stamp=builtin_interfaces.msg.Time(sec=1731182678, nanosec=58078528), frame_id='RL_myo')","geometry_msgs.msg.Quaternion(x=0.8639067325482985, y=0.06689570290186062, z=-0.4013131811858883, w=-0.2968801997396442)",[0. 0. 0. 0. 0. 0. 0. 0. 0.],"geometry_msgs.msg.Vector3(x=2.0, y=-0.5, z=6.25)",[0. 0. 0. 0. 0. 0. 0. 0. 0.],"geometry_msgs.msg.Vector3(x=0.60205078125, y=0.3154296875, z=0.6337890625)",[0. 0. 0. 0. 0. 0. 0. 0. 0.],False
1731182678080833797,"std_msgs.msg.Header(stamp=builtin_interfaces.msg.Time(sec=1731182678, nanosec=80381986), frame_id='RL_myo')","geometry_msgs.msg.Quaternion(x=0.8644319930639074, y=0.06750418585954117, z=-0.40130200906553637, w=-0.2952240027148288)",[0. 0. 0. 0. 0. 0. 0. 0. 0.],"geometry_msgs.msg.Vector3(x=6.3125, y=1.5, z=8.25)",[0. 0. 0. 0. 0. 0. 0. 0. 0.],"geometry_msgs.msg.Vector3(x=0.58837890625, y=0.3330078125, z=0.62548828125)",[0. 0. 0. 0. 0. 0. 0. 0. 0.],False
1731182678095496631,"std_msgs.msg.Header(stamp=builtin_interfaces.msg.Time(sec=1731182678, nanosec=94942618), frame_id='RL_myo')","geometry_msgs.msg.Quaternion(x=0.8650867426147135, y=0.06799115502136241, z=-0.40111119461435707, w=-0.29344836027173293)",[0. 0. 0. 0. 0. 0. 0. 0. 0.],"geometry_msgs.msg.Vector3(x=5.3125, y=2.9375, z=9.875)",[0. 0. 0. 0. 0. 0. 0. 0. 0.],"geometry_msgs.msg.Vector3(x=0.5810546875, y=0.33837890625, z=0.6220703125)",[0. 0. 0. 0. 0. 0. 0. 0. 0.],False
1731182678119196361,"std_msgs.msg.Header(stamp=builtin_interfaces.msg.Time(sec=1731182678, nanosec=118708032), frame_id='RL_myo')","geometry_msgs.msg.Quaternion(x=0.8658507373871271, y=0.06738328028164306, z=-0.40075961805187343, w=-0.2918111078138908)",[0. 0. 0. 0. 0. 0. 0. 0. 0.],"geometry_msgs.msg.Vector3(x=0.25, y=2.8125, z=10.375)",[0. 0. 0. 0. 0. 0. 0. 0. 0.],"geometry_msgs.msg.Vector3(x=0.595703125, y=0.3154296875, z=0.61474609375)",[0. 0. 0. 0. 0. 0. 0. 0. 0.],False
1731182678141119006,"std_msgs.msg.Header(stamp=builtin_interfaces.msg.Time(sec=1731182678, nanosec=140569141), frame_id='RL_myo')","geometry_msgs.msg.Quaternion(x=0.8666642127625959, y=0.06622513351978425, z=-0.4003416136002441, w=-0.2902308846880867)",[0. 0. 0. 0. 0. 0. 0. 0. 0.],"geometry_msgs.msg.Vector3(x=-1.8125, y=3.5625, z=10.0625)",[0. 0. 0. 0. 0. 0. 0. 0. 0.],"geometry_msgs.msg.Vector3(x=0.61572265625, y=0.28857421875, z=0.60888671875)",[0. 0. 0. 0. 0. 0. 0. 0. 0.],False
1731182678162588501,"std_msgs.msg.Header(stamp=builtin_interfaces.msg.Time(sec=1731182678, nanosec=162069726), frame_id='RL_myo')","geometry_msgs.msg.Quaternion(x=0.8673531025486054, y=0.0654894011001797, z=-0.400260477553568, w=-0.2884463276788903)",[0. 0. 0. 0. 0. 0. 0. 0. 0.],"geometry_msgs.msg.Vector3(x=2.1875, y=2.75, z=8.5625)",[0. 0. 0. 0. 0. 0. 0. 0. 0.],"geometry_msgs.msg.Vector3(x=0.63037109375, y=0.2685546875, z=0.6162109375)",[0. 0. 0. 0. 0. 0. 0. 0. 0.],False
1731182678185388933,"std_msgs.msg.Header(stamp=builtin_interfaces.msg.Time(sec=1731182678, nanosec=184797433), frame_id='RL_myo')","geometry_msgs.msg.Quaternion(x=0.8679070699771486, y=0.06536768438435486, z=-0.40026262763081155, w=-0.2867999523082012)",[0. 0. 0. 0. 0. 0. 0. 0. 0.],"geometry_msgs.msg.Vector3(x=4.6875, y=3.6875, z=6.5)",[0. 0. 0. 0. 0. 0. 0. 0. 0.],"geometry_msgs.msg.Vector3(x=0.6357421875, y=0.271484375, z=0.6015625)",[0. 0. 0. 0. 0. 0. 0. 0. 0.],False
1731182678201869561,"std_msgs.msg.Header(stamp=builtin_interfaces.msg.Time(sec=1731182678, nanosec=201355480), frame_id='RL_myo')","geometry_msgs.msg.Quaternion(x=0.8682642898027173, y=0.0657988684996365, z=-0.4001035092904613, w=-0.2858405391315378)",[0. 0. 0. 0. 0. 0. 0. 0. 0.],"geometry_msgs.msg.Vector3(x=4.25, y=4.1875, z=3.0)",[0. 0. 0. 0. 0. 0. 0. 0. 0.],"geometry_msgs.msg.Vector3(x=0.62548828125, y=0.2978515625, z=0.60400390625)",[0. 0. 0. 0. 0. 0. 0. 0. 0.],False
1731182678222772725,"std_msgs.msg.Header(stamp=builtin_interfaces.msg.Time(sec=1731182678, nanosec=222201925), frame_id='RL_myo')","geometry_msgs.msg.Quaternion(x=0.86843928413653, y=0.06622551470959623, z=-0.39991665656891656, w=-0.28547164266984476)",[0. 0. 0. 0. 0. 0. 0. 0. 0.],"geometry_msgs.msg.Vector3(x=3.5, y=1.8125, z=0.375)",[0. 0. 0. 0. 0. 0. 0. 0. 0.],"geometry_msgs.msg.Vector3(x=0.61474609375, y=0.30517578125, z=0.63525390625)",[0. 0. 0. 0. 0. 0. 0. 0. 0.],False
1731182678239366260,"std_msgs.msg.Header(stamp=builtin_interfaces.msg.Time(sec=1731182678, nanosec=238868441), frame_id='RL_myo')","geometry_msgs.msg.Quaternion(x=0.8681469785373973, y=0.06683218092649396, z=-0.4005048139174916, w=-0.2853947744404436)",[0. 0. 0. 0. 0. 0. 0. 0. 0.],"geometry_msgs.msg.Vector3(x=4.5, y=-1.8125, z=-1.8125)",[0. 0. 0. 0. 0. 0. 0. 0. 0.],"geometry_msgs.msg.Vector3(x=0.6337890625, y=0.3232421875, z=0.63232421875)",[0. 0. 0. 0. 0. 0. 0. 0. 0.],False
1731182678261899394,"std_msgs.msg.Header(stamp=builtin_interfaces.msg.Time(sec=1731182678, nanosec=261316257), frame_id='RL_myo')","geometry_msgs.msg.Quaternion(x=0.8675209558228336, y=0.06781226918449083, z=-0.40138027196868736, w=-0.2858369546273362)",[0. 0. 0. 0. 0. 0. 0. 0. 0.],"geometry_msgs.msg.Vector3(x=4.75, y=-3.875, z=-4.8125)",[0. 0. 0. 0. 0. 0. 0. 0. 0.],"geometry_msgs.msg.Vector3(x=0.63818359375, y=0.34375, z=0.6357421875)",[0. 0. 0. 0. 0. 0. 0. 0. 0.],False
1731182678282696457,"std_msgs.msg.Header(stamp=builtin_interfaces.msg.Time(sec=1731182678, nanosec=282218029), frame_id='RL_myo')","geometry_msgs.msg.Quaternion(x=0.8667779457749138, y=0.06903217073948507, z=-0.40247403523975644, w=-0.286260725701313)",[0. 0. 0. 0. 0. 0. 0. 0. 0.],"geometry_msgs.msg.Vector3(x=7.0, y=-5.9375, z=-5.3125)",[0. 0. 0. 0. 0. 0. 0. 0. 0.],"geometry_msgs.msg.Vector3(x=0.61669921875, y=0.3369140625, z=0.638671875)",[0. 0. 0. 0. 0. 0. 0. 0. 0.],False
1731182678299376879,"std_msgs.msg.Header(stamp=builtin_interfaces.msg.Time(sec=1731182678, nanosec=298892172), frame_id='RL_myo')","geometry_msgs.msg.Quaternion(x=0.8658375192214388, y=0.0706781226038648, z=-0.4041714403132925, w=-0.28631353465866133)",[0. 0. 0. 0. 0. 0. 0. 0. 0.],"geometry_msgs.msg.Vector3(x=11.875, y=-9.5, z=-4.625)",[0. 0. 0. 0. 0. 0. 0. 0. 0.],"geometry_msgs.msg.Vector3(x=0.60107421875, y=0.32763671875, z=0.634765625)",[0. 0. 0. 0. 0. 0. 0. 0. 0.],False
1731182678321884092,"std_msgs.msg.Header(stamp=builtin_interfaces.msg.Time(sec=1731182678, nanosec=321384251), frame_id='RL_myo')","geometry_msgs.msg.Quaternion(x=0.8645007534835217, y=0.07287587543485774, z=-0.40667668176085187, w=-0.2862544855858315)",[0. 0. 0. 0. 0. 0. 0. 0. 0.],"geometry_msgs.msg.Vector3(x=14.625, y=-11.8125, z=-4.875)",[0. 0. 0. 0. 0. 0. 0. 0. 0.],"geometry_msgs.msg.Vector3(x=0.5986328125, y=0.3505859375, z=0.60205078125)",[0. 0. 0. 0. 0. 0. 0. 0. 0.],False
1731182678342778388,"std_msgs.msg.Header(stamp=builtin_interfaces.msg.Time(sec=1731182678, nanosec=342247709), frame_id='RL_myo')","geometry_msgs.msg.Quaternion(x=0.8629598301091, y=0.07549906710834972, z=-0.40929405337800584, w=-0.28649363056313143)",[0. 0. 0. 0. 0. 0. 0. 0. 0.],"geometry_msgs.msg.Vector3(x=15.0625, y=-12.5, z=-6.5)",[0. 0. 0. 0. 0. 0. 0. 0. 0.],"geometry_msgs.msg.Vector3(x=0.595703125, y=0.37548828125, z=0.5859375)",[0. 0. 0. 0. 0. 0. 0. 0. 0.],False
1731182678359541622,"std_msgs.msg.Header(stamp=builtin_interfaces.msg.Time(sec=1731182678, nanosec=358918043), frame_id='RL_myo')","geometry_msgs.msg.Quaternion(x=0.8613241927683772, y=0.07818567821260568, z=-0.41192438895930966, w=-0.28692495962330933)",[0. 0. 0. 0. 0. 0. 0. 0. 0.],"geometry_msgs.msg.Vector3(x=13.8125, y=-11.5, z=-7.25)",[0. 0. 0. 0. 0. 0. 0. 0. 0.],"geometry_msgs.msg.Vector3(x=0.59765625, y=0.39306640625, z=0.56005859375)",[0. 0. 0. 0. 0. 0. 0. 0. 0.],False
1731182678381418806,"std_msgs.msg.Header(stamp=builtin_interfaces.msg.Time(sec=1731182678, nanosec=380850603), frame_id='RL_myo')","geometry_msgs.msg.Quaternion(x=0.8598841751466447, y=0.08050732730113745, z=-0.4141335979819694, w=-0.28742153469375004)",[0. 0. 0. 0. 0. 0. 0. 0. 0.],"geometry_msgs.msg.Vector3(x=11.4375, y=-10.25, z=-6.375)",[0. 0. 0. 0. 0. 0. 0. 0. 0.],"geometry_msgs.msg.Vector3(x=0.59375, y=0.39794921875, z=0.5615234375)",[0. 0. 0. 0. 0. 0. 0. 0. 0.],False
1731182678410347727,"std_msgs.msg.Header(stamp=builtin_interfaces.msg.Time(sec=1731182678, nanosec=409736864), frame_id='RL_myo')","geometry_msgs.msg.Quaternion(x=0.8587590835743181, y=0.08209175319171697, z=-0.41607396394641977, w=-0.28753475783359006)",[0. 0. 0. 0. 0. 0. 0. 0. 0.],"geometry_msgs.msg.Vector3(x=8.5625, y=-9.625, z=-2.5)",[0. 0. 0. 0. 0. 0. 0. 0. 0.],"geometry_msgs.msg.Vector3(x=0.59521484375, y=0.396484375, z=0.57080078125)",[0. 0. 0. 0. 0. 0. 0. 0. 0.],False
1731182678420114568,"std_msgs.msg.Header(stamp=builtin_interfaces.msg.Time(sec=1731182678, nanosec=419629272), frame_id='RL_myo')","geometry_msgs.msg.Quaternion(x=0.8579957456053487, y=0.08294915118998854, z=-0.41755345348838235, w=-0.2874227762720059)",[0. 0. 0. 0. 0. 0. 0. 0. 0.],"geometry_msgs.msg.Vector3(x=5.875, y=-8.5, z=-0.375)",[0. 0. 0. 0. 0. 0. 0. 0. 0.],"geometry_msgs.msg.Vector3(x=0.59716796875, y=0.38232421875, z=0.5830078125)",[0. 0. 0. 0. 0. 0. 0. 0. 0.],False
1731182678441902124,"std_msgs.msg.Header(stamp=builtin_interfaces.msg.Time(sec=1731182678, nanosec=441344518), frame_id='RL_myo')","geometry_msgs.msg.Quaternion(x=0.8574736434310739, y=0.08367829490668391, z=-0.41869664701666787, w=-0.28710627224000085)",[0. 0. 0. 0. 0. 0. 0. 0. 0.],"geometry_msgs.msg.Vector3(x=5.9375, y=-7.0625, z=0.6875)",[0. 0. 0. 0. 0. 0. 0. 0. 0.],"geometry_msgs.msg.Vector3(x=0.59423828125, y=0.3671875, z=0.59521484375)",[0. 0. 0. 0. 0. 0. 0. 0. 0.],False
1731182678464799773,"std_msgs.msg.Header(stamp=builtin_interfaces.msg.Time(sec=1731182678, nanosec=464229183), frame_id='RL_myo')","geometry_msgs.msg.Quaternion(x=0.8570398043623677, y=0.08441005906802126, z=-0.4197310023216068, w=-0.2866768238918987)",[0. 0. 0. 0. 0. 0. 0. 0. 0.],"geometry_msgs.msg.Vector3(x=7.3125, y=-6.125, z=0.5625)",[0. 0. 0. 0. 0. 0. 0. 0. 0.],"geometry_msgs.msg.Vector3(x=0.59814453125, y=0.35205078125, z=0.59912109375)",[0. 0. 0. 0. 0. 0. 0. 0. 0.],False
1731182678479185254,"std_msgs.msg.Header(stamp=builtin_interfaces.msg.Time(sec=1731182678, nanosec=478686310), frame_id='RL_myo')","geometry_msgs.msg.Quaternion(x=0.8568481321004391, y=0.08471438189012105, z=-0.4205202386332378, w=-0.2860025890036796)",[0. 0. 0. 0. 0. 0. 0. 0. 0.],"geometry_msgs.msg.Vector3(x=5.3125, y=-5.4375, z=2.6875)",[0. 0. 0. 0. 0. 0. 0. 0. 0.],"geometry_msgs.msg.Vector3(x=0.60107421875, y=0.3466796875, z=0.60498046875)",[0. 0. 0. 0. 0. 0. 0. 0. 0.],False
1731182678501810408,"std_msgs.msg.Header(stamp=builtin_interfaces.msg.Time(sec=1731182678, nanosec=501329296), frame_id='RL_myo')","geometry_msgs.msg.Quaternion(x=0.8569615327608215, y=0.08404815032846519, z=-0.42115630883544647, w=-0.28492139849911075)",[0. 0. 0. 0. 0. 0. 0. 0. 0.],"geometry_msgs.msg.Vector3(x=2.1875, y=-4.3125, z=5.9375)",[0. 0. 0. 0. 0. 0. 0. 0. 0.],"geometry_msgs.msg.Vector3(x=0.61962890625, y=0.32470703125, z=0.60009765625)",[0. 0. 0. 0. 0. 0. 0. 0. 0.],False
1731182678522201841,"std_msgs.msg.Header(stamp=builtin_interfaces.msg.Time(sec=1731182678, nanosec=521623130), frame_id='RL_myo')","geometry_msgs.msg.Quaternion(x=0.8571723809651687, y=0.08306832885884324, z=-0.4215061565754383, w=-0.28405584313670573)",[0. 0. 0. 0. 0. 0. 0. 0. 0.],"geometry_msgs.msg.Vector3(x=1.375, y=-3.125, z=3.875)",[0. 0. 0. 0. 0. 0. 0. 0. 0.],"geometry_msgs.msg.Vector3(x=0.62744140625, y=0.2822265625, z=0.59814453125)",[0. 0. 0. 0. 0. 0. 0. 0. 0.],False
1731182678539309471,"std_msgs.msg.Header(stamp=builtin_interfaces.msg.Time(sec=1731182678, nanosec=538813516), frame_id='RL_myo')","geometry_msgs.msg.Quaternion(x=0.8571763277580494, y=0.08239732572439239, z=-0.4217522375967047, w=-0.2838740458845548)",[0. 0. 0. 0. 0. 0. 0. 0. 0.],"geometry_msgs.msg.Vector3(x=1.0625, y=-2.9375, z=-1.25)",[0. 0. 0. 0. 0. 0. 0. 0. 0.],"geometry_msgs.msg.Vector3(x=0.62939453125, y=0.27783203125, z=0.60205078125)",[0. 0. 0. 0. 0. 0. 0. 0. 0.],False
1731182678575810489,"std_msgs.msg.Header(stamp=builtin_interfaces.msg.Time(sec=1731182678, nanosec=575342263), frame_id='RL_myo')","geometry_msgs.msg.Quaternion(x=0.8569522215819367, y=0.08203303317707429, z=-0.4219452071079721, w=-0.28436897438392045)",[0. 0. 0. 0. 0. 0. 0. 0. 0.],"geometry_msgs.msg.Vector3(x=-0.625, y=-2.5625, z=-3.625)",[0. 0. 0. 0. 0. 0. 0. 0. 0.],"geometry_msgs.msg.Vector3(x=0.62255859375, y=0.3134765625, z=0.58642578125)",[0. 0. 0. 0. 0. 0. 0. 0. 0.],False
1731182678582488505,"std_msgs.msg.Header(stamp=builtin_interfaces.msg.Time(sec=1731182678, nanosec=582062749), frame_id='RL_myo')","geometry_msgs.msg.Quaternion(x=0.8568859864739496, y=0.08136113825555773, z=-0.4218816111195911, w=-0.2848555380635318)",[0. 0. 0. 0. 0. 0. 0. 0. 0.],"geometry_msgs.msg.Vector3(x=-4.5, y=-0.75, z=-1.5)",[0. 0. 0. 0. 0. 0. 0. 0. 0.],"geometry_msgs.msg.Vector3(x=0.634765625, y=0.3447265625, z=0.58251953125)",[0. 0. 0. 0. 0. 0. 0. 0. 0.],False
1731182678598515693,"std_msgs.msg.Header(stamp=builtin_interfaces.msg.Time(sec=1731182678, nanosec=598187186), frame_id='RL_myo')","geometry_msgs.msg.Quaternion(x=0.8570364728996149, y=0.08025943326185683, z=-0.4211331479139256, w=-0.2858212364754947)",[0. 0. 0. 0. 0. 0. 0. 0. 0.],"geometry_msgs.msg.Vector3(x=-8.1875, y=0.3125, z=-2.1875)",[0. 0. 0. 0. 0. 0. 0. 0. 0.],"geometry_msgs.msg.Vector3(x=0.61474609375, y=0.3447265625, z=0.6064453125)",[0. 0. 0. 0. 0. 0. 0. 0. 0.],False
1731182678621881404,"std_msgs.msg.Header(stamp=builtin_interfaces.msg.Time(sec=1731182678, nanosec=621383268), frame_id='RL_myo')","geometry_msgs.msg.Quaternion(x=0.8569937493590385, y=0.07989493753372134, z=-0.420287654589156, w=-0.28729218561591013)",[0. 0. 0. 0. 0. 0. 0. 0. 0.],"geometry_msgs.msg.Vector3(x=-6.625, y=0.25, z=-5.25)",[0. 0. 0. 0. 0. 0. 0. 0. 0.],"geometry_msgs.msg.Vector3(x=0.5908203125, y=0.36181640625, z=0.60302734375)",[0. 0. 0. 0. 0. 0. 0. 0. 0.],False
1731182678642254375,"std_msgs.msg.Header(stamp=builtin_interfaces.msg.Time(sec=1731182678, nanosec=641764329), frame_id='RL_myo')","geometry_msgs.msg.Quaternion(x=0.8568093705281825, y=0.08044413380511074, z=-0.4195546098454713, w=-0.2887565986585576)",[0. 0. 0. 0. 0. 0. 0. 0. 0.],"geometry_msgs.msg.Vector3(x=-3.625, y=0.8125, z=-5.9375)",[0. 0. 0. 0. 0. 0. 0. 0. 0.],"geometry_msgs.msg.Vector3(x=0.57763671875, y=0.39208984375, z=0.60009765625)",[0. 0. 0. 0. 0. 0. 0. 0. 0.],False
1731182678658764373,"std_msgs.msg.Header(stamp=builtin_interfaces.msg.Time(sec=1731182678, nanosec=658218137), frame_id='RL_myo')","geometry_msgs.msg.Quaternion(x=0.8567023690813157, y=0.08123901775771097, z=-0.4191957730728467, w=-0.28937203845928455)",[0. 0. 0. 0. 0. 0. 0. 0. 0.],"geometry_msgs.msg.Vector3(x=-0.0625, y=1.0625, z=-2.5)",[0. 0. 0. 0. 0. 0. 0. 0. 0.],"geometry_msgs.msg.Vector3(x=0.587890625, y=0.39892578125, z=0.5869140625)",[0. 0. 0. 0. 0. 0. 0. 0. 0.],False
1731182678682040058,"std_msgs.msg.Header(stamp=builtin_interfaces.msg.Time(sec=1731182678, nanosec=681452107), frame_id='RL_myo')","geometry_msgs.msg.Quaternion(x=0.8566358886411778, y=0.08221507246167913, z=-0.4194372516382026, w=-0.2889429495423823)",[0. 0. 0. 0. 0. 0. 0. 0. 0.],"geometry_msgs.msg.Vector3(x=3.8125, y=0.625, z=2.5)",[0. 0. 0. 0. 0. 0. 0. 0. 0.],"geometry_msgs.msg.Vector3(x=0.60546875, y=0.400390625, z=0.5751953125)",[0. 0. 0. 0. 0. 0. 0. 0. 0.],False
1731182678703601575,"std_msgs.msg.Header(stamp=builtin_interfaces.msg.Time(sec=1731182678, nanosec=703080704), frame_id='RL_myo')","geometry_msgs.msg.Quaternion(x=0.8566269611944434, y=0.08349595175732089, z=-0.42004323098968005, w=-0.2877192372690136)",[0. 0. 0. 0. 0. 0. 0. 0. 0.],"geometry_msgs.msg.Vector3(x=7.5, y=0.3125, z=5.375)",[0. 0. 0. 0. 0. 0. 0. 0. 0.],"geometry_msgs.msg.Vector3(x=0.623046875, y=0.40771484375, z=0.57177734375)",[0. 0. 0. 0. 0. 0. 0. 0. 0.],False
1731182678719490286,"std_msgs.msg.Header(stamp=builtin_interfaces.msg.Time(sec=1731182678, nanosec=718935104), frame_id='RL_myo')","geometry_msgs.msg.Quaternion(x=0.8565636318611181, y=0.08477746078488621, z=-0.420957629253679, w=-0.2861925943990867)",[0. 0. 0. 0. 0. 0. 0. 0. 0.],"geometry_msgs.msg.Vector3(x=8.9375, y=-0.0625, z=6.375)",[0. 0. 0. 0. 0. 0. 0. 0. 0.],"geometry_msgs.msg.Vector3(x=0.63818359375, y=0.400390625, z=0.55810546875)",[0. 0. 0. 0. 0. 0. 0. 0. 0.],False
1731182678756043553,"std_msgs.msg.Header(stamp=builtin_interfaces.msg.Time(sec=1731182678, nanosec=755640323), frame_id='RL_myo')","geometry_msgs.msg.Quaternion(x=0.8565524606678974, y=0.0858139347084982, z=-0.4218066164796807, w=-0.28466300958779206)",[0. 0. 0. 0. 0. 0. 0. 0. 0.],"geometry_msgs.msg.Vector3(x=7.8125, y=-0.0625, z=6.75)",[0. 0. 0. 0. 0. 0. 0. 0. 0.],"geometry_msgs.msg.Vector3(x=0.634765625, y=0.390625, z=0.5576171875)",[0. 0. 0. 0. 0. 0. 0. 0. 0.],False
1731182678762246119,"std_msgs.msg.Header(stamp=builtin_interfaces.msg.Time(sec=1731182678, nanosec=761739594), frame_id='RL_myo')","geometry_msgs.msg.Quaternion(x=0.8567156494765072, y=0.08618427593764806, z=-0.422376196521618, w=-0.2832117849509115)",[0. 0. 0. 0. 0. 0. 0. 0. 0.],"geometry_msgs.msg.Vector3(x=5.1875, y=0.0, z=7.1875)",[0. 0. 0. 0. 0. 0. 0. 0. 0.],"geometry_msgs.msg.Vector3(x=0.63037109375, y=0.37255859375, z=0.5625)",[0. 0. 0. 0. 0. 0. 0. 0. 0.],False
1731182678801876833,"std_msgs.msg.Header(stamp=builtin_interfaces.msg.Time(sec=1731182678, nanosec=801232220), frame_id='RL_myo')","geometry_msgs.msg.Quaternion(x=0.857059045237747, y=0.08575473284140682, z=-0.4226701245030194, w=-0.2818614635313998)",[0. 0. 0. 0. 0. 0. 0. 0. 0.],"geometry_msgs.msg.Vector3(x=1.8125, y=-0.125, z=7.5625)",[0. 0. 0. 0. 0. 0. 0. 0. 0.],"geometry_msgs.msg.Vector3(x=0.630859375, y=0.345703125, z=0.57470703125)",[0. 0. 0. 0. 0. 0. 0. 0. 0.],False
1731182678803875731,"std_msgs.msg.Header(stamp=builtin_interfaces.msg.Time(sec=1731182678, nanosec=803437644), frame_id='RL_myo')","geometry_msgs.msg.Quaternion(x=0.8575100077076617, y=0.0849636223737679, z=-0.42268181389248755, w=-0.28070955409264264)",[0. 0. 0. 0. 0. 0. 0. 0. 0.],"geometry_msgs.msg.Vector3(x=-0.375, y=0.375, z=6.9375)",[0. 0. 0. 0. 0. 0. 0. 0. 0.],"geometry_msgs.msg.Vector3(x=0.62890625, y=0.32666015625, z=0.5810546875)",[0. 0. 0. 0. 0. 0. 0. 0. 0.],False
1731182678822612480,"std_msgs.msg.Header(stamp=builtin_interfaces.msg.Time(sec=1731182678, nanosec=822115482), frame_id='RL_myo')","geometry_msgs.msg.Quaternion(x=0.8579433802296313, y=0.08398762743283812, z=-0.4225627505214668, w=-0.279857028909566)",[0. 0. 0. 0. 0. 0. 0. 0. 0.],"geometry_msgs.msg.Vector3(x=-1.25, y=0.25, z=5.25)",[0. 0. 0. 0. 0. 0. 0. 0. 0.],"geometry_msgs.msg.Vector3(x=0.6240234375, y=0.3125, z=0.583984375)",[0. 0. 0. 0. 0. 0. 0. 0. 0.],False
1731182678839182798,"std_msgs.msg.Header(stamp=builtin_interfaces.msg.Time(sec=1731182678, nanosec=838697561), frame_id='RL_myo')","geometry_msgs.msg.Quaternion(x=0.858270106886549, y=0.08312927645992602, z=-0.4223602005159237, w=-0.27941690721992757)",[0. 0. 0. 0. 0. 0. 0. 0. 0.],"geometry_msgs.msg.Vector3(x=-2.1875, y=0.5625, z=2.875)",[0. 0. 0. 0. 0. 0. 0. 0. 0.],"geometry_msgs.msg.Vector3(x=0.62744140625, y=0.3134765625, z=0.5810546875)",[0. 0. 0. 0. 0. 0. 0. 0. 0.],False
1731182678867841966,"std_msgs.msg.Header(stamp=builtin_interfaces.msg.Time(sec=1731182678, nanosec=867270043), frame_id='RL_myo')","geometry_msgs.msg.Quaternion(x=0.8583881951831794, y=0.08233544335197021, z=-0.4222361728012824, w=-0.27947664574401154)",[0. 0. 0. 0. 0. 0. 0. 0. 0.],"geometry_msgs.msg.Vector3(x=-2.75, y=0.0, z=0.375)",[0. 0. 0. 0. 0. 0. 0. 0. 0.],"geometry_msgs.msg.Vector3(x=0.63623046875, y=0.31982421875, z=0.58740234375)",[0. 0. 0. 0. 0. 0. 0. 0. 0.],False
1731182678899942626,"std_msgs.msg.Header(stamp=builtin_interfaces.msg.Time(sec=1731182678, nanosec=899549600), frame_id='RL_myo')","geometry_msgs.msg.Quaternion(x=0.8583242686839381, y=0.08166378948297726, z=-0.4221737158847187, w=-0.27996397784635024)",[0. 0. 0. 0. 0. 0. 0. 0. 0.],"geometry_msgs.msg.Vector3(x=-3.875, y=-0.875, z=-1.9375)",[0. 0. 0. 0. 0. 0. 0. 0. 0.],"geometry_msgs.msg.Vector3(x=0.63720703125, y=0.33154296875, z=0.58447265625)",[0. 0. 0. 0. 0. 0. 0. 0. 0.],False
1731182678904844927,"std_msgs.msg.Header(stamp=builtin_interfaces.msg.Time(sec=1731182678, nanosec=904269879), frame_id='RL_myo')","geometry_msgs.msg.Quaternion(x=0.8580459810847406, y=0.0812390952357227, z=-0.4222479795948382, w=-0.2808272555819385)",[0. 0. 0. 0. 0. 0. 0. 0. 0.],"geometry_msgs.msg.Vector3(x=-4.0625, y=-1.4375, z=-4.0)",[0. 0. 0. 0. 0. 0. 0. 0. 0.],"geometry_msgs.msg.Vector3(x=0.63916015625, y=0.3505859375, z=0.57568359375)",[0. 0. 0. 0. 0. 0. 0. 0. 0.],False
1731182678934800275,"std_msgs.msg.Header(stamp=builtin_interfaces.msg.Time(sec=1731182678, nanosec=934361256), frame_id='RL_myo')","geometry_msgs.msg.Quaternion(x=0.8575284678938492, y=0.0814194289089249, z=-0.4225387603721792, w=-0.2819162984485188)",[0. 0. 0. 0. 0. 0. 0. 0. 0.],"geometry_msgs.msg.Vector3(x=-2.375, y=-1.8125, z=-5.875)",[0. 0. 0. 0. 0. 0. 0. 0. 0.],"geometry_msgs.msg.Vector3(x=0.640625, y=0.37255859375, z=0.57177734375)",[0. 0. 0. 0. 0. 0. 0. 0. 0.],False
1731182678943503763,"std_msgs.msg.Header(stamp=builtin_interfaces.msg.Time(sec=1731182678, nanosec=943055438), frame_id='RL_myo')","geometry_msgs.msg.Quaternion(x=0.8568941284213226, y=0.08203331495108325, z=-0.422923243523851, w=-0.2830881806124435)",[0. 0. 0. 0. 0. 0. 0. 0. 0.],"geometry_msgs.msg.Vector3(x=-1.0625, y=-2.25, z=-6.5625)",[0. 0. 0. 0. 0. 0. 0. 0. 0.],"geometry_msgs.msg.Vector3(x=0.63134765625, y=0.38427734375, z=0.568359375)",[0. 0. 0. 0. 0. 0. 0. 0. 0.],False
1731182678959475738,"std_msgs.msg.Header(stamp=builtin_interfaces.msg.Time(sec=1731182678, nanosec=958928931), frame_id='RL_myo')","geometry_msgs.msg.Quaternion(x=0.856268658525817, y=0.08282533107274458, z=-0.4233430333976097, w=-0.28412079303141197)",[0. 0. 0. 0. 0. 0. 0. 0. 0.],"geometry_msgs.msg.Vector3(x=0.0625, y=-2.4375, z=-5.4375)",[0. 0. 0. 0. 0. 0. 0. 0. 0.],"geometry_msgs.msg.Vector3(x=0.623046875, y=0.3984375, z=0.5673828125)",[0. 0. 0. 0. 0. 0. 0. 0. 0.],False
1731182678981229960,"std_msgs.msg.Header(stamp=builtin_interfaces.msg.Time(sec=1731182678, nanosec=980730220), frame_id='RL_myo')","geometry_msgs.msg.Quaternion(x=0.8557734443927044, y=0.08337397653808104, z=-0.4238278865888981, w=-0.2847288437409576)",[0. 0. 0. 0. 0. 0. 0. 0. 0.],"geometry_msgs.msg.Vector3(x=0.875, y=-3.125, z=-3.375)",[0. 0. 0. 0. 0. 0. 0. 0. 0.],"geometry_msgs.msg.Vector3(x=0.6162109375, y=0.38525390625, z=0.572265625)",[0. 0. 0. 0. 0. 0. 0. 0. 0.],False
1731182679004508896,"std_msgs.msg.Header(stamp=builtin_interfaces.msg.Time(sec=1731182679, nanosec=3968871), frame_id='RL_myo')","geometry_msgs.msg.Quaternion(x=0.8552808429874017, y=0.08398390351464102, z=-0.4244971285932619, w=-0.2850325795155331)",[0. 0. 0. 0. 0. 0. 0. 0. 0.],"geometry_msgs.msg.Vector3(x=2.1875, y=-3.5625, z=-2.0)",[0. 0. 0. 0. 0. 0. 0. 0. 0.],"geometry_msgs.msg.Vector3(x=0.6162109375, y=0.38134765625, z=0.57177734375)",[0. 0. 0. 0. 0. 0. 0. 0. 0.],False
1731182679026948179,"std_msgs.msg.Header(stamp=builtin_interfaces.msg.Time(sec=1731182679, nanosec=26397334), frame_id='RL_myo')","geometry_msgs.msg.Quaternion(x=0.8549078697358035, y=0.08471565097403407, z=-0.42510411313699376, w=-0.28503032424260744)",[0. 0. 0. 0. 0. 0. 0. 0. 0.],"geometry_msgs.msg.Vector3(x=3.9375, y=-3.375, z=-0.875)",[0. 0. 0. 0. 0. 0. 0. 0. 0.],"geometry_msgs.msg.Vector3(x=0.61181640625, y=0.3779296875, z=0.57568359375)",[0. 0. 0. 0. 0. 0. 0. 0. 0.],False
1731182679041164093,"std_msgs.msg.Header(stamp=builtin_interfaces.msg.Time(sec=1731182679, nanosec=40686480), frame_id='RL_myo')","geometry_msgs.msg.Quaternion(x=0.8546025595977423, y=0.08544804909561772, z=-0.42577542177930655, w=-0.2847251064507548)",[0. 0. 0. 0. 0. 0. 0. 0. 0.],"geometry_msgs.msg.Vector3(x=4.625, y=-3.4375, z=0.625)",[0. 0. 0. 0. 0. 0. 0. 0. 0.],"geometry_msgs.msg.Vector3(x=0.607421875, y=0.37255859375, z=0.57177734375)",[0. 0. 0. 0. 0. 0. 0. 0. 0.],False
1731182679064412022,"std_msgs.msg.Header(stamp=builtin_interfaces.msg.Time(sec=1731182679, nanosec=63877403), frame_id='RL_myo')","geometry_msgs.msg.Quaternion(x=0.8544331719670011, y=0.08587666783038578, z=-0.42627053882545435, w=-0.2843634651185269)",[0. 0. 0. 0. 0. 0. 0. 0. 0.],"geometry_msgs.msg.Vector3(x=3.625, y=-3.1875, z=1.5625)",[0. 0. 0. 0. 0. 0. 0. 0. 0.],"geometry_msgs.msg.Vector3(x=0.6123046875, y=0.3681640625, z=0.5830078125)",[0. 0. 0. 0. 0. 0. 0. 0. 0.],False
1731182679078218316,"std_msgs.msg.Header(stamp=builtin_interfaces.msg.Time(sec=1731182679, nanosec=77632520), frame_id='RL_myo')","geometry_msgs.msg.Quaternion(x=0.8543809738457872, y=0.08606066388930989, z=-0.4265801276045297, w=-0.28400019083472267)",[0. 0. 0. 0. 0. 0. 0. 0. 0.],"geometry_msgs.msg.Vector3(x=2.9375, y=-2.5, z=1.8125)",[0. 0. 0. 0. 0. 0. 0. 0. 0.],"geometry_msgs.msg.Vector3(x=0.61474609375, y=0.35595703125, z=0.58935546875)",[0. 0. 0. 0. 0. 0. 0. 0. 0.],False
1731182679101823327,"std_msgs.msg.Header(stamp=builtin_interfaces.msg.Time(sec=1731182679, nanosec=101326455), frame_id='RL_myo')","geometry_msgs.msg.Quaternion(x=0.8543553240255748, y=0.08630221661467086, z=-0.4268724915155644, w=-0.28356442601963283)",[0. 0. 0. 0. 0. 0. 0. 0. 0.],"geometry_msgs.msg.Vector3(x=3.4375, y=-1.9375, z=1.3125)",[0. 0. 0. 0. 0. 0. 0. 0. 0.],"geometry_msgs.msg.Vector3(x=0.6162109375, y=0.35205078125, z=0.5849609375)",[0. 0. 0. 0. 0. 0. 0. 0. 0.],False
1731182679139320709,"std_msgs.msg.Header(stamp=builtin_interfaces.msg.Time(sec=1731182679, nanosec=138719713), frame_id='RL_myo')","geometry_msgs.msg.Quaternion(x=0.8543131398105624, y=0.08654826264566533, z=-0.427065016736051, w=-0.2833265410445546)",[0. 0. 0. 0. 0. 0. 0. 0. 0.],"geometry_msgs.msg.Vector3(x=2.5, y=-1.5625, z=0.625)",[0. 0. 0. 0. 0. 0. 0. 0. 0.],"geometry_msgs.msg.Vector3(x=0.61767578125, y=0.35595703125, z=0.580078125)",[0. 0. 0. 0. 0. 0. 0. 0. 0.],False
1731182679141727146,"std_msgs.msg.Header(stamp=builtin_interfaces.msg.Time(sec=1731182679, nanosec=141117472), frame_id='RL_myo')","geometry_msgs.msg.Quaternion(x=0.8543131398105624, y=0.08654826264566533, z=-0.427065016736051, w=-0.2833265410445546)",[0. 0. 0. 0. 0. 0. 0. 0. 0.],"geometry_msgs.msg.Vector3(x=0.875, y=-0.5, z=0.75)",[0. 0. 0. 0. 0. 0. 0. 0. 0.],"geometry_msgs.msg.Vector3(x=0.61767578125, y=0.3623046875, z=0.58740234375)",[0. 0. 0. 0. 0. 0. 0. 0. 0.],False
1731182679161860883,"std_msgs.msg.Header(stamp=builtin_interfaces.msg.Time(sec=1731182679, nanosec=161358786), frame_id='RL_myo')","geometry_msgs.msg.Quaternion(x=0.8544901995788927, y=0.08642558018597943, z=-0.4268178546896569, w=-0.2832024661461473)",[0. 0. 0. 0. 0. 0. 0. 0. 0.],"geometry_msgs.msg.Vector3(x=-0.375, y=-0.25, z=1.4375)",[0. 0. 0. 0. 0. 0. 0. 0. 0.],"geometry_msgs.msg.Vector3(x=0.6162109375, y=0.359375, z=0.59033203125)",[0. 0. 0. 0. 0. 0. 0. 0. 0.],False
1731182679184341800,"std_msgs.msg.Header(stamp=builtin_interfaces.msg.Time(sec=1731182679, nanosec=183891158), frame_id='RL_myo')","geometry_msgs.msg.Quaternion(x=0.8546209531832664, y=0.08630438707335657, z=-0.42670012024740855, w=-0.2830222368169409)",[0. 0. 0. 0. 0. 0. 0. 0. 0.],"geometry_msgs.msg.Vector3(x=-0.125, y=-0.25, z=1.6875)",[0. 0. 0. 0. 0. 0. 0. 0. 0.],"geometry_msgs.msg.Vector3(x=0.61328125, y=0.35986328125, z=0.58203125)",[0. 0. 0. 0. 0. 0. 0. 0. 0.],False
1731182679197967957,"std_msgs.msg.Header(stamp=builtin_interfaces.msg.Time(sec=1731182679, nanosec=197462293), frame_id='RL_myo')","geometry_msgs.msg.Quaternion(x=0.8546741754172763, y=0.08630359808898298, z=-0.4267572544824392, w=-0.28277550915576954)",[0. 0. 0. 0. 0. 0. 0. 0. 0.],"geometry_msgs.msg.Vector3(x=0.625, y=-0.125, z=1.6875)",[0. 0. 0. 0. 0. 0. 0. 0. 0.],"geometry_msgs.msg.Vector3(x=0.62744140625, y=0.36181640625, z=0.576171875)",[0. 0. 0. 0. 0. 0. 0. 0. 0.],False
1731182679227666543,"std_msgs.msg.Header(stamp=builtin_interfaces.msg.Time(sec=1731182679, nanosec=227197269), frame_id='RL_myo')","geometry_msgs.msg.Quaternion(x=0.8546435778875476, y=0.08648978359281924, z=-0.42701660269256414, w=-0.2824193568694246)",[0. 0. 0. 0. 0. 0. 0. 0. 0.],"geometry_msgs.msg.Vector3(x=2.125, y=-0.6875, z=1.4375)",[0. 0. 0. 0. 0. 0. 0. 0. 0.],"geometry_msgs.msg.Vector3(x=0.6279296875, y=0.3603515625, z=0.5703125)",[0. 0. 0. 0. 0. 0. 0. 0. 0.],False
1731182679245132584,"std_msgs.msg.Header(stamp=builtin_interfaces.msg.Time(sec=1731182679, nanosec=244554513), frame_id='RL_myo')","geometry_msgs.msg.Quaternion(x=0.8545764517107101, y=0.08685538824257842, z=-0.42744081789372923, w=-0.2818680132847696)",[0. 0. 0. 0. 0. 0. 0. 0. 0.],"geometry_msgs.msg.Vector3(x=3.3125, y=-0.75, z=1.6875)",[0. 0. 0. 0. 0. 0. 0. 0. 0.],"geometry_msgs.msg.Vector3(x=0.6337890625, y=0.3642578125, z=0.564453125)",[0. 0. 0. 0. 0. 0. 0. 0. 0.],False
1731182679258168647,"std_msgs.msg.Header(stamp=builtin_interfaces.msg.Time(sec=1731182679, nanosec=257572217), frame_id='RL_myo')","geometry_msgs.msg.Quaternion(x=0.85455666717953, y=0.08709751903901074, z=-0.4277971345090584, w=-0.28131216906152806)",[0. 0. 0. 0. 0. 0. 0. 0. 0.],"geometry_msgs.msg.Vector3(x=2.5625, y=-0.5625, z=2.375)",[0. 0. 0. 0. 0. 0. 0. 0. 0.],"geometry_msgs.msg.Vector3(x=0.6328125, y=0.36669921875, z=0.5634765625)",[0. 0. 0. 0. 0. 0. 0. 0. 0.],False
1731182679281956953,"std_msgs.msg.Header(stamp=builtin_interfaces.msg.Time(sec=1731182679, nanosec=281328591), frame_id='RL_myo')","geometry_msgs.msg.Quaternion(x=0.8545776933636084, y=0.08709966205484389, z=-0.4279907710781818, w=-0.2809528692631019)",[0. 0. 0. 0. 0. 0. 0. 0. 0.],"geometry_msgs.msg.Vector3(x=0.875, y=-0.8125, z=2.4375)",[0. 0. 0. 0. 0. 0. 0. 0. 0.],"geometry_msgs.msg.Vector3(x=0.63037109375, y=0.3662109375, z=0.56982421875)",[0. 0. 0. 0. 0. 0. 0. 0. 0.],False
1731182679304517336,"std_msgs.msg.Header(stamp=builtin_interfaces.msg.Time(sec=1731182679, nanosec=303965949), frame_id='RL_myo')","geometry_msgs.msg.Quaternion(x=0.8545948395803423, y=0.08697312143993628, z=-0.42815189256221264, w=-0.2806943056156259)",[0. 0. 0. 0. 0. 0. 0. 0. 0.],"geometry_msgs.msg.Vector3(x=0.0, y=-0.625, z=2.0)",[0. 0. 0. 0. 0. 0. 0. 0. 0.],"geometry_msgs.msg.Vector3(x=0.6328125, y=0.369140625, z=0.57177734375)",[0. 0. 0. 0. 0. 0. 0. 0. 0.],False
1731182679317933982,"std_msgs.msg.Header(stamp=builtin_interfaces.msg.Time(sec=1731182679, nanosec=317492963), frame_id='RL_myo')","geometry_msgs.msg.Quaternion(x=0.854625482119333, y=0.0868541680514077, z=-0.42822828042774175, w=-0.28052126237826414)",[0. 0. 0. 0. 0. 0. 0. 0. 0.],"geometry_msgs.msg.Vector3(x=-0.9375, y=-0.375, z=1.875)",[0. 0. 0. 0. 0. 0. 0. 0. 0.],"geometry_msgs.msg.Vector3(x=0.62744140625, y=0.37353515625, z=0.56884765625)",[0. 0. 0. 0. 0. 0. 0. 0. 0.],False
1731182679348542614,"std_msgs.msg.Header(stamp=builtin_interfaces.msg.Time(sec=1731182679, nanosec=348212911), frame_id='RL_myo')","geometry_msgs.msg.Quaternion(x=0.8546802503653211, y=0.0867314600992017, z=-0.42822514008163204, w=-0.2803971341982636)",[0. 0. 0. 0. 0. 0. 0. 0. 0.],"geometry_msgs.msg.Vector3(x=-0.5, y=-0.5625, z=1.625)",[0. 0. 0. 0. 0. 0. 0. 0. 0.],"geometry_msgs.msg.Vector3(x=0.62841796875, y=0.36767578125, z=0.57421875)",[0. 0. 0. 0. 0. 0. 0. 0. 0.],False
1731182679363753258,"std_msgs.msg.Header(stamp=builtin_interfaces.msg.Time(sec=1731182679, nanosec=363216557), frame_id='RL_myo')","geometry_msgs.msg.Quaternion(x=0.8546616104287257, y=0.08666853437183393, z=-0.428398903349227, w=-0.280207916409218)",[0. 0. 0. 0. 0. 0. 0. 0. 0.],"geometry_msgs.msg.Vector3(x=0.125, y=-1.125, z=1.125)",[0. 0. 0. 0. 0. 0. 0. 0. 0.],"geometry_msgs.msg.Vector3(x=0.62841796875, y=0.35986328125, z=0.57275390625)",[0. 0. 0. 0. 0. 0. 0. 0. 0.],False
1731182679384833883,"std_msgs.msg.Header(stamp=builtin_interfaces.msg.Time(sec=1731182679, nanosec=384450375), frame_id='RL_myo')","geometry_msgs.msg.Quaternion(x=0.8546616104287257, y=0.08666853437183393, z=-0.428398903349227, w=-0.280207916409218)",[0. 0. 0. 0. 0. 0. 0. 0. 0.],"geometry_msgs.msg.Vector3(x=0.4375, y=-0.9375, z=0.75)",[0. 0. 0. 0. 0. 0. 0. 0. 0.],"geometry_msgs.msg.Vector3(x=0.62548828125, y=0.359375, z=0.5703125)",[0. 0. 0. 0. 0. 0. 0. 0. 0.],False
1731182679424220386,"std_msgs.msg.Header(stamp=builtin_interfaces.msg.Time(sec=1731182679, nanosec=423634870), frame_id='RL_myo')","geometry_msgs.msg.Quaternion(x=0.8546451571628156, y=0.08667305550429925, z=-0.42842125111596935, w=-0.28022253367622385)",[0. 0. 0. 0. 0. 0. 0. 0. 0.],"geometry_msgs.msg.Vector3(x=0.1875, y=-1.0, z=0.625)",[0. 0. 0. 0. 0. 0. 0. 0. 0.],"geometry_msgs.msg.Vector3(x=0.63134765625, y=0.36572265625, z=0.56591796875)",[0. 0. 0. 0. 0. 0. 0. 0. 0.],False
1731182679426442307,"std_msgs.msg.Header(stamp=builtin_interfaces.msg.Time(sec=1731182679, nanosec=425927741), frame_id='RL_myo')","geometry_msgs.msg.Quaternion(x=0.8545204591815936, y=0.0866117522556201, z=-0.42860304745522504, w=-0.28034374778721854)",[0. 0. 0. 0. 0. 0. 0. 0. 0.],"geometry_msgs.msg.Vector3(x=-0.5625, y=-1.25, z=-0.5)",[0. 0. 0. 0. 0. 0. 0. 0. 0.],"geometry_msgs.msg.Vector3(x=0.6357421875, y=0.36279296875, z=0.56689453125)",[0. 0. 0. 0. 0. 0. 0. 0. 0.],False
1731182679445143541,"std_msgs.msg.Header(stamp=builtin_interfaces.msg.Time(sec=1731182679, nanosec=444697581), frame_id='RL_myo')","geometry_msgs.msg.Quaternion(x=0.8543720443653178, y=0.08667011737382135, z=-0.42877293982471476, w=-0.28051821088034007)",[0. 0. 0. 0. 0. 0. 0. 0. 0.],"geometry_msgs.msg.Vector3(x=-0.125, y=-1.125, z=-1.0)",[0. 0. 0. 0. 0. 0. 0. 0. 0.],"geometry_msgs.msg.Vector3(x=0.6357421875, y=0.36572265625, z=0.57080078125)",[0. 0. 0. 0. 0. 0. 0. 0. 0.],False
1731182679461108502,"std_msgs.msg.Header(stamp=builtin_interfaces.msg.Time(sec=1731182679, nanosec=460647434), frame_id='RL_myo')","geometry_msgs.msg.Quaternion(x=0.854129040717116, y=0.08685333892671546, z=-0.429139723115767, w=-0.2806406552249035)",[0. 0. 0. 0. 0. 0. 0. 0. 0.],"geometry_msgs.msg.Vector3(x=1.0, y=-1.5625, z=-1.1875)",[0. 0. 0. 0. 0. 0. 0. 0. 0.],"geometry_msgs.msg.Vector3(x=0.6318359375, y=0.3642578125, z=0.5595703125)",[0. 0. 0. 0. 0. 0. 0. 0. 0.],False
1731182679484165040,"std_msgs.msg.Header(stamp=builtin_interfaces.msg.Time(sec=1731182679, nanosec=483719598), frame_id='RL_myo')","geometry_msgs.msg.Quaternion(x=0.8538209804925713, y=0.08728029180816191, z=-0.4296265552710851, w=-0.2807007426753403)",[0. 0. 0. 0. 0. 0. 0. 0. 0.],"geometry_msgs.msg.Vector3(x=2.25, y=-1.9375, z=-1.125)",[0. 0. 0. 0. 0. 0. 0. 0. 0.],"geometry_msgs.msg.Vector3(x=0.63818359375, y=0.36865234375, z=0.5615234375)",[0. 0. 0. 0. 0. 0. 0. 0. 0.],False
1731182679506706766,"std_msgs.msg.Header(stamp=builtin_interfaces.msg.Time(sec=1731182679, nanosec=506360464), frame_id='RL_myo')","geometry_msgs.msg.Quaternion(x=0.8535046969470991, y=0.087706396561283, z=-0.43017027346132397, w=-0.2806970896209746)",[0. 0. 0. 0. 0. 0. 0. 0. 0.],"geometry_msgs.msg.Vector3(x=2.375, y=-2.25, z=-1.0625)",[0. 0. 0. 0. 0. 0. 0. 0. 0.],"geometry_msgs.msg.Vector3(x=0.6376953125, y=0.37255859375, z=0.5595703125)",[0. 0. 0. 0. 0. 0. 0. 0. 0.],False
1731182679521073233,"std_msgs.msg.Header(stamp=builtin_interfaces.msg.Time(sec=1731182679, nanosec=520668717), frame_id='RL_myo')","geometry_msgs.msg.Quaternion(x=0.8531699461645325, y=0.08825895994805508, z=-0.43067442696644304, w=-0.28076847563005075)",[0. 0. 0. 0. 0. 0. 0. 0. 0.],"geometry_msgs.msg.Vector3(x=2.6875, y=-2.125, z=-1.1875)",[0. 0. 0. 0. 0. 0. 0. 0. 0.],"geometry_msgs.msg.Vector3(x=0.63720703125, y=0.37646484375, z=0.56201171875)",[0. 0. 0. 0. 0. 0. 0. 0. 0.],False
1731182679544369214,"std_msgs.msg.Header(stamp=builtin_interfaces.msg.Time(sec=1731182679, nanosec=543872835), frame_id='RL_myo')","geometry_msgs.msg.Quaternion(x=0.8528682978312748, y=0.08868658389385546, z=-0.43110347009105376, w=-0.28089171306230065)",[0. 0. 0. 0. 0. 0. 0. 0. 0.],"geometry_msgs.msg.Vector3(x=1.9375, y=-2.125, z=-1.4375)",[0. 0. 0. 0. 0. 0. 0. 0. 0.],"geometry_msgs.msg.Vector3(x=0.6328125, y=0.37890625, z=0.56689453125)",[0. 0. 0. 0. 0. 0. 0. 0. 0.],False
1731182679565202302,"std_msgs.msg.Header(stamp=builtin_interfaces.msg.Time(sec=1731182679, nanosec=564668385), frame_id='RL_myo')","geometry_msgs.msg.Quaternion(x=0.8525740732139891, y=0.08911498760684594, z=-0.4314752379402698, w=-0.2810784369380312)",[0. 0. 0. 0. 0. 0. 0. 0. 0.],"geometry_msgs.msg.Vector3(x=1.375, y=-2.0625, z=-1.4375)",[0. 0. 0. 0. 0. 0. 0. 0. 0.],"geometry_msgs.msg.Vector3(x=0.62890625, y=0.3818359375, z=0.56103515625)",[0. 0. 0. 0. 0. 0. 0. 0. 0.],False
1731182679581990146,"std_msgs.msg.Header(stamp=builtin_interfaces.msg.Time(sec=1731182679, nanosec=581330187), frame_id='RL_myo')","geometry_msgs.msg.Quaternion(x=0.8524183528928301, y=0.08953871714834467, z=-0.4317023492776018, w=-0.2810673431957241)",[0. 0. 0. 0. 0. 0. 0. 0. 0.],"geometry_msgs.msg.Vector3(x=2.4375, y=-1.625, z=-0.5625)",[0. 0. 0. 0. 0. 0. 0. 0. 0.],"geometry_msgs.msg.Vector3(x=0.6220703125, y=0.37255859375, z=0.56884765625)",[0. 0. 0. 0. 0. 0. 0. 0. 0.],False
1731182679604522990,"std_msgs.msg.Header(stamp=builtin_interfaces.msg.Time(sec=1731182679, nanosec=603985682), frame_id='RL_myo')","geometry_msgs.msg.Quaternion(x=0.8522174702059703, y=0.09002512128867765, z=-0.43212058218565275, w=-0.2808783784206743)",[0. 0. 0. 0. 0. 0. 0. 0. 0.],"geometry_msgs.msg.Vector3(x=3.5, y=-1.9375, z=0.0)",[0. 0. 0. 0. 0. 0. 0. 0. 0.],"geometry_msgs.msg.Vector3(x=0.6220703125, y=0.36669921875, z=0.56201171875)",[0. 0. 0. 0. 0. 0. 0. 0. 0.],False
1731182679625191109,"std_msgs.msg.Header(stamp=builtin_interfaces.msg.Time(sec=1731182679, nanosec=624708804), frame_id='RL_myo')","geometry_msgs.msg.Quaternion(x=0.8520093393107009, y=0.0905782548561559, z=-0.43256609984203287, w=-0.28064610231038056)",[0. 0. 0. 0. 0. 0. 0. 0. 0.],"geometry_msgs.msg.Vector3(x=4.4375, y=-2.0625, z=-0.375)",[0. 0. 0. 0. 0. 0. 0. 0. 0.],"geometry_msgs.msg.Vector3(x=0.6279296875, y=0.3642578125, z=0.56591796875)",[0. 0. 0. 0. 0. 0. 0. 0. 0.],False
1731182679641378812,"std_msgs.msg.Header(stamp=builtin_interfaces.msg.Time(sec=1731182679, nanosec=640808566), frame_id='RL_myo')","geometry_msgs.msg.Quaternion(x=0.8517731278150662, y=0.0913115441928584, z=-0.4328753151174811, w=-0.28064871671040303)",[0. 0. 0. 0. 0. 0. 0. 0. 0.],"geometry_msgs.msg.Vector3(x=4.25, y=-1.5, z=-1.75)",[0. 0. 0. 0. 0. 0. 0. 0. 0.],"geometry_msgs.msg.Vector3(x=0.63232421875, y=0.3701171875, z=0.5693359375)",[0. 0. 0. 0. 0. 0. 0. 0. 0.],False
1731182679664383166,"std_msgs.msg.Header(stamp=builtin_interfaces.msg.Time(sec=1731182679, nanosec=663873800), frame_id='RL_myo')","geometry_msgs.msg.Quaternion(x=0.8515227122988015, y=0.09186020228010151, z=-0.43305523932047857, w=-0.2809518346148221)",[0. 0. 0. 0. 0. 0. 0. 0. 0.],"geometry_msgs.msg.Vector3(x=1.6875, y=-1.125, z=-2.375)",[0. 0. 0. 0. 0. 0. 0. 0. 0.],"geometry_msgs.msg.Vector3(x=0.63427734375, y=0.384765625, z=0.568359375)",[0. 0. 0. 0. 0. 0. 0. 0. 0.],False
1731182679686747555,"std_msgs.msg.Header(stamp=builtin_interfaces.msg.Time(sec=1731182679, nanosec=686321126), frame_id='RL_myo')","geometry_msgs.msg.Quaternion(x=0.8514549254705479, y=0.09240879979658849, z=-0.4331128423755561, w=-0.28088857111221943)",[0. 0. 0. 0. 0. 0. 0. 0. 0.],"geometry_msgs.msg.Vector3(x=2.9375, y=-1.5625, z=0.125)",[0. 0. 0. 0. 0. 0. 0. 0. 0.],"geometry_msgs.msg.Vector3(x=0.611328125, y=0.388671875, z=0.5888671875)",[0. 0. 0. 0. 0. 0. 0. 0. 0.],False
1731182679707395159,"std_msgs.msg.Header(stamp=builtin_interfaces.msg.Time(sec=1731182679, nanosec=706733605), frame_id='RL_myo')","geometry_msgs.msg.Quaternion(x=0.851391502507672, y=0.0936292612263796, z=-0.4338440604935503, w=-0.2795449911452533)",[0. 0. 0. 0. 0. 0. 0. 0. 0.],"geometry_msgs.msg.Vector3(x=10.375, y=-3.625, z=5.3125)",[0. 0. 0. 0. 0. 0. 0. 0. 0.],"geometry_msgs.msg.Vector3(x=0.60888671875, y=0.3876953125, z=0.58447265625)",[0. 0. 0. 0. 0. 0. 0. 0. 0.],False
1731182679724379228,"std_msgs.msg.Header(stamp=builtin_interfaces.msg.Time(sec=1731182679, nanosec=723868456), frame_id='RL_myo')","geometry_msgs.msg.Quaternion(x=0.8511299540874028, y=0.09539735519817932, z=-0.4354220933997513, w=-0.2772809882695641)",[0. 0. 0. 0. 0. 0. 0. 0. 0.],"geometry_msgs.msg.Vector3(x=17.125, y=-5.1875, z=7.5625)",[0. 0. 0. 0. 0. 0. 0. 0. 0.],"geometry_msgs.msg.Vector3(x=0.62939453125, y=0.3798828125, z=0.56689453125)",[0. 0. 0. 0. 0. 0. 0. 0. 0.],False
1731182679745226498,"std_msgs.msg.Header(stamp=builtin_interfaces.msg.Time(sec=1731182679, nanosec=744695462), frame_id='RL_myo')","geometry_msgs.msg.Quaternion(x=0.85073541897975, y=0.09747628527124845, z=-0.43726994845536876, w=-0.27485016441855464)",[0. 0. 0. 0. 0. 0. 0. 0. 0.],"geometry_msgs.msg.Vector3(x=18.875, y=-4.75, z=7.0625)",[0. 0. 0. 0. 0. 0. 0. 0. 0.],"geometry_msgs.msg.Vector3(x=0.64501953125, y=0.38330078125, z=0.5517578125)",[0. 0. 0. 0. 0. 0. 0. 0. 0.],False
1731182679768780741,"std_msgs.msg.Header(stamp=builtin_interfaces.msg.Time(sec=1731182679, nanosec=768280996), frame_id='RL_myo')","geometry_msgs.msg.Quaternion(x=0.8503591298587554, y=0.0993672597911322, z=-0.4389127550110759, w=-0.2727106368223456)",[0. 0. 0. 0. 0. 0. 0. 0. 0.],"geometry_msgs.msg.Vector3(x=17.0, y=-3.3125, z=5.4375)",[0. 0. 0. 0. 0. 0. 0. 0. 0.],"geometry_msgs.msg.Vector3(x=0.65771484375, y=0.37646484375, z=0.537109375)",[0. 0. 0. 0. 0. 0. 0. 0. 0.],False
1731182679784289994,"std_msgs.msg.Header(stamp=builtin_interfaces.msg.Time(sec=1731182679, nanosec=783814259), frame_id='RL_myo')","geometry_msgs.msg.Quaternion(x=0.8499557680966955, y=0.1008277271934325, z=-0.4402363173403321, w=-0.2712949439314815)",[0. 0. 0. 0. 0. 0. 0. 0. 0.],"geometry_msgs.msg.Vector3(x=12.125, y=-2.8125, z=3.0)",[0. 0. 0. 0. 0. 0. 0. 0. 0.],"geometry_msgs.msg.Vector3(x=0.6513671875, y=0.37744140625, z=0.51953125)",[0. 0. 0. 0. 0. 0. 0. 0. 0.],False
1731182679812176743,"std_msgs.msg.Header(stamp=builtin_interfaces.msg.Time(sec=1731182679, nanosec=811616388), frame_id='RL_myo')","geometry_msgs.msg.Quaternion(x=0.8495470881625047, y=0.10174545556195813, z=-0.4412224944555461, w=-0.27062948408021736)",[0. 0. 0. 0. 0. 0. 0. 0. 0.],"geometry_msgs.msg.Vector3(x=7.0625, y=-2.0625, z=0.5)",[0. 0. 0. 0. 0. 0. 0. 0. 0.],"geometry_msgs.msg.Vector3(x=0.65673828125, y=0.38427734375, z=0.5185546875)",[0. 0. 0. 0. 0. 0. 0. 0. 0.],False
1731182679827640629,"std_msgs.msg.Header(stamp=builtin_interfaces.msg.Time(sec=1731182679, nanosec=827088420), frame_id='RL_myo')","geometry_msgs.msg.Quaternion(x=0.8491634192998891, y=0.10229266806200059, z=-0.44176272758517915, w=-0.27074598778224024)",[0. 0. 0. 0. 0. 0. 0. 0. 0.],"geometry_msgs.msg.Vector3(x=3.125, y=-1.625, z=-2.375)",[0. 0. 0. 0. 0. 0. 0. 0. 0.],"geometry_msgs.msg.Vector3(x=0.65478515625, y=0.38232421875, z=0.53125)",[0. 0. 0. 0. 0. 0. 0. 0. 0.],False
1731182679844280011,"std_msgs.msg.Header(stamp=builtin_interfaces.msg.Time(sec=1731182679, nanosec=843775997), frame_id='RL_myo')","geometry_msgs.msg.Quaternion(x=0.8486959043046634, y=0.1029665581130505, z=-0.4422007786182874, w=-0.27124089167421245)",[0. 0. 0. 0. 0. 0. 0. 0. 0.],"geometry_msgs.msg.Vector3(x=2.8125, y=-2.1875, z=-4.9375)",[0. 0. 0. 0. 0. 0. 0. 0. 0.],"geometry_msgs.msg.Vector3(x=0.66015625, y=0.38427734375, z=0.54541015625)",[0. 0. 0. 0. 0. 0. 0. 0. 0.],False
1731182679866815336,"std_msgs.msg.Header(stamp=builtin_interfaces.msg.Time(sec=1731182679, nanosec=866301389), frame_id='RL_myo')","geometry_msgs.msg.Quaternion(x=0.8481149811996863, y=0.10381718357949528, z=-0.44267256466906485, w=-0.27196318049984186)",[0. 0. 0. 0. 0. 0. 0. 0. 0.],"geometry_msgs.msg.Vector3(x=3.625, y=-2.8125, z=-6.6875)",[0. 0. 0. 0. 0. 0. 0. 0. 0.],"geometry_msgs.msg.Vector3(x=0.64306640625, y=0.37890625, z=0.54443359375)",[0. 0. 0. 0. 0. 0. 0. 0. 0.],False
1731182679887412851,"std_msgs.msg.Header(stamp=builtin_interfaces.msg.Time(sec=1731182679, nanosec=887013664), frame_id='RL_myo')","geometry_msgs.msg.Quaternion(x=0.8475593035270826, y=0.10473943287141538, z=-0.44294525894397513, w=-0.27289627294178215)",[0. 0. 0. 0. 0. 0. 0. 0. 0.],"geometry_msgs.msg.Vector3(x=2.75, y=-2.5625, z=-6.9375)",[0. 0. 0. 0. 0. 0. 0. 0. 0.],"geometry_msgs.msg.Vector3(x=0.63671875, y=0.39794921875, z=0.552734375)",[0. 0. 0. 0. 0. 0. 0. 0. 0.],False
1731182679909576213,"std_msgs.msg.Header(stamp=builtin_interfaces.msg.Time(sec=1731182679, nanosec=909171904), frame_id='RL_myo')","geometry_msgs.msg.Quaternion(x=0.8470635366102036, y=0.10534887333832046, z=-0.44318549786184525, w=-0.27380941239612144)",[0. 0. 0. 0. 0. 0. 0. 0. 0.],"geometry_msgs.msg.Vector3(x=0.9375, y=-2.875, z=-6.0)",[0. 0. 0. 0. 0. 0. 0. 0. 0.],"geometry_msgs.msg.Vector3(x=0.6337890625, y=0.4013671875, z=0.5478515625)",[0. 0. 0. 0. 0. 0. 0. 0. 0.],False
1731182679926864442,"std_msgs.msg.Header(stamp=builtin_interfaces.msg.Time(sec=1731182679, nanosec=926347071), frame_id='RL_myo')","geometry_msgs.msg.Quaternion(x=0.8465883514033243, y=0.10565569115206594, z=-0.44337547113148873, w=-0.2748512866884765)",[0. 0. 0. 0. 0. 0. 0. 0. 0.],"geometry_msgs.msg.Vector3(x=-1.0625, y=-2.6875, z=-5.375)",[0. 0. 0. 0. 0. 0. 0. 0. 0.],"geometry_msgs.msg.Vector3(x=0.6318359375, y=0.40673828125, z=0.544921875)",[0. 0. 0. 0. 0. 0. 0. 0. 0.],False
1731182679941823791,"std_msgs.msg.Header(stamp=builtin_interfaces.msg.Time(sec=1731182679, nanosec=941283919), frame_id='RL_myo')","geometry_msgs.msg.Quaternion(x=0.8462054863879445, y=0.10565361345481332, z=-0.44342778841664865, w=-0.275944532888048)",[0. 0. 0. 0. 0. 0. 0. 0. 0.],"geometry_msgs.msg.Vector3(x=-3.125, y=-2.0, z=-5.1875)",[0. 0. 0. 0. 0. 0. 0. 0. 0.],"geometry_msgs.msg.Vector3(x=0.63818359375, y=0.4072265625, z=0.5400390625)",[0. 0. 0. 0. 0. 0. 0. 0. 0.],False
1731182679971827330,"std_msgs.msg.Header(stamp=builtin_interfaces.msg.Time(sec=1731182679, nanosec=971251059), frame_id='RL_myo')","geometry_msgs.msg.Quaternion(x=0.8459607161173223, y=0.10534835469108934, z=-0.44324435212438634, w=-0.27710401523612144)",[0. 0. 0. 0. 0. 0. 0. 0. 0.],"geometry_msgs.msg.Vector3(x=-5.1875, y=-1.3125, z=-4.625)",[0. 0. 0. 0. 0. 0. 0. 0. 0.],"geometry_msgs.msg.Vector3(x=0.63525390625, y=0.40478515625, z=0.54345703125)",[0. 0. 0. 0. 0. 0. 0. 0. 0.],False
1731182679986739984,"std_msgs.msg.Header(stamp=builtin_interfaces.msg.Time(sec=1731182679, nanosec=986243569), frame_id='RL_myo')","geometry_msgs.msg.Quaternion(x=0.8457711516840112, y=0.10485926525172341, z=-0.4429968260750923, w=-0.27826157758009723)",[0. 0. 0. 0. 0. 0. 0. 0. 0.],"geometry_msgs.msg.Vector3(x=-5.875, y=-1.0625, z=-4.375)",[0. 0. 0. 0. 0. 0. 0. 0. 0.],"geometry_msgs.msg.Vector3(x=0.62890625, y=0.3994140625, z=0.53759765625)",[0. 0. 0. 0. 0. 0. 0. 0. 0.],False
1731182680000516475,"std_msgs.msg.Header(stamp=builtin_interfaces.msg.Time(sec=1731182680, nanosec=10932), frame_id='RL_myo')","geometry_msgs.msg.Quaternion(x=0.8456258706466115, y=0.10437564882385635, z=-0.442650412438951, w=-0.2794337545705347)",[0. 0. 0. 0. 0. 0. 0. 0. 0.],"geometry_msgs.msg.Vector3(x=-6.375, y=-0.5625, z=-3.875)",[0. 0. 0. 0. 0. 0. 0. 0. 0.],"geometry_msgs.msg.Vector3(x=0.62353515625, y=0.4033203125, z=0.53955078125)",[0. 0. 0. 0. 0. 0. 0. 0. 0.],False
1731182680023672998,"std_msgs.msg.Header(stamp=builtin_interfaces.msg.Time(sec=1731182680, nanosec=23177847), frame_id='RL_myo')","geometry_msgs.msg.Quaternion(x=0.8455283839692531, y=0.10388286360468266, z=-0.4422651173205232, w=-0.280520353188673)",[0. 0. 0. 0. 0. 0. 0. 0. 0.],"geometry_msgs.msg.Vector3(x=-6.1875, y=0.0, z=-3.625)",[0. 0. 0. 0. 0. 0. 0. 0. 0.],"geometry_msgs.msg.Vector3(x=0.62890625, y=0.4013671875, z=0.54248046875)",[0. 0. 0. 0. 0. 0. 0. 0. 0.],False
1731182680045880197,"std_msgs.msg.Header(stamp=builtin_interfaces.msg.Time(sec=1731182680, nanosec=45533450), frame_id='RL_myo')","geometry_msgs.msg.Quaternion(x=0.8454363492514795, y=0.10357388714118977, z=-0.44182166706839876, w=-0.2816086713432231)",[0. 0. 0. 0. 0. 0. 0. 0. 0.],"geometry_msgs.msg.Vector3(x=-5.4375, y=0.0625, z=-3.9375)",[0. 0. 0. 0. 0. 0. 0. 0. 0.],"geometry_msgs.msg.Vector3(x=0.63232421875, y=0.40771484375, z=0.54931640625)",[0. 0. 0. 0. 0. 0. 0. 0. 0.],False
1731182680075451929,"std_msgs.msg.Header(stamp=builtin_interfaces.msg.Time(sec=1731182680, nanosec=74875675), frame_id='RL_myo')","geometry_msgs.msg.Quaternion(x=0.8452888085782261, y=0.10406653322448375, z=-0.4414740380133085, w=-0.28241398781799787)",[0. 0. 0. 0. 0. 0. 0. 0. 0.],"geometry_msgs.msg.Vector3(x=-0.5625, y=1.1875, z=-5.125)",[0. 0. 0. 0. 0. 0. 0. 0. 0.],"geometry_msgs.msg.Vector3(x=0.6494140625, y=0.416015625, z=0.56396484375)",[0. 0. 0. 0. 0. 0. 0. 0. 0.],False
1731182680076852339,"std_msgs.msg.Header(stamp=builtin_interfaces.msg.Time(sec=1731182680, nanosec=76458163), frame_id='RL_myo')","geometry_msgs.msg.Quaternion(x=0.8448683828527811, y=0.10650883745687784, z=-0.44153864192725173, w=-0.2826604161964477)",[0. 0. 0. 0. 0. 0. 0. 0. 0.],"geometry_msgs.msg.Vector3(x=11.0, y=3.375, z=-8.0625)",[0. 0. 0. 0. 0. 0. 0. 0. 0.],"geometry_msgs.msg.Vector3(x=0.69189453125, y=0.4345703125, z=0.57275390625)",[0. 0. 0. 0. 0. 0. 0. 0. 0.],False
1731182680089167316,"std_msgs.msg.Header(stamp=builtin_interfaces.msg.Time(sec=1731182680, nanosec=88688730), frame_id='RL_myo')","geometry_msgs.msg.Quaternion(x=0.8441252061464549, y=0.11322142135948474, z=-0.4418382044319731, w=-0.2818023193621246)",[0. 0. 0. 0. 0. 0. 0. 0. 0.],"geometry_msgs.msg.Vector3(x=37.75, y=8.5, z=-16.4375)",[0. 0. 0. 0. 0. 0. 0. 0. 0.],"geometry_msgs.msg.Vector3(x=0.8037109375, y=0.458984375, z=0.6806640625)",[0. 0. 0. 0. 0. 0. 0. 0. 0.],False
1731182680120075842,"std_msgs.msg.Header(stamp=builtin_interfaces.msg.Time(sec=1731182680, nanosec=119665210), frame_id='RL_myo')","geometry_msgs.msg.Quaternion(x=0.8417338863029977, y=0.13342254190837163, z=-0.4421986807530432, w=-0.2795403668528555)",[0. 0. 0. 0. 0. 0. 0. 0. 0.],"geometry_msgs.msg.Vector3(x=108.375, y=27.0625, z=-47.5625)",[0. 0. 0. 0. 0. 0. 0. 0. 0.],"geometry_msgs.msg.Vector3(x=1.17138671875, y=0.5185546875, z=0.94970703125)",[0. 0. 0. 0. 0. 0. 0. 0. 0.],False
1731182680142848968,"std_msgs.msg.Header(stamp=builtin_interfaces.msg.Time(sec=1731182680, nanosec=142330464), frame_id='RL_myo')","geometry_msgs.msg.Quaternion(x=0.8360465159207099, y=0.1784029760575438, z=-0.4399955711251568, w=-0.27495908557620075)",[0. 0. 0. 0. 0. 0. 0. 0. 0.],"geometry_msgs.msg.Vector3(x=233.875, y=74.25, z=-110.25)",[0. 0. 0. 0. 0. 0. 0. 0. 0.],"geometry_msgs.msg.Vector3(x=1.5498046875, y=0.62939453125, z=1.1240234375)",[0. 0. 0. 0. 0. 0. 0. 0. 0.],False
1731182680148973657,"std_msgs.msg.Header(stamp=builtin_interfaces.msg.Time(sec=1731182680, nanosec=148504963), frame_id='RL_myo')","geometry_msgs.msg.Quaternion(x=0.8285623610594521, y=0.23938280516207522, z=-0.4314017508632197, w=-0.2647127042294544)",[0. 0. 0. 0. 0. 0. 0. 0. 0.],"geometry_msgs.msg.Vector3(x=309.5625, y=132.5625, z=-125.875)",[0. 0. 0. 0. 0. 0. 0. 0. 0.],"geometry_msgs.msg.Vector3(x=1.3271484375, y=1.359375, z=0.81640625)",[0. 0. 0. 0. 0. 0. 0. 0. 0.],False
1731182680179926755,"std_msgs.msg.Header(stamp=builtin_interfaces.msg.Time(sec=1731182680, nanosec=179298684), frame_id='RL_myo')","geometry_msgs.msg.Quaternion(x=0.8214183636759843, y=0.2967555419967778, z=-0.4082677540963486, w=-0.265566302597281)",[0. 0. 0. 0. 0. 0. 0. 0. 0.],"geometry_msgs.msg.Vector3(x=235.0, y=176.1875, z=-174.75)",[0. 0. 0. 0. 0. 0. 0. 0. 0.],"geometry_msgs.msg.Vector3(x=0.384765625, y=2.09423828125, z=0.58056640625)",[0. 0. 0. 0. 0. 0. 0. 0. 0.],False
1731182680194052115,"std_msgs.msg.Header(stamp=builtin_interfaces.msg.Time(sec=1731182680, nanosec=193559455), frame_id='RL_myo')","geometry_msgs.msg.Quaternion(x=0.8173415279011335, y=0.32953677164798895, z=-0.37445973218381406, w=-0.288337045613095)",[0. 0. 0. 0. 0. 0. 0. 0. 0.],"geometry_msgs.msg.Vector3(x=56.375, y=160.8125, z=-247.6875)",[0. 0. 0. 0. 0. 0. 0. 0. 0.],"geometry_msgs.msg.Vector3(x=-0.40869140625, y=1.97265625, z=0.29052734375)",[0. 0. 0. 0. 0. 0. 0. 0. 0.],False
1731182680216585132,"std_msgs.msg.Header(stamp=builtin_interfaces.msg.Time(sec=1731182680, nanosec=216083618), frame_id='RL_myo')","geometry_msgs.msg.Quaternion(x=0.8156107253492061, y=0.3436270585733765, z=-0.3306876382505424, w=-0.3276358881744023)",[0. 0. 0. 0. 0. 0. 0. 0. 0.],"geometry_msgs.msg.Vector3(x=-98.6875, y=145.1875, z=-284.5625)",[0. 0. 0. 0. 0. 0. 0. 0. 0.],"geometry_msgs.msg.Vector3(x=-0.5400390625, y=1.48388671875, z=0.1982421875)",[0. 0. 0. 0. 0. 0. 0. 0. 0.],False
1731182680232945243,"std_msgs.msg.Header(stamp=builtin_interfaces.msg.Time(sec=1731182680, nanosec=232576346), frame_id='RL_myo')","geometry_msgs.msg.Quaternion(x=0.8138658812898164, y=0.35730994968280977, z=-0.277717846097845, w=-0.36445126572532577)",[0. 0. 0. 0. 0. 0. 0. 0. 0.],"geometry_msgs.msg.Vector3(x=-106.75, y=195.375, z=-300.75)",[0. 0. 0. 0. 0. 0. 0. 0. 0.],"geometry_msgs.msg.Vector3(x=-0.18408203125, y=0.8857421875, z=0.3271484375)",[0. 0. 0. 0. 0. 0. 0. 0. 0.],False
1731182680254315998,"std_msgs.msg.Header(stamp=builtin_interfaces.msg.Time(sec=1731182680, nanosec=253698778), frame_id='RL_myo')","geometry_msgs.msg.Quaternion(x=0.8094136682367051, y=0.3822146437296017, z=-0.2200999689059316, w=-0.38770798737950013)",[0. 0. 0. 0. 0. 0. 0. 0. 0.],"geometry_msgs.msg.Vector3(x=-30.5625, y=264.75, z=-273.9375)",[0. 0. 0. 0. 0. 0. 0. 0. 0.],"geometry_msgs.msg.Vector3(x=-0.12841796875, y=0.33935546875, z=0.3837890625)",[0. 0. 0. 0. 0. 0. 0. 0. 0.],False
1731182680269121309,"std_msgs.msg.Header(stamp=builtin_interfaces.msg.Time(sec=1731182680, nanosec=268548910), frame_id='RL_myo')","geometry_msgs.msg.Quaternion(x=0.794329831657207, y=0.4254248445251831, z=-0.17242829064327722, w=-0.39789735458531833)",[0. 0. 0. 0. 0. 0. 0. 0. 0.],"geometry_msgs.msg.Vector3(x=117.0, y=272.125, z=-234.375)",[0. 0. 0. 0. 0. 0. 0. 0. 0.],"geometry_msgs.msg.Vector3(x=-0.43310546875, y=0.13232421875, z=0.23388671875)",[0. 0. 0. 0. 0. 0. 0. 0. 0.],False
1731182680291668632,"std_msgs.msg.Header(stamp=builtin_interfaces.msg.Time(sec=1731182680, nanosec=291134291), frame_id='RL_myo')","geometry_msgs.msg.Quaternion(x=0.7695500707551628, y=0.4787104382084979, z=-0.13293782155018596, w=-0.40119389396206256)",[0. 0. 0. 0. 0. 0. 0. 0. 0.],"geometry_msgs.msg.Vector3(x=211.625, y=260.4375, z=-206.9375)",[0. 0. 0. 0. 0. 0. 0. 0. 0.],"geometry_msgs.msg.Vector3(x=-1.05615234375, y=0.3857421875, z=0.306640625)",[0. 0. 0. 0. 0. 0. 0. 0. 0.],False
1731182680314228971,"std_msgs.msg.Header(stamp=builtin_interfaces.msg.Time(sec=1731182680, nanosec=313636548), frame_id='RL_myo')","geometry_msgs.msg.Quaternion(x=0.7423219564846983, y=0.5279018748261928, z=-0.09655922834721203, w=-0.40119077618598276)",[0. 0. 0. 0. 0. 0. 0. 0. 0.],"geometry_msgs.msg.Vector3(x=214.125, y=248.625, z=-189.25)",[0. 0. 0. 0. 0. 0. 0. 0. 0.],"geometry_msgs.msg.Vector3(x=-0.90771484375, y=0.4013671875, z=0.53857421875)",[0. 0. 0. 0. 0. 0. 0. 0. 0.],False
1731182680336664461,"std_msgs.msg.Header(stamp=builtin_interfaces.msg.Time(sec=1731182680, nanosec=336157129), frame_id='RL_myo')","geometry_msgs.msg.Quaternion(x=0.7203020110293499, y=0.5674033975534986, z=-0.061586706984883825, w=-0.39424037702216513)",[0. 0. 0. 0. 0. 0. 0. 0. 0.],"geometry_msgs.msg.Vector3(x=164.5625, y=246.0625, z=-138.125)",[0. 0. 0. 0. 0. 0. 0. 0. 0.],"geometry_msgs.msg.Vector3(x=-0.86669921875, y=0.28125, z=0.52294921875)",[0. 0. 0. 0. 0. 0. 0. 0. 0.],False
1731182680351619557,"std_msgs.msg.Header(stamp=builtin_interfaces.msg.Time(sec=1731182680, nanosec=351119137), frame_id='RL_myo')","geometry_msgs.msg.Quaternion(x=0.7035138523354062, y=0.6009104525630812, z=-0.032288636811159975, w=-0.3780639251575139)",[0. 0. 0. 0. 0. 0. 0. 0. 0.],"geometry_msgs.msg.Vector3(x=138.9375, y=242.5625, z=-67.3125)",[0. 0. 0. 0. 0. 0. 0. 0. 0.],"geometry_msgs.msg.Vector3(x=-0.84130859375, y=0.220703125, z=0.462890625)",[0. 0. 0. 0. 0. 0. 0. 0. 0.],False
1731182680374200767,"std_msgs.msg.Header(stamp=builtin_interfaces.msg.Time(sec=1731182680, nanosec=373677410), frame_id='RL_myo')","geometry_msgs.msg.Quaternion(x=0.6924139380476471, y=0.6252112101042003, z=-0.010803708306984619, w=-0.35994049653270227)",[0. 0. 0. 0. 0. 0. 0. 0. 0.],"geometry_msgs.msg.Vector3(x=97.6875, y=197.8125, z=-15.5)",[0. 0. 0. 0. 0. 0. 0. 0. 0.],"geometry_msgs.msg.Vector3(x=-1.048828125, y=0.19482421875, z=0.3154296875)",[0. 0. 0. 0. 0. 0. 0. 0. 0.],False
1731182680396591836,"std_msgs.msg.Header(stamp=builtin_interfaces.msg.Time(sec=1731182680, nanosec=396087744), frame_id='RL_myo')","geometry_msgs.msg.Quaternion(x=0.6907494974658074, y=0.6310558499866556, z=0.0002441457974607431, w=-0.3530348231282345)",[0. 0. 0. 0. 0. 0. 0. 0. 0.],"geometry_msgs.msg.Vector3(x=10.0625, y=71.0625, z=30.25)",[0. 0. 0. 0. 0. 0. 0. 0. 0.],"geometry_msgs.msg.Vector3(x=-1.07568359375, y=0.62841796875, z=0.1884765625)",[0. 0. 0. 0. 0. 0. 0. 0. 0.],False
1731182680411490146,"std_msgs.msg.Header(stamp=builtin_interfaces.msg.Time(sec=1731182680, nanosec=410972010), frame_id='RL_myo')","geometry_msgs.msg.Quaternion(x=0.6774620944832382, y=0.6435248997330193, z=-0.012634890851250592, w=-0.35603535427702754)",[0. 0. 0. 0. 0. 0. 0. 0. 0.],"geometry_msgs.msg.Vector3(x=122.8125, y=-38.125, z=14.1875)",[0. 0. 0. 0. 0. 0. 0. 0. 0.],"geometry_msgs.msg.Vector3(x=-0.6416015625, y=0.43994140625, z=0.05712890625)",[0. 0. 0. 0. 0. 0. 0. 0. 0.],False
1731182680433900566,"std_msgs.msg.Header(stamp=builtin_interfaces.msg.Time(sec=1731182680, nanosec=433425224), frame_id='RL_myo')","geometry_msgs.msg.Quaternion(x=0.6475172110115185, y=0.6624096796218315, z=-0.035583234425460956, w=-0.3750582770916939)",[0. 0. 0. 0. 0. 0. 0. 0. 0.],"geometry_msgs.msg.Vector3(x=231.875, y=-121.625, z=-52.3125)",[0. 0. 0. 0. 0. 0. 0. 0. 0.],"geometry_msgs.msg.Vector3(x=-0.06982421875, y=0.24267578125, z=0.20751953125)",[0. 0. 0. 0. 0. 0. 0. 0. 0.],False
1731182680448987093,"std_msgs.msg.Header(stamp=builtin_interfaces.msg.Time(sec=1731182680, nanosec=448502945), frame_id='RL_myo')","geometry_msgs.msg.Quaternion(x=0.6224296727838062, y=0.6804734675295799, z=-0.06628345015132513, w=-0.38097725215890554)",[0. 0. 0. 0. 0. 0. 0. 0. 0.],"geometry_msgs.msg.Vector3(x=228.3125, y=-101.625, z=29.8125)",[0. 0. 0. 0. 0. 0. 0. 0. 0.],"geometry_msgs.msg.Vector3(x=0.25927734375, y=0.43505859375, z=0.0849609375)",[0. 0. 0. 0. 0. 0. 0. 0. 0.],False
1731182680471712446,"std_msgs.msg.Header(stamp=builtin_interfaces.msg.Time(sec=1731182680, nanosec=471153189), frame_id='RL_myo')","geometry_msgs.msg.Quaternion(x=0.6065171434160417, y=0.6937989704347536, z=-0.1062640984892149, w=-0.3734807689003481)",[0. 0. 0. 0. 0. 0. 0. 0. 0.],"geometry_msgs.msg.Vector3(x=201.1875, y=-89.375, z=135.3125)",[0. 0. 0. 0. 0. 0. 0. 0. 0.],"geometry_msgs.msg.Vector3(x=0.15869140625, y=0.77587890625, z=0.10009765625)",[0. 0. 0. 0. 0. 0. 0. 0. 0.],False
1731182680494080411,"std_msgs.msg.Header(stamp=builtin_interfaces.msg.Time(sec=1731182680, nanosec=493547823), frame_id='RL_myo')","geometry_msgs.msg.Quaternion(x=0.5998148212591806, y=0.6972305589949751, z=-0.14459767086221623, w=-0.36494279193127516)",[0. 0. 0. 0. 0. 0. 0. 0. 0.],"geometry_msgs.msg.Vector3(x=127.5625, y=-95.4375, z=155.625)",[0. 0. 0. 0. 0. 0. 0. 0. 0.],"geometry_msgs.msg.Vector3(x=0.27001953125, y=0.97216796875, z=0.0810546875)",[0. 0. 0. 0. 0. 0. 0. 0. 0.],False
1731182680509258474,"std_msgs.msg.Header(stamp=builtin_interfaces.msg.Time(sec=1731182680, nanosec=508755790), frame_id='RL_myo')","geometry_msgs.msg.Quaternion(x=0.6073067118150554, y=0.6884233570414079, z=-0.17376906618466958, w=-0.3564493665326556)",[0. 0. 0. 0. 0. 0. 0. 0. 0.],"geometry_msgs.msg.Vector3(x=7.5625, y=-78.875, z=155.6875)",[0. 0. 0. 0. 0. 0. 0. 0. 0.],"geometry_msgs.msg.Vector3(x=0.51953125, y=0.89306640625, z=-0.02734375)",[0. 0. 0. 0. 0. 0. 0. 0. 0.],False
1731182680541220377,"std_msgs.msg.Header(stamp=builtin_interfaces.msg.Time(sec=1731182680, nanosec=540664472), frame_id='RL_myo')","geometry_msgs.msg.Quaternion(x=0.6233147309513831, y=0.6722667887483875, z=-0.1958692686665676, w=-0.3480967401699704)",[0. 0. 0. 0. 0. 0. 0. 0. 0.],"geometry_msgs.msg.Vector3(x=-68.125, y=-61.625, z=152.9375)",[0. 0. 0. 0. 0. 0. 0. 0. 0.],"geometry_msgs.msg.Vector3(x=0.533203125, y=0.76953125, z=-0.1357421875)",[0. 0. 0. 0. 0. 0. 0. 0. 0.],False
1731182680547819083,"std_msgs.msg.Header(stamp=builtin_interfaces.msg.Time(sec=1731182680, nanosec=547371624), frame_id='RL_myo')","geometry_msgs.msg.Quaternion(x=0.6379478221684384, y=0.6546716743760687, z=-0.218935977623248, w=-0.3413130713323677)",[0. 0. 0. 0. 0. 0. 0. 0. 0.],"geometry_msgs.msg.Vector3(x=-68.625, y=-75.25, z=152.3125)",[0. 0. 0. 0. 0. 0. 0. 0. 0.],"geometry_msgs.msg.Vector3(x=0.46044921875, y=0.68359375, z=-0.15625)",[0. 0. 0. 0. 0. 0. 0. 0. 0.],False
1731182680569047877,"std_msgs.msg.Header(stamp=builtin_interfaces.msg.Time(sec=1731182680, nanosec=568554645), frame_id='RL_myo')","geometry_msgs.msg.Quaternion(x=0.648340992078789, y=0.6390632825329431, z=-0.24299053751324226, w=-0.33497414465528097)",[0. 0. 0. 0. 0. 0. 0. 0. 0.],"geometry_msgs.msg.Vector3(x=-42.9375, y=-81.4375, z=141.75)",[0. 0. 0. 0. 0. 0. 0. 0. 0.],"geometry_msgs.msg.Vector3(x=0.6103515625, y=0.59521484375, z=-0.07470703125)",[0. 0. 0. 0. 0. 0. 0. 0. 0.],False
1731182680591477481,"std_msgs.msg.Header(stamp=builtin_interfaces.msg.Time(sec=1731182680, nanosec=590972309), frame_id='RL_myo')","geometry_msgs.msg.Quaternion(x=0.6561364371242917, y=0.6283650809483333, z=-0.2605624604728931, w=-0.32672542771407753)",[0. 0. 0. 0. 0. 0. 0. 0. 0.],"geometry_msgs.msg.Vector3(x=-24.625, y=-44.125, z=112.9375)",[0. 0. 0. 0. 0. 0. 0. 0. 0.],"geometry_msgs.msg.Vector3(x=0.66357421875, y=0.4638671875, z=-0.0576171875)",[0. 0. 0. 0. 0. 0. 0. 0. 0.],False
1731182680607928186,"std_msgs.msg.Header(stamp=builtin_interfaces.msg.Time(sec=1731182680, nanosec=607500259), frame_id='RL_myo')","geometry_msgs.msg.Quaternion(x=0.658649898852881, y=0.6249574936849828, z=-0.27857271229399955, w=-0.3130585980183882)",[0. 0. 0. 0. 0. 0. 0. 0. 0.],"geometry_msgs.msg.Vector3(x=13.5, y=-19.5, z=91.9375)",[0. 0. 0. 0. 0. 0. 0. 0. 0.],"geometry_msgs.msg.Vector3(x=0.4736328125, y=0.5478515625, z=-0.23193359375)",[0. 0. 0. 0. 0. 0. 0. 0. 0.],False
1731182680629055856,"std_msgs.msg.Header(stamp=builtin_interfaces.msg.Time(sec=1731182680, nanosec=628506901), frame_id='RL_myo')","geometry_msgs.msg.Quaternion(x=0.6522908127778279, y=0.6308061710544447, z=-0.2973059370301113, w=-0.2970007574601769)",[0. 0. 0. 0. 0. 0. 0. 0. 0.],"geometry_msgs.msg.Vector3(x=98.5625, y=-12.625, z=102.0)",[0. 0. 0. 0. 0. 0. 0. 0. 0.],"geometry_msgs.msg.Vector3(x=0.3017578125, y=0.65478515625, z=-0.30908203125)",[0. 0. 0. 0. 0. 0. 0. 0. 0.],False
1731182680651483863,"std_msgs.msg.Header(stamp=builtin_interfaces.msg.Time(sec=1731182680, nanosec=650966500), frame_id='RL_myo')","geometry_msgs.msg.Quaternion(x=0.6435630175254338, y=0.6389853215547958, z=-0.31903489118033407, w=-0.2752110817547592)",[0. 0. 0. 0. 0. 0. 0. 0. 0.],"geometry_msgs.msg.Vector3(x=134.25, y=-3.625, z=128.4375)",[0. 0. 0. 0. 0. 0. 0. 0. 0.],"geometry_msgs.msg.Vector3(x=0.205078125, y=0.7119140625, z=-0.1240234375)",[0. 0. 0. 0. 0. 0. 0. 0. 0.],False
1731182680670201650,"std_msgs.msg.Header(stamp=builtin_interfaces.msg.Time(sec=1731182680, nanosec=669665932), frame_id='RL_myo')","geometry_msgs.msg.Quaternion(x=0.6403649980793074, y=0.6403649980793074, z=-0.3378212222997489, w=-0.25640234053861705)",[0. 0. 0. 0. 0. 0. 0. 0. 0.],"geometry_msgs.msg.Vector3(x=77.75, y=-3.75, z=129.6875)",[0. 0. 0. 0. 0. 0. 0. 0. 0.],"geometry_msgs.msg.Vector3(x=0.13818359375, y=0.84375, z=-0.224609375)",[0. 0. 0. 0. 0. 0. 0. 0. 0.],False
1731182680689261856,"std_msgs.msg.Header(stamp=builtin_interfaces.msg.Time(sec=1731182680, nanosec=688741226), frame_id='RL_myo')","geometry_msgs.msg.Quaternion(x=0.6290506380424825, y=0.6444930804473679, z=-0.3360714936019706, w=-0.27564454506111497)",[0. 0. 0. 0. 0. 0. 0. 0. 0.],"geometry_msgs.msg.Vector3(x=16.9375, y=-80.1875, z=-101.5625)",[0. 0. 0. 0. 0. 0. 0. 0. 0.],"geometry_msgs.msg.Vector3(x=1.01953125, y=3.7138671875, z=-0.3828125)",[0. 0. 0. 0. 0. 0. 0. 0. 0.],False
1731182680711686472,"std_msgs.msg.Header(stamp=builtin_interfaces.msg.Time(sec=1731182680, nanosec=711138742), frame_id='RL_myo')","geometry_msgs.msg.Quaternion(x=0.6113410779804603, y=0.6646869348250013, z=-0.3204413597641191, w=-0.285955765808552)",[0. 0. 0. 0. 0. 0. 0. 0. 0.],"geometry_msgs.msg.Vector3(x=84.0625, y=16.9375, z=-157.3125)",[0. 0. 0. 0. 0. 0. 0. 0. 0.],"geometry_msgs.msg.Vector3(x=-0.23974609375, y=1.49169921875, z=-0.67822265625)",[0. 0. 0. 0. 0. 0. 0. 0. 0.],False
1731182680727920643,"std_msgs.msg.Header(stamp=builtin_interfaces.msg.Time(sec=1731182680, nanosec=727490090), frame_id='RL_myo')","geometry_msgs.msg.Quaternion(x=0.6337417606851673, y=0.6458269835124487, z=-0.32251675464320756, w=-0.27796012502747297)",[0. 0. 0. 0. 0. 0. 0. 0. 0.],"geometry_msgs.msg.Vector3(x=-131.6875, y=33.75, z=113.0625)",[0. 0. 0. 0. 0. 0. 0. 0. 0.],"geometry_msgs.msg.Vector3(x=-0.2841796875, y=1.07373046875, z=0.04296875)",[0. 0. 0. 0. 0. 0. 0. 0. 0.],False
1731182680749115060,"std_msgs.msg.Header(stamp=builtin_interfaces.msg.Time(sec=1731182680, nanosec=748606760), frame_id='RL_myo')","geometry_msgs.msg.Quaternion(x=0.655479136575895, y=0.627829257735325, z=-0.3202625039215682, w=-0.27131062129433403)",[0. 0. 0. 0. 0. 0. 0. 0. 0.],"geometry_msgs.msg.Vector3(x=-133.75, y=44.25, z=92.0625)",[0. 0. 0. 0. 0. 0. 0. 0. 0.],"geometry_msgs.msg.Vector3(x=-0.3896484375, y=1.3505859375, z=0.2158203125)",[0. 0. 0. 0. 0. 0. 0. 0. 0.],False
1731182680771490182,"std_msgs.msg.Header(stamp=builtin_interfaces.msg.Time(sec=1731182680, nanosec=770960152), frame_id='RL_myo')","geometry_msgs.msg.Quaternion(x=0.6625005762133984, y=0.6198964300740072, z=-0.30903265315721723, w=-0.2851670068241199)",[0. 0. 0. 0. 0. 0. 0. 0. 0.],"geometry_msgs.msg.Vector3(x=-107.4375, y=-6.8125, z=-63.125)",[0. 0. 0. 0. 0. 0. 0. 0. 0.],"geometry_msgs.msg.Vector3(x=-0.1787109375, y=0.7177734375, z=-0.52099609375)",[0. 0. 0. 0. 0. 0. 0. 0. 0.],False
1731182680788028260,"std_msgs.msg.Header(stamp=builtin_interfaces.msg.Time(sec=1731182680, nanosec=787518595), frame_id='RL_myo')","geometry_msgs.msg.Quaternion(x=0.6673566357969123, y=0.6126692802386506, z=-0.3060905001391545, w=-0.2925407312396745)",[0. 0. 0. 0. 0. 0. 0. 0. 0.],"geometry_msgs.msg.Vector3(x=-68.6875, y=-18.0, z=-15.9375)",[0. 0. 0. 0. 0. 0. 0. 0. 0.],"geometry_msgs.msg.Vector3(x=0.00146484375, y=0.59326171875, z=-0.05322265625)",[0. 0. 0. 0. 0. 0. 0. 0. 0.],False
1731182680819217152,"std_msgs.msg.Header(stamp=builtin_interfaces.msg.Time(sec=1731182680, nanosec=818959872), frame_id='RL_myo')","geometry_msgs.msg.Quaternion(x=0.6696266263682854, y=0.6076750243480676, z=-0.31201634436192466, w=-0.2915082278310939)",[0. 0. 0. 0. 0. 0. 0. 0. 0.],"geometry_msgs.msg.Vector3(x=-22.8125, y=-21.8125, z=21.0625)",[0. 0. 0. 0. 0. 0. 0. 0. 0.],"geometry_msgs.msg.Vector3(x=0.27294921875, y=0.576171875, z=-0.0703125)",[0. 0. 0. 0. 0. 0. 0. 0. 0.],False
1731182680831515478,"std_msgs.msg.Header(stamp=builtin_interfaces.msg.Time(sec=1731182680, nanosec=830998790), frame_id='RL_myo')","geometry_msgs.msg.Quaternion(x=0.6690706043535398, y=0.6063871970673617, z=-0.31439360363301255, w=-0.29290912518633805)",[0. 0. 0. 0. 0. 0. 0. 0. 0.],"geometry_msgs.msg.Vector3(x=-19.4375, y=-13.8125, z=-31.625)",[0. 0. 0. 0. 0. 0. 0. 0. 0.],"geometry_msgs.msg.Vector3(x=0.56640625, y=0.84521484375, z=-0.19873046875)",[0. 0. 0. 0. 0. 0. 0. 0. 0.],False
1731182680849577444,"std_msgs.msg.Header(stamp=builtin_interfaces.msg.Time(sec=1731182680, nanosec=849019637), frame_id='RL_myo')","geometry_msgs.msg.Quaternion(x=0.6650328379601769, y=0.6119327490261319, z=-0.30926224210207565, w=-0.2960177371610552)",[0. 0. 0. 0. 0. 0. 0. 0. 0.],"geometry_msgs.msg.Vector3(x=2.5625, y=14.875, z=-91.375)",[0. 0. 0. 0. 0. 0. 0. 0. 0.],"geometry_msgs.msg.Vector3(x=0.693359375, y=1.16552734375, z=-0.193359375)",[0. 0. 0. 0. 0. 0. 0. 0. 0.],False
1731182680869036077,"std_msgs.msg.Header(stamp=builtin_interfaces.msg.Time(sec=1731182680, nanosec=868530381), frame_id='RL_myo')","geometry_msgs.msg.Quaternion(x=0.6607051935165801, y=0.6221309965371363, z=-0.2922971983141711, w=-0.30163557195001744)",[0. 0. 0. 0. 0. 0. 0. 0. 0.],"geometry_msgs.msg.Vector3(x=13.6875, y=55.1875, z=-116.6875)",[0. 0. 0. 0. 0. 0. 0. 0. 0.],"geometry_msgs.msg.Vector3(x=0.611328125, y=1.123046875, z=-0.01708984375)",[0. 0. 0. 0. 0. 0. 0. 0. 0.],False
1731182680891399690,"std_msgs.msg.Header(stamp=builtin_interfaces.msg.Time(sec=1731182680, nanosec=890928728), frame_id='RL_myo')","geometry_msgs.msg.Quaternion(x=0.661814269427022, y=0.6283664948585439, z=-0.2677653048027617, w=-0.3089646621635696)",[0. 0. 0. 0. 0. 0. 0. 0. 0.],"geometry_msgs.msg.Vector3(x=-36.5, y=80.125, z=-132.875)",[0. 0. 0. 0. 0. 0. 0. 0. 0.],"geometry_msgs.msg.Vector3(x=0.49169921875, y=1.09716796875, z=-0.00830078125)",[0. 0. 0. 0. 0. 0. 0. 0. 0.],False
1731182680909516141,"std_msgs.msg.Header(stamp=builtin_interfaces.msg.Time(sec=1731182680, nanosec=908989887), frame_id='RL_myo')","geometry_msgs.msg.Quaternion(x=0.6670593233336785, y=0.6301327160853597, z=-0.23529267924341937, w=-0.32031542948624253)",[0. 0. 0. 0. 0. 0. 0. 0. 0.],"geometry_msgs.msg.Vector3(x=-89.0, y=93.9375, z=-163.1875)",[0. 0. 0. 0. 0. 0. 0. 0. 0.],"geometry_msgs.msg.Vector3(x=0.47900390625, y=1.0673828125, z=-0.0029296875)",[0. 0. 0. 0. 0. 0. 0. 0. 0.],False
1731182680928969665,"std_msgs.msg.Header(stamp=builtin_interfaces.msg.Time(sec=1731182680, nanosec=928457154), frame_id='RL_myo')","geometry_msgs.msg.Quaternion(x=0.6718346406197875, y=0.6308177533211141, z=-0.19849243674893693, w=-0.3336284315097445)",[0. 0. 0. 0. 0. 0. 0. 0. 0.],"geometry_msgs.msg.Vector3(x=-102.4375, y=101.125, z=-186.5)",[0. 0. 0. 0. 0. 0. 0. 0. 0.],"geometry_msgs.msg.Vector3(x=0.46435546875, y=0.91015625, z=0.00634765625)",[0. 0. 0. 0. 0. 0. 0. 0. 0.],False
1731182680958958701,"std_msgs.msg.Header(stamp=builtin_interfaces.msg.Time(sec=1731182680, nanosec=958461288), frame_id='RL_myo')","geometry_msgs.msg.Quaternion(x=0.6779282365711959, y=0.6283058672246233, z=-0.1612574413451967, w=-0.3458917184342277)",[0. 0. 0. 0. 0. 0. 0. 0. 0.],"geometry_msgs.msg.Vector3(x=-118.5625, y=102.3125, z=-176.75)",[0. 0. 0. 0. 0. 0. 0. 0. 0.],"geometry_msgs.msg.Vector3(x=0.3935546875, y=0.70263671875, z=0.0302734375)",[0. 0. 0. 0. 0. 0. 0. 0. 0.],False
1731182680969489779,"std_msgs.msg.Header(stamp=builtin_interfaces.msg.Time(sec=1731182680, nanosec=968998134), frame_id='RL_myo')","geometry_msgs.msg.Quaternion(x=0.6859908739778653, y=0.6233062376601086, z=-0.12585756581033528, w=-0.35364633186473454)",[0. 0. 0. 0. 0. 0. 0. 0. 0.],"geometry_msgs.msg.Vector3(x=-125.4375, y=108.375, z=-142.9375)",[0. 0. 0. 0. 0. 0. 0. 0. 0.],"geometry_msgs.msg.Vector3(x=0.216796875, y=0.49462890625, z=0.10888671875)",[0. 0. 0. 0. 0. 0. 0. 0. 0.],False
1731182680988939363,"std_msgs.msg.Header(stamp=builtin_interfaces.msg.Time(sec=1731182680, nanosec=988462579), frame_id='RL_myo')","geometry_msgs.msg.Quaternion(x=0.6933859642791536, y=0.618126730656249, z=-0.09546264508209473, w=-0.3578018065672886)",[0. 0. 0. 0. 0. 0. 0. 0. 0.],"geometry_msgs.msg.Vector3(x=-109.5625, y=100.375, z=-107.375)",[0. 0. 0. 0. 0. 0. 0. 0. 0.],"geometry_msgs.msg.Vector3(x=-0.02001953125, y=0.31982421875, z=0.19140625)",[0. 0. 0. 0. 0. 0. 0. 0. 0.],False
1731182681011443150,"std_msgs.msg.Header(stamp=builtin_interfaces.msg.Time(sec=1731182681, nanosec=10894682), frame_id='RL_myo')","geometry_msgs.msg.Quaternion(x=0.699551369138776, y=0.612389746668645, z=-0.07129185927528928, w=-0.3612812628856483)",[0. 0. 0. 0. 0. 0. 0. 0. 0.],"geometry_msgs.msg.Vector3(x=-88.6875, y=76.0625, z=-76.0625)",[0. 0. 0. 0. 0. 0. 0. 0. 0.],"geometry_msgs.msg.Vector3(x=-0.2294921875, y=0.2724609375, z=0.189453125)",[0. 0. 0. 0. 0. 0. 0. 0. 0.],False
1731182681029455464,"std_msgs.msg.Header(stamp=builtin_interfaces.msg.Time(sec=1731182681, nanosec=29060452), frame_id='RL_myo')","geometry_msgs.msg.Quaternion(x=0.7042531903197731, y=0.6063486906428, z=-0.05603262512684622, w=-0.36500555365854076)",[0. 0. 0. 0. 0. 0. 0. 0. 0.],"geometry_msgs.msg.Vector3(x=-62.25, y=37.125, z=-38.8125)",[0. 0. 0. 0. 0. 0. 0. 0. 0.],"geometry_msgs.msg.Vector3(x=-0.40625, y=0.30419921875, z=0.27392578125)",[0. 0. 0. 0. 0. 0. 0. 0. 0.],False
1731182681049034327,"std_msgs.msg.Header(stamp=builtin_interfaces.msg.Time(sec=1731182681, nanosec=48515384), frame_id='RL_myo')","geometry_msgs.msg.Quaternion(x=0.710153596035702, y=0.5973591099614453, z=-0.0533454441714829, w=-0.3687793749245992)",[0. 0. 0. 0. 0. 0. 0. 0. 0.],"geometry_msgs.msg.Vector3(x=-50.0, y=-19.0625, z=8.1875)",[0. 0. 0. 0. 0. 0. 0. 0. 0.],"geometry_msgs.msg.Vector3(x=-0.42822265625, y=0.35302734375, z=0.33251953125)",[0. 0. 0. 0. 0. 0. 0. 0. 0.],False
1731182681075006542,"std_msgs.msg.Header(stamp=builtin_interfaces.msg.Time(sec=1731182681, nanosec=74579144), frame_id='RL_myo')","geometry_msgs.msg.Quaternion(x=0.7196795612551049, y=0.5844840538189199, z=-0.06060909204701206, w=-0.3698192232757765)",[0. 0. 0. 0. 0. 0. 0. 0. 0.],"geometry_msgs.msg.Vector3(x=-62.0625, y=-59.9375, z=62.9375)",[0. 0. 0. 0. 0. 0. 0. 0. 0.],"geometry_msgs.msg.Vector3(x=-0.51025390625, y=0.564453125, z=0.330078125)",[0. 0. 0. 0. 0. 0. 0. 0. 0.],False
1731182681090089313,"std_msgs.msg.Header(stamp=builtin_interfaces.msg.Time(sec=1731182681, nanosec=89623234), frame_id='RL_myo')","geometry_msgs.msg.Quaternion(x=0.7346330720376688, y=0.5662338824604065, z=-0.07904202627856273, w=-0.36530233766578996)",[0. 0. 0. 0. 0. 0. 0. 0. 0.],"geometry_msgs.msg.Vector3(x=-83.0, y=-96.1875, z=124.25)",[0. 0. 0. 0. 0. 0. 0. 0. 0.],"geometry_msgs.msg.Vector3(x=-0.6318359375, y=0.7509765625, z=0.4130859375)",[0. 0. 0. 0. 0. 0. 0. 0. 0.],False
1731182681108863527,"std_msgs.msg.Header(stamp=builtin_interfaces.msg.Time(sec=1731182681, nanosec=108343897), frame_id='RL_myo')","geometry_msgs.msg.Quaternion(x=0.7532379527266573, y=0.5408347377936075, z=-0.1035160495765668, w=-0.3597426864412056)",[0. 0. 0. 0. 0. 0. 0. 0. 0.],"geometry_msgs.msg.Vector3(x=-112.3125, y=-133.125, z=161.8125)",[0. 0. 0. 0. 0. 0. 0. 0. 0.],"geometry_msgs.msg.Vector3(x=-0.78173828125, y=0.876953125, z=0.47265625)",[0. 0. 0. 0. 0. 0. 0. 0. 0.],False
1731182681131578848,"std_msgs.msg.Header(stamp=builtin_interfaces.msg.Time(sec=1731182681, nanosec=131007706), frame_id='RL_myo')","geometry_msgs.msg.Quaternion(x=0.7764500006066218, y=0.5045917895617438, z=-0.1356239211813469, w=-0.35230480335676606)",[0. 0. 0. 0. 0. 0. 0. 0. 0.],"geometry_msgs.msg.Vector3(x=-157.3125, y=-180.25, z=209.1875)",[0. 0. 0. 0. 0. 0. 0. 0. 0.],"geometry_msgs.msg.Vector3(x=-0.6552734375, y=0.90185546875, z=0.50927734375)",[0. 0. 0. 0. 0. 0. 0. 0. 0.],False
1731182681149471869,"std_msgs.msg.Header(stamp=builtin_interfaces.msg.Time(sec=1731182681, nanosec=148977575), frame_id='RL_myo')","geometry_msgs.msg.Quaternion(x=0.7960136622576495, y=0.4637411291085432, z=-0.170408690770078, w=-0.34966740308802896)",[0. 0. 0. 0. 0. 0. 0. 0. 0.],"geometry_msgs.msg.Vector3(x=-166.6875, y=-218.5625, z=190.4375)",[0. 0. 0. 0. 0. 0. 0. 0. 0.],"geometry_msgs.msg.Vector3(x=-0.48095703125, y=0.8173828125, z=0.48291015625)",[0. 0. 0. 0. 0. 0. 0. 0. 0.],False
1731182681168929752,"std_msgs.msg.Header(stamp=builtin_interfaces.msg.Time(sec=1731182681, nanosec=168405003), frame_id='RL_myo')","geometry_msgs.msg.Quaternion(x=0.8093982745583302, y=0.4251156762158789, z=-0.2063016490466146, w=-0.34869861568145244)",[0. 0. 0. 0. 0. 0. 0. 0. 0.],"geometry_msgs.msg.Vector3(x=-139.0625, y=-231.5, z=173.3125)",[0. 0. 0. 0. 0. 0. 0. 0. 0.],"geometry_msgs.msg.Vector3(x=-0.595703125, y=0.728515625, z=0.505859375)",[0. 0. 0. 0. 0. 0. 0. 0. 0.],False
1731182681191415406,"std_msgs.msg.Header(stamp=builtin_interfaces.msg.Time(sec=1731182681, nanosec=190875040), frame_id='RL_myo')","geometry_msgs.msg.Quaternion(x=0.8152140928023546, y=0.3936905434692413, z=-0.24500369635434646, w=-0.34699701389498244)",[0. 0. 0. 0. 0. 0. 0. 0. 0.],"geometry_msgs.msg.Vector3(x=-80.1875, y=-239.25, z=162.75)",[0. 0. 0. 0. 0. 0. 0. 0. 0.],"geometry_msgs.msg.Vector3(x=-0.69580078125, y=0.7060546875, z=0.54443359375)",[0. 0. 0. 0. 0. 0. 0. 0. 0.],False
1731182681209233165,"std_msgs.msg.Header(stamp=builtin_interfaces.msg.Time(sec=1731182681, nanosec=208861311), frame_id='RL_myo')","geometry_msgs.msg.Quaternion(x=0.8150659815611991, y=0.3666393104117211, z=-0.28350917210961285, w=-0.34765731847930137)",[0. 0. 0. 0. 0. 0. 0. 0. 0.],"geometry_msgs.msg.Vector3(x=-50.875, y=-242.1875, z=130.6875)",[0. 0. 0. 0. 0. 0. 0. 0. 0.],"geometry_msgs.msg.Vector3(x=-0.4326171875, y=0.8525390625, z=0.6044921875)",[0. 0. 0. 0. 0. 0. 0. 0. 0.],False
1731182681245385435,"std_msgs.msg.Header(stamp=builtin_interfaces.msg.Time(sec=1731182681, nanosec=244951780), frame_id='RL_myo')","geometry_msgs.msg.Quaternion(x=0.8107395516663971, y=0.3439982017008066, z=-0.320255245621741, w=-0.34900314359922147)",[0. 0. 0. 0. 0. 0. 0. 0. 0.],"geometry_msgs.msg.Vector3(x=-26.9375, y=-231.8125, z=106.75)",[0. 0. 0. 0. 0. 0. 0. 0. 0.],"geometry_msgs.msg.Vector3(x=-0.21044921875, y=1.00390625, z=0.634765625)",[0. 0. 0. 0. 0. 0. 0. 0. 0.],False
1731182681251524347,"std_msgs.msg.Header(stamp=builtin_interfaces.msg.Time(sec=1731182681, nanosec=251039143), frame_id='RL_myo')","geometry_msgs.msg.Quaternion(x=0.8056566913285026, y=0.32153026135746604, z=-0.3532682522279828, w=-0.3503385915322428)",[0. 0. 0. 0. 0. 0. 0. 0. 0.],"geometry_msgs.msg.Vector3(x=-33.0625, y=-214.875, z=97.4375)",[0. 0. 0. 0. 0. 0. 0. 0. 0.],"geometry_msgs.msg.Vector3(x=-0.0634765625, y=1.12158203125, z=0.64794921875)",[0. 0. 0. 0. 0. 0. 0. 0. 0.],False
1731182681269395500,"std_msgs.msg.Header(stamp=builtin_interfaces.msg.Time(sec=1731182681, nanosec=269003721), frame_id='RL_myo')","geometry_msgs.msg.Quaternion(x=0.8028562882916964, y=0.29437250102104695, z=-0.3781737541626388, w=-0.35461418845786497)",[0. 0. 0. 0. 0. 0. 0. 0. 0.],"geometry_msgs.msg.Vector3(x=-82.0625, y=-186.9375, z=82.5625)",[0. 0. 0. 0. 0. 0. 0. 0. 0.],"geometry_msgs.msg.Vector3(x=0.0380859375, y=1.11376953125, z=0.595703125)",[0. 0. 0. 0. 0. 0. 0. 0. 0.],False
1731182681297990352,"std_msgs.msg.Header(stamp=builtin_interfaces.msg.Time(sec=1731182681, nanosec=297485544), frame_id='RL_myo')","geometry_msgs.msg.Quaternion(x=0.8031907678515893, y=0.26380351840220145, z=-0.3943014180652988, w=-0.3603036022971298)",[0. 0. 0. 0. 0. 0. 0. 0. 0.],"geometry_msgs.msg.Vector3(x=-124.5, y=-149.375, z=76.25)",[0. 0. 0. 0. 0. 0. 0. 0. 0.],"geometry_msgs.msg.Vector3(x=-0.029296875, y=1.03662109375, z=0.51513671875)",[0. 0. 0. 0. 0. 0. 0. 0. 0.],False
1731182681311560706,"std_msgs.msg.Header(stamp=builtin_interfaces.msg.Time(sec=1731182681, nanosec=311121506), frame_id='RL_myo')","geometry_msgs.msg.Quaternion(x=0.8048277502066675, y=0.23315956361212423, z=-0.4054046653172066, w=-0.36542573490727426)",[0. 0. 0. 0. 0. 0. 0. 0. 0.],"geometry_msgs.msg.Vector3(x=-135.1875, y=-123.875, z=75.0625)",[0. 0. 0. 0. 0. 0. 0. 0. 0.],"geometry_msgs.msg.Vector3(x=-0.09912109375, y=0.93212890625, z=0.541015625)",[0. 0. 0. 0. 0. 0. 0. 0. 0.],False
1731182681329338990,"std_msgs.msg.Header(stamp=builtin_interfaces.msg.Time(sec=1731182681, nanosec=328918529), frame_id='RL_myo')","geometry_msgs.msg.Quaternion(x=0.8048101474568581, y=0.2062379408658216, z=-0.4165652401329483, w=-0.3690798545177932)",[0. 0. 0. 0. 0. 0. 0. 0. 0.],"geometry_msgs.msg.Vector3(x=-111.375, y=-117.5625, z=67.9375)",[0. 0. 0. 0. 0. 0. 0. 0. 0.],"geometry_msgs.msg.Vector3(x=-0.0439453125, y=0.7802734375, z=0.5)",[0. 0. 0. 0. 0. 0. 0. 0. 0.],False
1731182681351822763,"std_msgs.msg.Header(stamp=builtin_interfaces.msg.Time(sec=1731182681, nanosec=351295289), frame_id='RL_myo')","geometry_msgs.msg.Quaternion(x=0.8016255097378848, y=0.18884036296094225, z=-0.4303533934187472, w=-0.36950211938123606)",[0. 0. 0. 0. 0. 0. 0. 0. 0.],"geometry_msgs.msg.Vector3(x=-49.9375, y=-110.4375, z=52.875)",[0. 0. 0. 0. 0. 0. 0. 0. 0.],"geometry_msgs.msg.Vector3(x=0.29150390625, y=0.71826171875, z=0.51611328125)",[0. 0. 0. 0. 0. 0. 0. 0. 0.],False
1731182681373164712,"std_msgs.msg.Header(stamp=builtin_interfaces.msg.Time(sec=1731182681, nanosec=372602141), frame_id='RL_myo')","geometry_msgs.msg.Quaternion(x=0.8000138380927485, y=0.17493245288577228, z=-0.4420309922535809, w=-0.3660397487634251)",[0. 0. 0. 0. 0. 0. 0. 0. 0.],"geometry_msgs.msg.Vector3(x=-43.0625, y=-77.625, z=67.375)",[0. 0. 0. 0. 0. 0. 0. 0. 0.],"geometry_msgs.msg.Vector3(x=0.95751953125, y=1.19384765625, z=0.7607421875)",[0. 0. 0. 0. 0. 0. 0. 0. 0.],False
1731182681389188075,"std_msgs.msg.Header(stamp=builtin_interfaces.msg.Time(sec=1731182681, nanosec=388766875), frame_id='RL_myo')","geometry_msgs.msg.Quaternion(x=0.8026799153550106, y=0.16235484562727764, z=-0.4458044332562541, w=-0.36139212066131987)",[0. 0. 0. 0. 0. 0. 0. 0. 0.],"geometry_msgs.msg.Vector3(x=-64.4375, y=-26.5, z=81.375)",[0. 0. 0. 0. 0. 0. 0. 0. 0.],"geometry_msgs.msg.Vector3(x=0.62109375, y=1.05615234375, z=0.42822265625)",[0. 0. 0. 0. 0. 0. 0. 0. 0.],False
1731182681416523957,"std_msgs.msg.Header(stamp=builtin_interfaces.msg.Time(sec=1731182681, nanosec=416048965), frame_id='RL_myo')","geometry_msgs.msg.Quaternion(x=0.8105399150904902, y=0.14007448080818335, z=-0.4457969532997696, w=-0.3530853470480787)",[0. 0. 0. 0. 0. 0. 0. 0. 0.],"geometry_msgs.msg.Vector3(x=-93.5, y=-18.4375, z=117.0625)",[0. 0. 0. 0. 0. 0. 0. 0. 0.],"geometry_msgs.msg.Vector3(x=0.4560546875, y=0.93212890625, z=0.45166015625)",[0. 0. 0. 0. 0. 0. 0. 0. 0.],False
1731182681431455773,"std_msgs.msg.Header(stamp=builtin_interfaces.msg.Time(sec=1731182681, nanosec=430958027), frame_id='RL_myo')","geometry_msgs.msg.Quaternion(x=0.8182076727834268, y=0.11645954790531729, z=-0.4468555294626981, w=-0.34248140634000807)",[0. 0. 0. 0. 0. 0. 0. 0. 0.],"geometry_msgs.msg.Vector3(x=-88.375, y=-24.25, z=127.3125)",[0. 0. 0. 0. 0. 0. 0. 0. 0.],"geometry_msgs.msg.Vector3(x=0.60888671875, y=0.58837890625, z=0.48828125)",[0. 0. 0. 0. 0. 0. 0. 0. 0.],False
1731182681449953016,"std_msgs.msg.Header(stamp=builtin_interfaces.msg.Time(sec=1731182681, nanosec=449571587), frame_id='RL_myo')","geometry_msgs.msg.Quaternion(x=0.823618891814924, y=0.09912235662571785, z=-0.4486141140388092, w=-0.33252376779366427)",[0. 0. 0. 0. 0. 0. 0. 0. 0.],"geometry_msgs.msg.Vector3(x=-48.75, y=-20.5, z=93.5)",[0. 0. 0. 0. 0. 0. 0. 0. 0.],"geometry_msgs.msg.Vector3(x=0.79541015625, y=0.34912109375, z=0.6552734375)",[0. 0. 0. 0. 0. 0. 0. 0. 0.],False
1731182681476556313,"std_msgs.msg.Header(stamp=builtin_interfaces.msg.Time(sec=1731182681, nanosec=476102677), frame_id='RL_myo')","geometry_msgs.msg.Quaternion(x=0.8286603648253082, y=0.09527427483923594, z=-0.4503098012580927, w=-0.3185371174798029)",[0. 0. 0. 0. 0. 0. 0. 0. 0.],"geometry_msgs.msg.Vector3(x=31.9375, y=0.875, z=73.875)",[0. 0. 0. 0. 0. 0. 0. 0. 0.],"geometry_msgs.msg.Vector3(x=0.7177734375, y=0.201171875, z=0.70361328125)",[0. 0. 0. 0. 0. 0. 0. 0. 0.],False
1731182681498973815,"std_msgs.msg.Header(stamp=builtin_interfaces.msg.Time(sec=1731182681, nanosec=498479326), frame_id='RL_myo')","geometry_msgs.msg.Quaternion(x=0.8318360483333241, y=0.10992271795790717, z=-0.4550104732793992, w=-0.29821343694743724)",[0. 0. 0. 0. 0. 0. 0. 0. 0.],"geometry_msgs.msg.Vector3(x=131.6875, y=23.1875, z=64.0)",[0. 0. 0. 0. 0. 0. 0. 0. 0.],"geometry_msgs.msg.Vector3(x=0.693359375, y=0.2236328125, z=0.63427734375)",[0. 0. 0. 0. 0. 0. 0. 0. 0.],False
1731182681510096073,"std_msgs.msg.Header(stamp=builtin_interfaces.msg.Time(sec=1731182681, nanosec=509693793), frame_id='RL_myo')","geometry_msgs.msg.Quaternion(x=0.8326278437290726, y=0.12933135910144442, z=-0.46208953268382996, w=-0.2765457234962929)",[0. 0. 0. 0. 0. 0. 0. 0. 0.],"geometry_msgs.msg.Vector3(x=160.0625, y=15.4375, z=58.9375)",[0. 0. 0. 0. 0. 0. 0. 0. 0.],"geometry_msgs.msg.Vector3(x=0.69775390625, y=0.4931640625, z=0.50830078125)",[0. 0. 0. 0. 0. 0. 0. 0. 0.],False
1731182681530563928,"std_msgs.msg.Header(stamp=builtin_interfaces.msg.Time(sec=1731182681, nanosec=530039118), frame_id='RL_myo')","geometry_msgs.msg.Quaternion(x=0.8318269629746189, y=0.14190312487460482, z=-0.46782256007047135, w=-0.2628106906279778)",[0. 0. 0. 0. 0. 0. 0. 0. 0.],"geometry_msgs.msg.Vector3(x=97.6875, y=1.8125, z=45.0625)",[0. 0. 0. 0. 0. 0. 0. 0. 0.],"geometry_msgs.msg.Vector3(x=0.63134765625, y=0.62890625, z=0.4365234375)",[0. 0. 0. 0. 0. 0. 0. 0. 0.],False
1731182681569976616,"std_msgs.msg.Header(stamp=builtin_interfaces.msg.Time(sec=1731182681, nanosec=569462084), frame_id='RL_myo')","geometry_msgs.msg.Quaternion(x=0.8322886144337823, y=0.14319075164723186, z=-0.4710157845105235, w=-0.2548258261411735)",[0. 0. 0. 0. 0. 0. 0. 0. 0.],"geometry_msgs.msg.Vector3(x=26.3125, y=-3.875, z=44.0625)",[0. 0. 0. 0. 0. 0. 0. 0. 0.],"geometry_msgs.msg.Vector3(x=0.67529296875, y=0.57666015625, z=0.45556640625)",[0. 0. 0. 0. 0. 0. 0. 0. 0.],False
1731182681574090842,"std_msgs.msg.Header(stamp=builtin_interfaces.msg.Time(sec=1731182681, nanosec=573616154), frame_id='RL_myo')","geometry_msgs.msg.Quaternion(x=0.8349487384966376, y=0.13635054691531348, z=-0.47118452201710836, w=-0.24950807331683147)",[0. 0. 0. 0. 0. 0. 0. 0. 0.],"geometry_msgs.msg.Vector3(x=-16.8125, y=0.0, z=43.5)",[0. 0. 0. 0. 0. 0. 0. 0. 0.],"geometry_msgs.msg.Vector3(x=0.72265625, y=0.3828125, z=0.53564453125)",[0. 0. 0. 0. 0. 0. 0. 0. 0.],False
1731182681596663887,"std_msgs.msg.Header(stamp=builtin_interfaces.msg.Time(sec=1731182681, nanosec=596141965), frame_id='RL_myo')","geometry_msgs.msg.Quaternion(x=0.8374020271141467, y=0.12933344719058867, z=-0.47076398215243537, w=-0.24578848128197292)",[0. 0. 0. 0. 0. 0. 0. 0. 0.],"geometry_msgs.msg.Vector3(x=-18.5, y=1.1875, z=29.6875)",[0. 0. 0. 0. 0. 0. 0. 0. 0.],"geometry_msgs.msg.Vector3(x=0.791015625, y=0.29443359375, z=0.57568359375)",[0. 0. 0. 0. 0. 0. 0. 0. 0.],False
1731182681618982195,"std_msgs.msg.Header(stamp=builtin_interfaces.msg.Time(sec=1731182681, nanosec=618521802), frame_id='RL_myo')","geometry_msgs.msg.Quaternion(x=0.8375307586984662, y=0.12847997719430632, z=-0.471561189455207, w=-0.24426454571573109)",[0. 0. 0. 0. 0. 0. 0. 0. 0.],"geometry_msgs.msg.Vector3(x=3.3125, y=-0.125, z=3.9375)",[0. 0. 0. 0. 0. 0. 0. 0. 0.],"geometry_msgs.msg.Vector3(x=0.80615234375, y=0.3671875, z=0.5107421875)",[0. 0. 0. 0. 0. 0. 0. 0. 0.],False
1731182681637511779,"std_msgs.msg.Header(stamp=builtin_interfaces.msg.Time(sec=1731182681, nanosec=637109744), frame_id='RL_myo')","geometry_msgs.msg.Quaternion(x=0.8366081979485763, y=0.13085926726502864, z=-0.47222861512571207, w=-0.24487284527392486)",[0. 0. 0. 0. 0. 0. 0. 0. 0.],"geometry_msgs.msg.Vector3(x=10.4375, y=0.875, z=-12.0)",[0. 0. 0. 0. 0. 0. 0. 0. 0.],"geometry_msgs.msg.Vector3(x=0.75341796875, y=0.4326171875, z=0.47021484375)",[0. 0. 0. 0. 0. 0. 0. 0. 0.],False
1731182681665249132,"std_msgs.msg.Header(stamp=builtin_interfaces.msg.Time(sec=1731182681, nanosec=664797772), frame_id='RL_myo')","geometry_msgs.msg.Quaternion(x=0.835890074399526, y=0.1327536262737473, z=-0.4721756564844639, w=-0.24640293759407714)",[0. 0. 0. 0. 0. 0. 0. 0. 0.],"geometry_msgs.msg.Vector3(x=4.5, y=1.3125, z=-13.4375)",[0. 0. 0. 0. 0. 0. 0. 0. 0.],"geometry_msgs.msg.Vector3(x=0.70166015625, y=0.4365234375, z=0.47119140625)",[0. 0. 0. 0. 0. 0. 0. 0. 0.],False
1731182681671530743,"std_msgs.msg.Header(stamp=builtin_interfaces.msg.Time(sec=1731182681, nanosec=671055110), frame_id='RL_myo')","geometry_msgs.msg.Quaternion(x=0.8354463134416285, y=0.13287307308316956, z=-0.4722273617108328, w=-0.2477408376869937)",[0. 0. 0. 0. 0. 0. 0. 0. 0.],"geometry_msgs.msg.Vector3(x=-3.875, y=-0.375, z=-7.0625)",[0. 0. 0. 0. 0. 0. 0. 0. 0.],"geometry_msgs.msg.Vector3(x=0.67822265625, y=0.435546875, z=0.44921875)",[0. 0. 0. 0. 0. 0. 0. 0. 0.],False
1731182681689307460,"std_msgs.msg.Header(stamp=builtin_interfaces.msg.Time(sec=1731182681, nanosec=688947975), frame_id='RL_myo')","geometry_msgs.msg.Quaternion(x=0.835125942863215, y=0.13177204638176432, z=-0.47246290460455653, w=-0.24895700657305078)",[0. 0. 0. 0. 0. 0. 0. 0. 0.],"geometry_msgs.msg.Vector3(x=-10.4375, y=-2.375, z=-2.1875)",[0. 0. 0. 0. 0. 0. 0. 0. 0.],"geometry_msgs.msg.Vector3(x=0.67431640625, y=0.4453125, z=0.44189453125)",[0. 0. 0. 0. 0. 0. 0. 0. 0.],False
1731182681711991670,"std_msgs.msg.Header(stamp=builtin_interfaces.msg.Time(sec=1731182681, nanosec=711613990), frame_id='RL_myo')","geometry_msgs.msg.Quaternion(x=0.8348032495037775, y=0.13049713734291704, z=-0.4726706415264497, w=-0.25031279712034743)",[0. 0. 0. 0. 0. 0. 0. 0. 0.],"geometry_msgs.msg.Vector3(x=-10.3125, y=-3.5, z=-2.75)",[0. 0. 0. 0. 0. 0. 0. 0. 0.],"geometry_msgs.msg.Vector3(x=0.6767578125, y=0.4326171875, z=0.4609375)",[0. 0. 0. 0. 0. 0. 0. 0. 0.],False
1731182681734860058,"std_msgs.msg.Header(stamp=builtin_interfaces.msg.Time(sec=1731182681, nanosec=734537250), frame_id='RL_myo')","geometry_msgs.msg.Quaternion(x=0.8343696989046114, y=0.12958060503105268, z=-0.4729112236366444, w=-0.25177578697743397)",[0. 0. 0. 0. 0. 0. 0. 0. 0.],"geometry_msgs.msg.Vector3(x=-6.9375, y=-5.1875, z=-5.625)",[0. 0. 0. 0. 0. 0. 0. 0. 0.],"geometry_msgs.msg.Vector3(x=0.68212890625, y=0.4150390625, z=0.49560546875)",[0. 0. 0. 0. 0. 0. 0. 0. 0.],False
1731182681756813966,"std_msgs.msg.Header(stamp=builtin_interfaces.msg.Time(sec=1731182681, nanosec=756455723), frame_id='RL_myo')","geometry_msgs.msg.Quaternion(x=0.8336340163845424, y=0.12970217343806945, z=-0.47345871028663755, w=-0.25311760623419954)",[0. 0. 0. 0. 0. 0. 0. 0. 0.],"geometry_msgs.msg.Vector3(x=-0.5, y=-6.25, z=-8.125)",[0. 0. 0. 0. 0. 0. 0. 0. 0.],"geometry_msgs.msg.Vector3(x=0.6728515625, y=0.41259765625, z=0.5029296875)",[0. 0. 0. 0. 0. 0. 0. 0. 0.],False
1731182681772504221,"std_msgs.msg.Header(stamp=builtin_interfaces.msg.Time(sec=1731182681, nanosec=772173826), frame_id='RL_myo')","geometry_msgs.msg.Quaternion(x=0.8328233357235367, y=0.1300657038055593, z=-0.4739372079071647, w=-0.2546992876492722)",[0. 0. 0. 0. 0. 0. 0. 0. 0.],"geometry_msgs.msg.Vector3(x=-0.875, y=-6.375, z=-9.125)",[0. 0. 0. 0. 0. 0. 0. 0. 0.],"geometry_msgs.msg.Vector3(x=0.66015625, y=0.423828125, z=0.4921875)",[0. 0. 0. 0. 0. 0. 0. 0. 0.],False
1731182681787495482,"std_msgs.msg.Header(stamp=builtin_interfaces.msg.Time(sec=1731182681, nanosec=787161591), frame_id='RL_myo')","geometry_msgs.msg.Quaternion(x=0.832408902025782, y=0.12994563370090115, z=-0.4740055384317512, w=-0.2559849637114041)",[0. 0. 0. 0. 0. 0. 0. 0. 0.],"geometry_msgs.msg.Vector3(x=-5.25, y=-2.6875, z=-4.375)",[0. 0. 0. 0. 0. 0. 0. 0. 0.],"geometry_msgs.msg.Vector3(x=0.65576171875, y=0.45947265625, z=0.47412109375)",[0. 0. 0. 0. 0. 0. 0. 0. 0.],False
1731182681809871711,"std_msgs.msg.Header(stamp=builtin_interfaces.msg.Time(sec=1731182681, nanosec=809554398), frame_id='RL_myo')","geometry_msgs.msg.Quaternion(x=0.8324040458238975, y=0.12951762613567316, z=-0.47363655928973786, w=-0.2568990049034158)",[0. 0. 0. 0. 0. 0. 0. 0. 0.],"geometry_msgs.msg.Vector3(x=-6.25, y=-0.5625, z=-1.125)",[0. 0. 0. 0. 0. 0. 0. 0. 0.],"geometry_msgs.msg.Vector3(x=0.65185546875, y=0.45849609375, z=0.48046875)",[0. 0. 0. 0. 0. 0. 0. 0. 0.],False
1731182681832654014,"std_msgs.msg.Header(stamp=builtin_interfaces.msg.Time(sec=1731182681, nanosec=832263978), frame_id='RL_myo')","geometry_msgs.msg.Quaternion(x=0.8319892655334205, y=0.12909231139338156, z=-0.47358262132446693, w=-0.25855084210986495)",[0. 0. 0. 0. 0. 0. 0. 0. 0.],"geometry_msgs.msg.Vector3(x=-7.8125, y=-2.4375, z=-5.4375)",[0. 0. 0. 0. 0. 0. 0. 0. 0.],"geometry_msgs.msg.Vector3(x=0.6650390625, y=0.46728515625, z=0.47705078125)",[0. 0. 0. 0. 0. 0. 0. 0. 0.],False
1731182681859138826,"std_msgs.msg.Header(stamp=builtin_interfaces.msg.Time(sec=1731182681, nanosec=858643744), frame_id='RL_myo')","geometry_msgs.msg.Quaternion(x=0.8314829170554217, y=0.12939468429549247, z=-0.47338923179049036, w=-0.26037628453045797)",[0. 0. 0. 0. 0. 0. 0. 0. 0.],"geometry_msgs.msg.Vector3(x=-5.75, y=-1.1875, z=-7.5625)",[0. 0. 0. 0. 0. 0. 0. 0. 0.],"geometry_msgs.msg.Vector3(x=0.65283203125, y=0.47265625, z=0.46630859375)",[0. 0. 0. 0. 0. 0. 0. 0. 0.],False
1731182681869981030,"std_msgs.msg.Header(stamp=builtin_interfaces.msg.Time(sec=1731182681, nanosec=869615463), frame_id='RL_myo')","geometry_msgs.msg.Quaternion(x=0.8314526722002111, y=0.12952155119724326, z=-0.47279638811208596, w=-0.2614846019458012)",[0. 0. 0. 0. 0. 0. 0. 0. 0.],"geometry_msgs.msg.Vector3(x=-5.25, y=1.6875, z=-2.9375)",[0. 0. 0. 0. 0. 0. 0. 0. 0.],"geometry_msgs.msg.Vector3(x=0.6396484375, y=0.47216796875, z=0.46728515625)",[0. 0. 0. 0. 0. 0. 0. 0. 0.],False
1731182681891939355,"std_msgs.msg.Header(stamp=builtin_interfaces.msg.Time(sec=1731182681, nanosec=891509550), frame_id='RL_myo')","geometry_msgs.msg.Quaternion(x=0.8315995025977229, y=0.12914969155939682, z=-0.4724095523013853, w=-0.2619004378456388)",[0. 0. 0. 0. 0. 0. 0. 0. 0.],"geometry_msgs.msg.Vector3(x=-4.5, y=0.125, z=1.125)",[0. 0. 0. 0. 0. 0. 0. 0. 0.],"geometry_msgs.msg.Vector3(x=0.64697265625, y=0.4619140625, z=0.490234375)",[0. 0. 0. 0. 0. 0. 0. 0. 0.],False
1731182681915687975,"std_msgs.msg.Header(stamp=builtin_interfaces.msg.Time(sec=1731182681, nanosec=915271436), frame_id='RL_myo')","geometry_msgs.msg.Quaternion(x=0.8313646838921388, y=0.12860181990754985, z=-0.4725979551704596, w=-0.26257476470919766)",[0. 0. 0. 0. 0. 0. 0. 0. 0.],"geometry_msgs.msg.Vector3(x=-4.5, y=-3.3125, z=-0.875)",[0. 0. 0. 0. 0. 0. 0. 0. 0.],"geometry_msgs.msg.Vector3(x=0.6630859375, y=0.44873046875, z=0.49169921875)",[0. 0. 0. 0. 0. 0. 0. 0. 0.],False
1731182681927987809,"std_msgs.msg.Header(stamp=builtin_interfaces.msg.Time(sec=1731182681, nanosec=927669025), frame_id='RL_myo')","geometry_msgs.msg.Quaternion(x=0.8311010736224271, y=0.12853777344854458, z=-0.47270895316190775, w=-0.2632399890235388)",[0. 0. 0. 0. 0. 0. 0. 0. 0.],"geometry_msgs.msg.Vector3(x=-2.8125, y=-1.8125, z=-2.1875)",[0. 0. 0. 0. 0. 0. 0. 0. 0.],"geometry_msgs.msg.Vector3(x=0.66162109375, y=0.451171875, z=0.47900390625)",[0. 0. 0. 0. 0. 0. 0. 0. 0.],False
1731182681948986084,"std_msgs.msg.Header(stamp=builtin_interfaces.msg.Time(sec=1731182681, nanosec=948546531), frame_id='RL_myo')","geometry_msgs.msg.Quaternion(x=0.8310623190478325, y=0.1286022551581803, z=-0.47272162610351515, w=-0.26330808198974365)",[0. 0. 0. 0. 0. 0. 0. 0. 0.],"geometry_msgs.msg.Vector3(x=-0.375, y=0.625, z=-0.875)",[0. 0. 0. 0. 0. 0. 0. 0. 0.],"geometry_msgs.msg.Vector3(x=0.65625, y=0.4541015625, z=0.4755859375)",[0. 0. 0. 0. 0. 0. 0. 0. 0.],False
1731182681971488755,"std_msgs.msg.Header(stamp=builtin_interfaces.msg.Time(sec=1731182681, nanosec=970969933), frame_id='RL_myo')","geometry_msgs.msg.Quaternion(x=0.8310848650755471, y=0.12866678140270663, z=-0.4724903011567135, w=-0.26362041218135196)",[0. 0. 0. 0. 0. 0. 0. 0. 0.],"geometry_msgs.msg.Vector3(x=-1.875, y=0.375, z=-0.25)",[0. 0. 0. 0. 0. 0. 0. 0. 0.],"geometry_msgs.msg.Vector3(x=0.6572265625, y=0.45849609375, z=0.486328125)",[0. 0. 0. 0. 0. 0. 0. 0. 0.],False
1731182681987767219,"std_msgs.msg.Header(stamp=builtin_interfaces.msg.Time(sec=1731182681, nanosec=987424187), frame_id='RL_myo')","geometry_msgs.msg.Quaternion(x=0.8310487898352477, y=0.1287222310342639, z=-0.47240875685405526, w=-0.2638531079948425)",[0. 0. 0. 0. 0. 0. 0. 0. 0.],"geometry_msgs.msg.Vector3(x=-1.25, y=0.25, z=-0.1875)",[0. 0. 0. 0. 0. 0. 0. 0. 0.],"geometry_msgs.msg.Vector3(x=0.66455078125, y=0.4521484375, z=0.48193359375)",[0. 0. 0. 0. 0. 0. 0. 0. 0.],False
1731182682012587492,"std_msgs.msg.Header(stamp=builtin_interfaces.msg.Time(sec=1731182682, nanosec=12283806), frame_id='RL_myo')","geometry_msgs.msg.Quaternion(x=0.8310736320820313, y=0.12866504233467407, z=-0.4722397687587159, w=-0.26410514145262554)",[0. 0. 0. 0. 0. 0. 0. 0. 0.],"geometry_msgs.msg.Vector3(x=-2.25, y=0.625, z=0.0)",[0. 0. 0. 0. 0. 0. 0. 0. 0.],"geometry_msgs.msg.Vector3(x=0.66357421875, y=0.45361328125, z=0.47802734375)",[0. 0. 0. 0. 0. 0. 0. 0. 0.],False
1731182682025299348,"std_msgs.msg.Header(stamp=builtin_interfaces.msg.Time(sec=1731182682, nanosec=24893019), frame_id='RL_myo')","geometry_msgs.msg.Quaternion(x=0.8311698344051488, y=0.12866103766529988, z=-0.47204196646272734, w=-0.2641579558896669)",[0. 0. 0. 0. 0. 0. 0. 0. 0.],"geometry_msgs.msg.Vector3(x=-1.6875, y=1.4375, z=0.75)",[0. 0. 0. 0. 0. 0. 0. 0. 0.],"geometry_msgs.msg.Vector3(x=0.66552734375, y=0.45166015625, z=0.48046875)",[0. 0. 0. 0. 0. 0. 0. 0. 0.],False
1731182682054160853,"std_msgs.msg.Header(stamp=builtin_interfaces.msg.Time(sec=1731182682, nanosec=53660396), frame_id='RL_myo')","geometry_msgs.msg.Quaternion(x=0.8311937806554182, y=0.12866474442808207, z=-0.47199452972597655, w=-0.2641655663589844)",[0. 0. 0. 0. 0. 0. 0. 0. 0.],"geometry_msgs.msg.Vector3(x=-0.0625, y=0.875, z=0.75)",[0. 0. 0. 0. 0. 0. 0. 0. 0.],"geometry_msgs.msg.Vector3(x=0.66943359375, y=0.4384765625, z=0.4951171875)",[0. 0. 0. 0. 0. 0. 0. 0. 0.],False
1731182682085373500,"std_msgs.msg.Header(stamp=builtin_interfaces.msg.Time(sec=1731182682, nanosec=84801936), frame_id='RL_myo')","geometry_msgs.msg.Quaternion(x=0.8309001742190292, y=0.13013143109049954, z=-0.4725504406672831, w=-0.26337576226806075)",[0. 0. 0. 0. 0. 0. 0. 0. 0.],"geometry_msgs.msg.Vector3(x=10.0625, y=-1.6875, z=1.0)",[0. 0. 0. 0. 0. 0. 0. 0. 0.],"geometry_msgs.msg.Vector3(x=0.67138671875, y=0.4541015625, z=0.5078125)",[0. 0. 0. 0. 0. 0. 0. 0. 0.],False
1731182682091623258,"std_msgs.msg.Header(stamp=builtin_interfaces.msg.Time(sec=1731182682, nanosec=91133765), frame_id='RL_myo')","geometry_msgs.msg.Quaternion(x=0.8301341967232428, y=0.13281170590910787, z=-0.4739351545883376, w=-0.26196132433910435)",[0. 0. 0. 0. 0. 0. 0. 0. 0.],"geometry_msgs.msg.Vector3(x=23.125, y=-7.3125, z=-2.625)",[0. 0. 0. 0. 0. 0. 0. 0. 0.],"geometry_msgs.msg.Vector3(x=0.7177734375, y=0.43310546875, z=0.58984375)",[0. 0. 0. 0. 0. 0. 0. 0. 0.],False
1731182682114251689,"std_msgs.msg.Header(stamp=builtin_interfaces.msg.Time(sec=1731182682, nanosec=113641473), frame_id='RL_myo')","geometry_msgs.msg.Quaternion(x=0.8267837942888971, y=0.1376345383228601, z=-0.4787606734388092, w=-0.26129199936149183)",[0. 0. 0. 0. 0. 0. 0. 0. 0.],"geometry_msgs.msg.Vector3(x=46.9375, y=-31.125, z=-23.0)",[0. 0. 0. 0. 0. 0. 0. 0. 0.],"geometry_msgs.msg.Vector3(x=0.8154296875, y=0.31201171875, z=0.703125)",[0. 0. 0. 0. 0. 0. 0. 0. 0.],False
1731182682128755231,"std_msgs.msg.Header(stamp=builtin_interfaces.msg.Time(sec=1731182682, nanosec=128330448), frame_id='RL_myo')","geometry_msgs.msg.Quaternion(x=0.8204441338205968, y=0.15063652151980605, z=-0.4851741124639134, w=-0.2622711235699378)",[0. 0. 0. 0. 0. 0. 0. 0. 0.],"geometry_msgs.msg.Vector3(x=80.3125, y=-25.8125, z=-57.9375)",[0. 0. 0. 0. 0. 0. 0. 0. 0.],"geometry_msgs.msg.Vector3(x=0.9609375, y=0.412109375, z=0.587890625)",[0. 0. 0. 0. 0. 0. 0. 0. 0.],False
1731182682151468904,"std_msgs.msg.Header(stamp=builtin_interfaces.msg.Time(sec=1731182682, nanosec=150937367), frame_id='RL_myo')","geometry_msgs.msg.Quaternion(x=0.8134072883307335, y=0.17162912094139887, z=-0.48614009541189257, w=-0.2694064508660507)",[0. 0. 0. 0. 0. 0. 0. 0. 0.],"geometry_msgs.msg.Vector3(x=87.125, y=4.0625, z=-105.625)",[0. 0. 0. 0. 0. 0. 0. 0. 0.],"geometry_msgs.msg.Vector3(x=1.13232421875, y=0.54345703125, z=0.5302734375)",[0. 0. 0. 0. 0. 0. 0. 0. 0.],False
1731182682167978188,"std_msgs.msg.Header(stamp=builtin_interfaces.msg.Time(sec=1731182682, nanosec=167537637), frame_id='RL_myo')","geometry_msgs.msg.Quaternion(x=0.8063468775467401, y=0.19952675366742056, z=-0.48200146029722246, w=-0.2786904733084865)",[0. 0. 0. 0. 0. 0. 0. 0. 0.],"geometry_msgs.msg.Vector3(x=104.75, y=36.0, z=-138.6875)",[0. 0. 0. 0. 0. 0. 0. 0. 0.],"geometry_msgs.msg.Vector3(x=1.1650390625, y=0.802734375, z=0.59716796875)",[0. 0. 0. 0. 0. 0. 0. 0. 0.],False
1731182682189054672,"std_msgs.msg.Header(stamp=builtin_interfaces.msg.Time(sec=1731182682, nanosec=188530442), frame_id='RL_myo')","geometry_msgs.msg.Quaternion(x=0.8020148438247009, y=0.22162221445414682, z=-0.47394560595881297, w=-0.288151604086485)",[0. 0. 0. 0. 0. 0. 0. 0. 0.],"geometry_msgs.msg.Vector3(x=64.625, y=52.5625, z=-120.25)",[0. 0. 0. 0. 0. 0. 0. 0. 0.],"geometry_msgs.msg.Vector3(x=1.068359375, y=1.12548828125, z=0.4921875)",[0. 0. 0. 0. 0. 0. 0. 0. 0.],False
1731182682211613027,"std_msgs.msg.Header(stamp=builtin_interfaces.msg.Time(sec=1731182682, nanosec=211046991), frame_id='RL_myo')","geometry_msgs.msg.Quaternion(x=0.801832710719779, y=0.23547770403873847, z=-0.45801573123553485, w=-0.30304479018982283)",[0. 0. 0. 0. 0. 0. 0. 0. 0.],"geometry_msgs.msg.Vector3(x=-9.1875, y=77.4375, z=-119.5)",[0. 0. 0. 0. 0. 0. 0. 0. 0.],"geometry_msgs.msg.Vector3(x=0.68798828125, y=1.45263671875, z=0.4794921875)",[0. 0. 0. 0. 0. 0. 0. 0. 0.],False
1731182682228100486,"std_msgs.msg.Header(stamp=builtin_interfaces.msg.Time(sec=1731182682, nanosec=227693358), frame_id='RL_myo')","geometry_msgs.msg.Quaternion(x=0.8061978188507575, y=0.2366897676965128, z=-0.43321917769722734, w=-0.32610454584901183)",[0. 0. 0. 0. 0. 0. 0. 0. 0.],"geometry_msgs.msg.Vector3(x=-109.4375, y=93.375, z=-124.375)",[0. 0. 0. 0. 0. 0. 0. 0. 0.],"geometry_msgs.msg.Vector3(x=0.19384765625, y=1.35595703125, z=0.5615234375)",[0. 0. 0. 0. 0. 0. 0. 0. 0.],False
1731182682249030529,"std_msgs.msg.Header(stamp=builtin_interfaces.msg.Time(sec=1731182682, nanosec=248519889), frame_id='RL_myo')","geometry_msgs.msg.Quaternion(x=0.8116388196584879, y=0.2319316825614569, z=-0.3983121474726494, w=-0.35888376143720174)",[0. 0. 0. 0. 0. 0. 0. 0. 0.],"geometry_msgs.msg.Vector3(x=-182.125, y=115.8125, z=-164.875)",[0. 0. 0. 0. 0. 0. 0. 0. 0.],"geometry_msgs.msg.Vector3(x=-0.2216796875, y=1.1181640625, z=0.45361328125)",[0. 0. 0. 0. 0. 0. 0. 0. 0.],False
1731182682272959723,"std_msgs.msg.Header(stamp=builtin_interfaces.msg.Time(sec=1731182682, nanosec=272467878), frame_id='RL_myo')","geometry_msgs.msg.Quaternion(x=0.8124303347140734, y=0.23327388921021625, z=-0.3597984240958202, w=-0.3950763696645028)",[0. 0. 0. 0. 0. 0. 0. 0. 0.],"geometry_msgs.msg.Vector3(x=-161.5, y=133.5, z=-215.0625)",[0. 0. 0. 0. 0. 0. 0. 0. 0.],"geometry_msgs.msg.Vector3(x=-0.013671875, y=0.82666015625, z=0.37451171875)",[0. 0. 0. 0. 0. 0. 0. 0. 0.],False
1731182682294125173,"std_msgs.msg.Header(stamp=builtin_interfaces.msg.Time(sec=1731182682, nanosec=293604815), frame_id='RL_myo')","geometry_msgs.msg.Quaternion(x=0.8095196483876703, y=0.24542550751465145, z=-0.3258098381281297, w=-0.42224662048902234)",[0. 0. 0. 0. 0. 0. 0. 0. 0.],"geometry_msgs.msg.Vector3(x=-74.3125, y=140.75, z=-200.1875)",[0. 0. 0. 0. 0. 0. 0. 0. 0.],"geometry_msgs.msg.Vector3(x=-0.0224609375, y=0.62451171875, z=0.4892578125)",[0. 0. 0. 0. 0. 0. 0. 0. 0.],False
1731182682310455816,"std_msgs.msg.Header(stamp=builtin_interfaces.msg.Time(sec=1731182682, nanosec=310133320), frame_id='RL_myo')","geometry_msgs.msg.Quaternion(x=0.8044331135626875, y=0.2750209112073953, z=-0.29034054030483347, w=-0.4392644247580169)",[0. 0. 0. 0. 0. 0. 0. 0. 0.],"geometry_msgs.msg.Vector3(x=27.1875, y=196.75, z=-190.3125)",[0. 0. 0. 0. 0. 0. 0. 0. 0.],"geometry_msgs.msg.Vector3(x=-0.349609375, y=0.52734375, z=0.51953125)",[0. 0. 0. 0. 0. 0. 0. 0. 0.],False
1731182682340082271,"std_msgs.msg.Header(stamp=builtin_interfaces.msg.Time(sec=1731182682, nanosec=339636455), frame_id='RL_myo')","geometry_msgs.msg.Quaternion(x=0.7921950615377368, y=0.32172433695703906, z=-0.25488917304735254, w=-0.4516103906554984)",[0. 0. 0. 0. 0. 0. 0. 0. 0.],"geometry_msgs.msg.Vector3(x=125.875, y=231.8125, z=-211.625)",[0. 0. 0. 0. 0. 0. 0. 0. 0.],"geometry_msgs.msg.Vector3(x=-0.7236328125, y=0.50341796875, z=0.52099609375)",[0. 0. 0. 0. 0. 0. 0. 0. 0.],False
1731182682349329092,"std_msgs.msg.Header(stamp=builtin_interfaces.msg.Time(sec=1731182682, nanosec=348996610), frame_id='RL_myo')","geometry_msgs.msg.Quaternion(x=0.7750743603267239, y=0.37206498941268673, z=-0.22472823015379143, w=-0.4586116027636037)",[0. 0. 0. 0. 0. 0. 0. 0. 0.],"geometry_msgs.msg.Vector3(x=171.3125, y=223.3125, z=-197.8125)",[0. 0. 0. 0. 0. 0. 0. 0. 0.],"geometry_msgs.msg.Vector3(x=-0.578125, y=0.84521484375, z=0.609375)",[0. 0. 0. 0. 0. 0. 0. 0. 0.],False
1731182682370412579,"std_msgs.msg.Header(stamp=builtin_interfaces.msg.Time(sec=1731182682, nanosec=369996908), frame_id='RL_myo')","geometry_msgs.msg.Quaternion(x=0.7563244079054154, y=0.42098050531221454, z=-0.19300280669816186, w=-0.4620592178067949)",[0. 0. 0. 0. 0. 0. 0. 0. 0.],"geometry_msgs.msg.Vector3(x=169.25, y=231.875, z=-187.25)",[0. 0. 0. 0. 0. 0. 0. 0. 0.],"geometry_msgs.msg.Vector3(x=-0.70654296875, y=0.94287109375, z=0.61474609375)",[0. 0. 0. 0. 0. 0. 0. 0. 0.],False
1731182682385355520,"std_msgs.msg.Header(stamp=builtin_interfaces.msg.Time(sec=1731182682, nanosec=384984105), frame_id='RL_myo')","geometry_msgs.msg.Quaternion(x=0.7379505277888131, y=0.46419468683489856, z=-0.1594925334253241, w=-0.4631570392772137)",[0. 0. 0. 0. 0. 0. 0. 0. 0.],"geometry_msgs.msg.Vector3(x=143.25, y=233.0625, z=-176.1875)",[0. 0. 0. 0. 0. 0. 0. 0. 0.],"geometry_msgs.msg.Vector3(x=-0.66357421875, y=0.947265625, z=0.677734375)",[0. 0. 0. 0. 0. 0. 0. 0. 0.],False
1731182682407926146,"std_msgs.msg.Header(stamp=builtin_interfaces.msg.Time(sec=1731182682, nanosec=407583646), frame_id='RL_myo')","geometry_msgs.msg.Quaternion(x=0.7240615380859352, y=0.5023203623406598, z=-0.12396265563959659, w=-0.45611665465027346)",[0. 0. 0. 0. 0. 0. 0. 0. 0.],"geometry_msgs.msg.Vector3(x=114.1875, y=255.0625, z=-129.8125)",[0. 0. 0. 0. 0. 0. 0. 0. 0.],"geometry_msgs.msg.Vector3(x=-0.724609375, y=0.75830078125, z=0.66259765625)",[0. 0. 0. 0. 0. 0. 0. 0. 0.],False
1731182682430425459,"std_msgs.msg.Header(stamp=builtin_interfaces.msg.Time(sec=1731182682, nanosec=429990556), frame_id='RL_myo')","geometry_msgs.msg.Quaternion(x=0.7149742263254637, y=0.5340638962222817, z=-0.09350695874428977, w=-0.4414114397119475)",[0. 0. 0. 0. 0. 0. 0. 0. 0.],"geometry_msgs.msg.Vector3(x=95.25, y=243.375, z=-64.8125)",[0. 0. 0. 0. 0. 0. 0. 0. 0.],"geometry_msgs.msg.Vector3(x=-0.82666015625, y=0.61181640625, z=0.7119140625)",[0. 0. 0. 0. 0. 0. 0. 0. 0.],False
1731182682445374398,"std_msgs.msg.Header(stamp=builtin_interfaces.msg.Time(sec=1731182682, nanosec=445031983), frame_id='RL_myo')","geometry_msgs.msg.Quaternion(x=0.7087175303673715, y=0.5597836939969997, z=-0.07123187993615732, w=-0.4234237798775692)",[0. 0. 0. 0. 0. 0. 0. 0. 0.],"geometry_msgs.msg.Vector3(x=84.5625, y=207.5625, z=-16.375)",[0. 0. 0. 0. 0. 0. 0. 0. 0.],"geometry_msgs.msg.Vector3(x=-0.791015625, y=0.5625, z=0.67626953125)",[0. 0. 0. 0. 0. 0. 0. 0. 0.],False
1731182682473958948,"std_msgs.msg.Header(stamp=builtin_interfaces.msg.Time(sec=1731182682, nanosec=473561257), frame_id='RL_myo')","geometry_msgs.msg.Quaternion(x=0.707206097526213, y=0.575921009429304, z=-0.05602961918780215, w=-0.40624525633334546)",[0. 0. 0. 0. 0. 0. 0. 0. 0.],"geometry_msgs.msg.Vector3(x=47.3125, y=155.875, z=17.0625)",[0. 0. 0. 0. 0. 0. 0. 0. 0.],"geometry_msgs.msg.Vector3(x=-0.74560546875, y=0.65283203125, z=0.70263671875)",[0. 0. 0. 0. 0. 0. 0. 0. 0.],False
1731182682490416401,"std_msgs.msg.Header(stamp=builtin_interfaces.msg.Time(sec=1731182682, nanosec=489989138), frame_id='RL_myo')","geometry_msgs.msg.Quaternion(x=0.7054129345567625, y=0.5885257000083329, z=-0.04925744035539563, w=-0.39192320262948616)",[0. 0. 0. 0. 0. 0. 0. 0. 0.],"geometry_msgs.msg.Vector3(x=49.875, y=103.6875, z=31.9375)",[0. 0. 0. 0. 0. 0. 0. 0. 0.],"geometry_msgs.msg.Vector3(x=-0.59765625, y=0.65087890625, z=0.50244140625)",[0. 0. 0. 0. 0. 0. 0. 0. 0.],False
1731182682505309502,"std_msgs.msg.Header(stamp=builtin_interfaces.msg.Time(sec=1731182682, nanosec=504954583), frame_id='RL_myo')","geometry_msgs.msg.Quaternion(x=0.7023597048560515, y=0.5987178539091865, z=-0.05102743662637169, w=-0.3816070978326266)",[0. 0. 0. 0. 0. 0. 0. 0. 0.],"geometry_msgs.msg.Vector3(x=78.4375, y=54.6875, z=49.875)",[0. 0. 0. 0. 0. 0. 0. 0. 0.],"geometry_msgs.msg.Vector3(x=-0.38134765625, y=0.4228515625, z=0.45849609375)",[0. 0. 0. 0. 0. 0. 0. 0. 0.],False
1731182682527894012,"std_msgs.msg.Header(stamp=builtin_interfaces.msg.Time(sec=1731182682, nanosec=527525252), frame_id='RL_myo')","geometry_msgs.msg.Quaternion(x=0.6997399485634158, y=0.6070231846182109, z=-0.06238086422119775, w=-0.37147743605695643)",[0. 0. 0. 0. 0. 0. 0. 0. 0.],"geometry_msgs.msg.Vector3(x=99.1875, y=16.25, z=79.25)",[0. 0. 0. 0. 0. 0. 0. 0. 0.],"geometry_msgs.msg.Vector3(x=-0.23876953125, y=0.2841796875, z=0.546875)",[0. 0. 0. 0. 0. 0. 0. 0. 0.],False
1731182682549738240,"std_msgs.msg.Header(stamp=builtin_interfaces.msg.Time(sec=1731182682, nanosec=549228055), frame_id='RL_myo')","geometry_msgs.msg.Quaternion(x=0.6929604483077416, y=0.6195931921758024, z=-0.08295016729060344, w=-0.3592065743231797)",[0. 0. 0. 0. 0. 0. 0. 0. 0.],"geometry_msgs.msg.Vector3(x=127.5, y=-13.4375, z=102.25)",[0. 0. 0. 0. 0. 0. 0. 0. 0.],"geometry_msgs.msg.Vector3(x=-0.09375, y=0.21826171875, z=0.40234375)",[0. 0. 0. 0. 0. 0. 0. 0. 0.],False
1731182682572244737,"std_msgs.msg.Header(stamp=builtin_interfaces.msg.Time(sec=1731182682, nanosec=571768469), frame_id='RL_myo')","geometry_msgs.msg.Quaternion(x=0.6821534612270164, y=0.635093661781237, z=-0.11151524460108796, w=-0.34480000916888115)",[0. 0. 0. 0. 0. 0. 0. 0. 0.],"geometry_msgs.msg.Vector3(x=167.6875, y=-34.75, z=128.0625)",[0. 0. 0. 0. 0. 0. 0. 0. 0.],"geometry_msgs.msg.Vector3(x=-0.013671875, y=0.31005859375, z=0.1728515625)",[0. 0. 0. 0. 0. 0. 0. 0. 0.],False
1731182682587064119,"std_msgs.msg.Header(stamp=builtin_interfaces.msg.Time(sec=1731182682, nanosec=586679437), frame_id='RL_myo')","geometry_msgs.msg.Quaternion(x=0.6692905992288585, y=0.6509789549271113, z=-0.14490614524115913, w=-0.3275342777439174)",[0. 0. 0. 0. 0. 0. 0. 0. 0.],"geometry_msgs.msg.Vector3(x=186.25, y=-43.8125, z=147.9375)",[0. 0. 0. 0. 0. 0. 0. 0. 0.],"geometry_msgs.msg.Vector3(x=0.19580078125, y=0.56591796875, z=0.072265625)",[0. 0. 0. 0. 0. 0. 0. 0. 0.],False
1731182682609987171,"std_msgs.msg.Header(stamp=builtin_interfaces.msg.Time(sec=1731182682, nanosec=609506022), frame_id='RL_myo')","geometry_msgs.msg.Quaternion(x=0.6533392860753832, y=0.6672557058460471, z=-0.18036412465926357, w=-0.30884685982263066)",[0. 0. 0. 0. 0. 0. 0. 0. 0.],"geometry_msgs.msg.Vector3(x=204.8125, y=-48.125, z=151.6875)",[0. 0. 0. 0. 0. 0. 0. 0. 0.],"geometry_msgs.msg.Vector3(x=0.40625, y=0.70556640625, z=0.080078125)",[0. 0. 0. 0. 0. 0. 0. 0. 0.],False
1731182682632269110,"std_msgs.msg.Header(stamp=builtin_interfaces.msg.Time(sec=1731182682, nanosec=631787325), frame_id='RL_myo')","geometry_msgs.msg.Quaternion(x=0.6370460893099101, y=0.6812981171675019, z=-0.21369151659231536, w=-0.2904153773054089)",[0. 0. 0. 0. 0. 0. 0. 0. 0.],"geometry_msgs.msg.Vector3(x=193.3125, y=-46.1875, z=143.375)",[0. 0. 0. 0. 0. 0. 0. 0. 0.],"geometry_msgs.msg.Vector3(x=0.4765625, y=0.66162109375, z=-0.01171875)",[0. 0. 0. 0. 0. 0. 0. 0. 0.],False
1731182682646999537,"std_msgs.msg.Header(stamp=builtin_interfaces.msg.Time(sec=1731182682, nanosec=646624417), frame_id='RL_myo')","geometry_msgs.msg.Quaternion(x=0.6252404069253067, y=0.6897541818296458, z=-0.2423081233398543, w=-0.27313069318535216)",[0. 0. 0. 0. 0. 0. 0. 0. 0.],"geometry_msgs.msg.Vector3(x=143.0625, y=-38.3125, z=134.75)",[0. 0. 0. 0. 0. 0. 0. 0. 0.],"geometry_msgs.msg.Vector3(x=0.52392578125, y=0.71826171875, z=-0.20458984375)",[0. 0. 0. 0. 0. 0. 0. 0. 0.],False
1731182682669560453,"std_msgs.msg.Header(stamp=builtin_interfaces.msg.Time(sec=1731182682, nanosec=669153204), frame_id='RL_myo')","geometry_msgs.msg.Quaternion(x=0.6164064511127123, y=0.6950823512497839, z=-0.26563034708808037, w=-0.2575735442811809)",[0. 0. 0. 0. 0. 0. 0. 0. 0.],"geometry_msgs.msg.Vector3(x=109.625, y=-27.0625, z=115.375)",[0. 0. 0. 0. 0. 0. 0. 0. 0.],"geometry_msgs.msg.Vector3(x=0.6328125, y=0.79638671875, z=-0.23193359375)",[0. 0. 0. 0. 0. 0. 0. 0. 0.],False
1731182682685418059,"std_msgs.msg.Header(stamp=builtin_interfaces.msg.Time(sec=1731182682, nanosec=685076330), frame_id='RL_myo')","geometry_msgs.msg.Quaternion(x=0.6126835089595017, y=0.6966085761859726, z=-0.28516211933241603, w=-0.24091072024936774)",[0. 0. 0. 0. 0. 0. 0. 0. 0.],"geometry_msgs.msg.Vector3(x=67.8125, y=-10.375, z=92.6875)",[0. 0. 0. 0. 0. 0. 0. 0. 0.],"geometry_msgs.msg.Vector3(x=0.533203125, y=0.849609375, z=-0.2119140625)",[0. 0. 0. 0. 0. 0. 0. 0. 0.],False
1731182682707089705,"std_msgs.msg.Header(stamp=builtin_interfaces.msg.Time(sec=1731182682, nanosec=706676919), frame_id='RL_myo')","geometry_msgs.msg.Quaternion(x=0.6108756709758582, y=0.6968182114169061, z=-0.29695345116881994, w=-0.2304212288103382)",[0. 0. 0. 0. 0. 0. 0. 0. 0.],"geometry_msgs.msg.Vector3(x=29.8125, y=-4.8125, z=62.125)",[0. 0. 0. 0. 0. 0. 0. 0. 0.],"geometry_msgs.msg.Vector3(x=0.30859375, y=0.85205078125, z=-0.2939453125)",[0. 0. 0. 0. 0. 0. 0. 0. 0.],False
1731182682729706916,"std_msgs.msg.Header(stamp=builtin_interfaces.msg.Time(sec=1731182682, nanosec=729209743), frame_id='RL_myo')","geometry_msgs.msg.Quaternion(x=0.6091972095746129, y=0.6972106727753534, z=-0.3038966943664961, w=-0.2245502989705441)",[0. 0. 0. 0. 0. 0. 0. 0. 0.],"geometry_msgs.msg.Vector3(x=8.75, y=-4.125, z=34.1875)",[0. 0. 0. 0. 0. 0. 0. 0. 0.],"geometry_msgs.msg.Vector3(x=0.2099609375, y=0.87255859375, z=-0.40380859375)",[0. 0. 0. 0. 0. 0. 0. 0. 0.],False
1731182682752633331,"std_msgs.msg.Header(stamp=builtin_interfaces.msg.Time(sec=1731182682, nanosec=752147957), frame_id='RL_myo')","geometry_msgs.msg.Quaternion(x=0.6060724286839284, y=0.6989058792406511, z=-0.30950586967333343, w=-0.2200293157508119)",[0. 0. 0. 0. 0. 0. 0. 0. 0.],"geometry_msgs.msg.Vector3(x=15.875, y=-4.9375, z=22.8125)",[0. 0. 0. 0. 0. 0. 0. 0. 0.],"geometry_msgs.msg.Vector3(x=0.1826171875, y=0.89697265625, z=-0.408203125)",[0. 0. 0. 0. 0. 0. 0. 0. 0.],False
1731182682767144622,"std_msgs.msg.Header(stamp=builtin_interfaces.msg.Time(sec=1731182682, nanosec=766678935), frame_id='RL_myo')","geometry_msgs.msg.Quaternion(x=0.6029458593351203, y=0.7004255654859796, z=-0.31453533237030523, w=-0.21662835136468334)",[0. 0. 0. 0. 0. 0. 0. 0. 0.],"geometry_msgs.msg.Vector3(x=17.25, y=-7.5625, z=20.5)",[0. 0. 0. 0. 0. 0. 0. 0. 0.],"geometry_msgs.msg.Vector3(x=0.14013671875, y=0.92431640625, z=-0.3544921875)",[0. 0. 0. 0. 0. 0. 0. 0. 0.],False
1731182682797087151,"std_msgs.msg.Header(stamp=builtin_interfaces.msg.Time(sec=1731182682, nanosec=796598082), frame_id='RL_myo')","geometry_msgs.msg.Quaternion(x=0.5995705632041257, y=0.7021744639214357, z=-0.3188594749239899, w=-0.21399718971736384)",[0. 0. 0. 0. 0. 0. 0. 0. 0.],"geometry_msgs.msg.Vector3(x=17.875, y=-7.1875, z=18.75)",[0. 0. 0. 0. 0. 0. 0. 0. 0.],"geometry_msgs.msg.Vector3(x=0.087890625, y=1.0087890625, z=-0.3671875)",[0. 0. 0. 0. 0. 0. 0. 0. 0.],False
1731182682813504070,"std_msgs.msg.Header(stamp=builtin_interfaces.msg.Time(sec=1731182682, nanosec=813201563), frame_id='RL_myo')","geometry_msgs.msg.Quaternion(x=0.597000877419388, y=0.7032048981442357, z=-0.32337293206910517, w=-0.21100419519873473)",[0. 0. 0. 0. 0. 0. 0. 0. 0.],"geometry_msgs.msg.Vector3(x=14.375, y=-5.875, z=25.0625)",[0. 0. 0. 0. 0. 0. 0. 0. 0.],"geometry_msgs.msg.Vector3(x=0.07275390625, y=1.0712890625, z=-0.37060546875)",[0. 0. 0. 0. 0. 0. 0. 0. 0.],False
1731182682836000224,"std_msgs.msg.Header(stamp=builtin_interfaces.msg.Time(sec=1731182682, nanosec=835672775), frame_id='RL_myo')","geometry_msgs.msg.Quaternion(x=0.5967698098275532, y=0.7018164338137677, z=-0.32862929897837234, w=-0.20814002777047727)",[0. 0. 0. 0. 0. 0. 0. 0. 0.],"geometry_msgs.msg.Vector3(x=-1.0, y=-7.4375, z=35.25)",[0. 0. 0. 0. 0. 0. 0. 0. 0.],"geometry_msgs.msg.Vector3(x=0.08056640625, y=1.06396484375, z=-0.34619140625)",[0. 0. 0. 0. 0. 0. 0. 0. 0.],False
1731182682851057097,"std_msgs.msg.Header(stamp=builtin_interfaces.msg.Time(sec=1731182682, nanosec=850688530), frame_id='RL_myo')","geometry_msgs.msg.Quaternion(x=0.5984740368302133, y=0.6983316119708791, z=-0.3338758777624953, w=-0.2066124033320012)",[0. 0. 0. 0. 0. 0. 0. 0. 0.],"geometry_msgs.msg.Vector3(x=-16.6875, y=-11.0, z=38.5)",[0. 0. 0. 0. 0. 0. 0. 0. 0.],"geometry_msgs.msg.Vector3(x=0.060546875, y=0.994140625, z=-0.30419921875)",[0. 0. 0. 0. 0. 0. 0. 0. 0.],False
1731182682873560321,"std_msgs.msg.Header(stamp=builtin_interfaces.msg.Time(sec=1731182682, nanosec=873215475), frame_id='RL_myo')","geometry_msgs.msg.Quaternion(x=0.5981631837896879, y=0.6964938867575641, z=-0.3390608659134404, w=-0.20526763133517553)",[0. 0. 0. 0. 0. 0. 0. 0. 0.],"geometry_msgs.msg.Vector3(x=-3.5625, y=-13.125, z=34.3125)",[0. 0. 0. 0. 0. 0. 0. 0. 0.],"geometry_msgs.msg.Vector3(x=0.03173828125, y=0.96337890625, z=-0.30126953125)",[0. 0. 0. 0. 0. 0. 0. 0. 0.],False
1731182682894910171,"std_msgs.msg.Header(stamp=builtin_interfaces.msg.Time(sec=1731182682, nanosec=894495947), frame_id='RL_myo')","geometry_msgs.msg.Quaternion(x=0.5972539126760593, y=0.6950973487537009, z=-0.3440084876691129, w=-0.20441526352091186)",[0. 0. 0. 0. 0. 0. 0. 0. 0.],"geometry_msgs.msg.Vector3(x=2.9375, y=-15.25, z=31.4375)",[0. 0. 0. 0. 0. 0. 0. 0. 0.],"geometry_msgs.msg.Vector3(x=0.02392578125, y=0.98828125, z=-0.25732421875)",[0. 0. 0. 0. 0. 0. 0. 0. 0.],False
1731182682911099419,"std_msgs.msg.Header(stamp=builtin_interfaces.msg.Time(sec=1731182682, nanosec=910733286), frame_id='RL_myo')","geometry_msgs.msg.Quaternion(x=0.597109129085369, y=0.6930567474971241, z=-0.34838995285896823, w=-0.2043464544799975)",[0. 0. 0. 0. 0. 0. 0. 0. 0.],"geometry_msgs.msg.Vector3(x=-3.9375, y=-15.5, z=28.75)",[0. 0. 0. 0. 0. 0. 0. 0. 0.],"geometry_msgs.msg.Vector3(x=0.0322265625, y=1.01318359375, z=-0.251953125)",[0. 0. 0. 0. 0. 0. 0. 0. 0.],False
1731182682933479037,"std_msgs.msg.Header(stamp=builtin_interfaces.msg.Time(sec=1731182682, nanosec=933162163), frame_id='RL_myo')","geometry_msgs.msg.Quaternion(x=0.5951589213399874, y=0.6925718675463887, z=-0.3538238403248802, w=-0.20233328112419835)",[0. 0. 0. 0. 0. 0. 0. 0. 0.],"geometry_msgs.msg.Vector3(x=9.875, y=-13.0, z=32.8125)",[0. 0. 0. 0. 0. 0. 0. 0. 0.],"geometry_msgs.msg.Vector3(x=0.0595703125, y=0.9501953125, z=-0.30224609375)",[0. 0. 0. 0. 0. 0. 0. 0. 0.],False
1731182682947854637,"std_msgs.msg.Header(stamp=builtin_interfaces.msg.Time(sec=1731182682, nanosec=947488917), frame_id='RL_myo')","geometry_msgs.msg.Quaternion(x=0.5919898891181937, y=0.6934930529086418, z=-0.35919790673889784, w=-0.1989779398417684)",[0. 0. 0. 0. 0. 0. 0. 0. 0.],"geometry_msgs.msg.Vector3(x=25.0, y=-8.625, z=32.4375)",[0. 0. 0. 0. 0. 0. 0. 0. 0.],"geometry_msgs.msg.Vector3(x=0.07177734375, y=0.9716796875, z=-0.2763671875)",[0. 0. 0. 0. 0. 0. 0. 0. 0.],False
1731182682970973383,"std_msgs.msg.Header(stamp=builtin_interfaces.msg.Time(sec=1731182682, nanosec=970637497), frame_id='RL_myo')","geometry_msgs.msg.Quaternion(x=0.5884545249575243, y=0.6953907688871563, z=-0.36286299666761557, w=-0.19617185387547798)",[0. 0. 0. 0. 0. 0. 0. 0. 0.],"geometry_msgs.msg.Vector3(x=28.6875, y=-4.3125, z=23.9375)",[0. 0. 0. 0. 0. 0. 0. 0. 0.],"geometry_msgs.msg.Vector3(x=0.04248046875, y=1.013671875, z=-0.26708984375)",[0. 0. 0. 0. 0. 0. 0. 0. 0.],False
1731182682993417187,"std_msgs.msg.Header(stamp=builtin_interfaces.msg.Time(sec=1731182682, nanosec=993085698), frame_id='RL_myo')","geometry_msgs.msg.Quaternion(x=0.5866969006497533, y=0.6958327785483966, z=-0.36531220873790826, w=-0.19532148169779553)",[0. 0. 0. 0. 0. 0. 0. 0. 0.],"geometry_msgs.msg.Vector3(x=13.3125, y=-5.0625, z=21.6875)",[0. 0. 0. 0. 0. 0. 0. 0. 0.],"geometry_msgs.msg.Vector3(x=-0.00732421875, y=1.02392578125, z=-0.24658203125)",[0. 0. 0. 0. 0. 0. 0. 0. 0.],False
1731182683014934937,"std_msgs.msg.Header(stamp=builtin_interfaces.msg.Time(sec=1731182683, nanosec=14487805), frame_id='RL_myo')","geometry_msgs.msg.Quaternion(x=0.5864455376428624, y=0.6943593293323483, z=-0.3686037262515868, w=-0.19513596834348784)",[0. 0. 0. 0. 0. 0. 0. 0. 0.],"geometry_msgs.msg.Vector3(x=-2.0, y=-9.4375, z=28.875)",[0. 0. 0. 0. 0. 0. 0. 0. 0.],"geometry_msgs.msg.Vector3(x=-0.01220703125, y=1.01611328125, z=-0.283203125)",[0. 0. 0. 0. 0. 0. 0. 0. 0.],False
1731182683031631577,"std_msgs.msg.Header(stamp=builtin_interfaces.msg.Time(sec=1731182683, nanosec=31280658), frame_id='RL_myo')","geometry_msgs.msg.Quaternion(x=0.5864304159471531, y=0.6926324271615626, z=-0.37243946691398083, w=-0.1940322952014987)",[0. 0. 0. 0. 0. 0. 0. 0. 0.],"geometry_msgs.msg.Vector3(x=-0.375, y=-8.5, z=29.75)",[0. 0. 0. 0. 0. 0. 0. 0. 0.],"geometry_msgs.msg.Vector3(x=0.076171875, y=1.01806640625, z=-0.26904296875)",[0. 0. 0. 0. 0. 0. 0. 0. 0.],False
1731182683053430541,"std_msgs.msg.Header(stamp=builtin_interfaces.msg.Time(sec=1731182683, nanosec=53112392), frame_id='RL_myo')","geometry_msgs.msg.Quaternion(x=0.5844302460111834, y=0.6933814720299785, z=-0.37543921077961245, w=-0.1915954613294104)",[0. 0. 0. 0. 0. 0. 0. 0. 0.],"geometry_msgs.msg.Vector3(x=15.4375, y=-1.625, z=22.0)",[0. 0. 0. 0. 0. 0. 0. 0. 0.],"geometry_msgs.msg.Vector3(x=0.08544921875, y=0.9423828125, z=-0.29052734375)",[0. 0. 0. 0. 0. 0. 0. 0. 0.],False
1731182683074530831,"std_msgs.msg.Header(stamp=builtin_interfaces.msg.Time(sec=1731182683, nanosec=74128133), frame_id='RL_myo')","geometry_msgs.msg.Quaternion(x=0.5794937905899944, y=0.6964424005300017, z=-0.37849599699268544, w=-0.1894616311345421)",[0. 0. 0. 0. 0. 0. 0. 0. 0.],"geometry_msgs.msg.Vector3(x=33.8125, y=-5.75, z=16.6875)",[0. 0. 0. 0. 0. 0. 0. 0. 0.],"geometry_msgs.msg.Vector3(x=0.03955078125, y=0.9921875, z=-0.3271484375)",[0. 0. 0. 0. 0. 0. 0. 0. 0.],False
1731182683090974563,"std_msgs.msg.Header(stamp=builtin_interfaces.msg.Time(sec=1731182683, nanosec=90665363), frame_id='RL_myo')","geometry_msgs.msg.Quaternion(x=0.5745372879430618, y=0.6995401951678988, z=-0.3817227450117825, w=-0.1866498487761482)",[0. 0. 0. 0. 0. 0. 0. 0. 0.],"geometry_msgs.msg.Vector3(x=39.375, y=-5.75, z=14.4375)",[0. 0. 0. 0. 0. 0. 0. 0. 0.],"geometry_msgs.msg.Vector3(x=0.12451171875, y=1.005859375, z=-0.29541015625)",[0. 0. 0. 0. 0. 0. 0. 0. 0.],False
1731182683113440699,"std_msgs.msg.Header(stamp=builtin_interfaces.msg.Time(sec=1731182683, nanosec=113116846), frame_id='RL_myo')","geometry_msgs.msg.Quaternion(x=0.5694735264614459, y=0.7019844617184448, z=-0.3863630677921707, w=-0.18341564276705735)",[0. 0. 0. 0. 0. 0. 0. 0. 0.],"geometry_msgs.msg.Vector3(x=31.75, y=-8.625, z=20.6875)",[0. 0. 0. 0. 0. 0. 0. 0. 0.],"geometry_msgs.msg.Vector3(x=0.15576171875, y=0.97705078125, z=-0.4169921875)",[0. 0. 0. 0. 0. 0. 0. 0. 0.],False
1731182683134504165,"std_msgs.msg.Header(stamp=builtin_interfaces.msg.Time(sec=1731182683, nanosec=134110042), frame_id='RL_myo')","geometry_msgs.msg.Quaternion(x=0.564883511852418, y=0.7036782288651029, z=-0.391481668829974, w=-0.1802378185305446)",[0. 0. 0. 0. 0. 0. 0. 0. 0.],"geometry_msgs.msg.Vector3(x=30.9375, y=-11.0625, z=22.4375)",[0. 0. 0. 0. 0. 0. 0. 0. 0.],"geometry_msgs.msg.Vector3(x=0.18408203125, y=0.931640625, z=-0.38232421875)",[0. 0. 0. 0. 0. 0. 0. 0. 0.],False
1731182683151001087,"std_msgs.msg.Header(stamp=builtin_interfaces.msg.Time(sec=1731182683, nanosec=150662168), frame_id='RL_myo')","geometry_msgs.msg.Quaternion(x=0.5590234430655211, y=0.7061798489210699, z=-0.39636403966235334, w=-0.17804033010395512)",[0. 0. 0. 0. 0. 0. 0. 0. 0.],"geometry_msgs.msg.Vector3(x=40.6875, y=-16.25, z=18.75)",[0. 0. 0. 0. 0. 0. 0. 0. 0.],"geometry_msgs.msg.Vector3(x=0.15283203125, y=0.99267578125, z=-0.3447265625)",[0. 0. 0. 0. 0. 0. 0. 0. 0.],False
1731182683174079125,"std_msgs.msg.Header(stamp=builtin_interfaces.msg.Time(sec=1731182683, nanosec=173767797), frame_id='RL_myo')","geometry_msgs.msg.Quaternion(x=0.5532388207147299, y=0.7083336842888834, z=-0.40192824739700966, w=-0.17505394282985934)",[0. 0. 0. 0. 0. 0. 0. 0. 0.],"geometry_msgs.msg.Vector3(x=34.9375, y=-14.375, z=22.75)",[0. 0. 0. 0. 0. 0. 0. 0. 0.],"geometry_msgs.msg.Vector3(x=0.1796875, y=0.9794921875, z=-0.46728515625)",[0. 0. 0. 0. 0. 0. 0. 0. 0.],False
1731182683194498331,"std_msgs.msg.Header(stamp=builtin_interfaces.msg.Time(sec=1731182683, nanosec=194080245), frame_id='RL_myo')","geometry_msgs.msg.Quaternion(x=0.5472070694218013, y=0.710423098828817, z=-0.40828422614193294, w=-0.1707847607632125)",[0. 0. 0. 0. 0. 0. 0. 0. 0.],"geometry_msgs.msg.Vector3(x=44.25, y=-15.0, z=26.0625)",[0. 0. 0. 0. 0. 0. 0. 0. 0.],"geometry_msgs.msg.Vector3(x=0.23876953125, y=0.89794921875, z=-0.38134765625)",[0. 0. 0. 0. 0. 0. 0. 0. 0.],False
1731182683210944116,"std_msgs.msg.Header(stamp=builtin_interfaces.msg.Time(sec=1731182683, nanosec=210641894), frame_id='RL_myo')","geometry_msgs.msg.Quaternion(x=0.5405384139730051, y=0.7135155893568688, z=-0.4138268345457288, w=-0.1657138430371171)",[0. 0. 0. 0. 0. 0. 0. 0. 0.],"geometry_msgs.msg.Vector3(x=52.0625, y=-9.125, z=24.125)",[0. 0. 0. 0. 0. 0. 0. 0. 0.],"geometry_msgs.msg.Vector3(x=0.20166015625, y=0.8251953125, z=-0.3603515625)",[0. 0. 0. 0. 0. 0. 0. 0. 0.],False
1731182683233426557,"std_msgs.msg.Header(stamp=builtin_interfaces.msg.Time(sec=1731182683, nanosec=233112267), frame_id='RL_myo')","geometry_msgs.msg.Quaternion(x=0.5318761425086916, y=0.7180388960835723, z=-0.41944604674314084, w=-0.1599778941376269)",[0. 0. 0. 0. 0. 0. 0. 0. 0.],"geometry_msgs.msg.Vector3(x=60.6875, y=-5.75, z=28.0625)",[0. 0. 0. 0. 0. 0. 0. 0. 0.],"geometry_msgs.msg.Vector3(x=0.09912109375, y=0.82861328125, z=-0.47314453125)",[0. 0. 0. 0. 0. 0. 0. 0. 0.],False
1731182683254685871,"std_msgs.msg.Header(stamp=builtin_interfaces.msg.Time(sec=1731182683, nanosec=254219245), frame_id='RL_myo')","geometry_msgs.msg.Quaternion(x=0.5201558809030776, y=0.7240799360658542, z=-0.42554879155788045, w=-0.15509458969428774)",[0. 0. 0. 0. 0. 0. 0. 0. 0.],"geometry_msgs.msg.Vector3(x=77.625, y=-14.625, z=26.375)",[0. 0. 0. 0. 0. 0. 0. 0. 0.],"geometry_msgs.msg.Vector3(x=0.0322265625, y=0.86962890625, z=-0.5029296875)",[0. 0. 0. 0. 0. 0. 0. 0. 0.],False
1731182683270960393,"std_msgs.msg.Header(stamp=builtin_interfaces.msg.Time(sec=1731182683, nanosec=270617595), frame_id='RL_myo')","geometry_msgs.msg.Quaternion(x=0.5101603318101443, y=0.7288004740144919, z=-0.4304439650544553, w=-0.152657452722801)",[0. 0. 0. 0. 0. 0. 0. 0. 0.],"geometry_msgs.msg.Vector3(x=65.75, y=-20.875, z=14.5)",[0. 0. 0. 0. 0. 0. 0. 0. 0.],"geometry_msgs.msg.Vector3(x=0.13427734375, y=1.02685546875, z=-0.50927734375)",[0. 0. 0. 0. 0. 0. 0. 0. 0.],False
1731182683300032906,"std_msgs.msg.Header(stamp=builtin_interfaces.msg.Time(sec=1731182683, nanosec=299570962), frame_id='RL_myo')","geometry_msgs.msg.Quaternion(x=0.5021316297833406, y=0.7324761989826025, z=-0.43438322707767535, w=-0.1505113162812347)",[0. 0. 0. 0. 0. 0. 0. 0. 0.],"geometry_msgs.msg.Vector3(x=51.875, y=-16.75, z=10.9375)",[0. 0. 0. 0. 0. 0. 0. 0. 0.],"geometry_msgs.msg.Vector3(x=0.16552734375, y=0.95263671875, z=-0.51123046875)",[0. 0. 0. 0. 0. 0. 0. 0. 0.],False
1731182683316099093,"std_msgs.msg.Header(stamp=builtin_interfaces.msg.Time(sec=1731182683, nanosec=315710521), frame_id='RL_myo')","geometry_msgs.msg.Quaternion(x=0.4975693465432827, y=0.7333532505786975, z=-0.4383029290391699, w=-0.15002765625654918)",[0. 0. 0. 0. 0. 0. 0. 0. 0.],"geometry_msgs.msg.Vector3(x=21.875, y=-15.375, z=18.3125)",[0. 0. 0. 0. 0. 0. 0. 0. 0.],"geometry_msgs.msg.Vector3(x=0.13818359375, y=0.97265625, z=-0.5908203125)",[0. 0. 0. 0. 0. 0. 0. 0. 0.],False
1731182683330903630,"std_msgs.msg.Header(stamp=builtin_interfaces.msg.Time(sec=1731182683, nanosec=330602805), frame_id='RL_myo')","geometry_msgs.msg.Quaternion(x=0.49446576601044706, y=0.73300078805326, z=-0.44215652499440544, w=-0.1507018857276625)",[0. 0. 0. 0. 0. 0. 0. 0. 0.],"geometry_msgs.msg.Vector3(x=9.8125, y=-18.375, z=17.625)",[0. 0. 0. 0. 0. 0. 0. 0. 0.],"geometry_msgs.msg.Vector3(x=0.13427734375, y=0.88037109375, z=-0.5400390625)",[0. 0. 0. 0. 0. 0. 0. 0. 0.],False
1731182683353479700,"std_msgs.msg.Header(stamp=builtin_interfaces.msg.Time(sec=1731182683, nanosec=353152720), frame_id='RL_myo')","geometry_msgs.msg.Quaternion(x=0.4940244347507599, y=0.7305995161807013, z=-0.4463554103449848, w=-0.15143002503294234)",[0. 0. 0. 0. 0. 0. 0. 0. 0.],"geometry_msgs.msg.Vector3(x=-7.25, y=-17.25, z=20.8125)",[0. 0. 0. 0. 0. 0. 0. 0. 0.],"geometry_msgs.msg.Vector3(x=0.21923828125, y=0.8330078125, z=-0.51806640625)",[0. 0. 0. 0. 0. 0. 0. 0. 0.],False
1731182683374589924,"std_msgs.msg.Header(stamp=builtin_interfaces.msg.Time(sec=1731182683, nanosec=374158547), frame_id='RL_myo')","geometry_msgs.msg.Quaternion(x=0.49482143318810246, y=0.728041205756468, z=-0.4492273033507381, w=-0.1526518322935049)",[0. 0. 0. 0. 0. 0. 0. 0. 0.],"geometry_msgs.msg.Vector3(x=-12.4375, y=-13.75, z=14.9375)",[0. 0. 0. 0. 0. 0. 0. 0. 0.],"geometry_msgs.msg.Vector3(x=0.24609375, y=0.88720703125, z=-0.50146484375)",[0. 0. 0. 0. 0. 0. 0. 0. 0.],False
1731182683390190883,"std_msgs.msg.Header(stamp=builtin_interfaces.msg.Time(sec=1731182683, nanosec=389909472), frame_id='RL_myo')","geometry_msgs.msg.Quaternion(x=0.49343249158552654, y=0.7275138381009266, z=-0.45156031330402346, w=-0.1527785163828022)",[0. 0. 0. 0. 0. 0. 0. 0. 0.],"geometry_msgs.msg.Vector3(x=2.375, y=-9.6875, z=10.25)",[0. 0. 0. 0. 0. 0. 0. 0. 0.],"geometry_msgs.msg.Vector3(x=0.2021484375, y=0.83056640625, z=-0.5126953125)",[0. 0. 0. 0. 0. 0. 0. 0. 0.],False
1731182683413413153,"std_msgs.msg.Header(stamp=builtin_interfaces.msg.Time(sec=1731182683, nanosec=413121761), frame_id='RL_myo')","geometry_msgs.msg.Quaternion(x=0.4916397229724902, y=0.726930987039399, z=-0.45465230247325633, w=-0.15216112096467016)",[0. 0. 0. 0. 0. 0. 0. 0. 0.],"geometry_msgs.msg.Vector3(x=5.8125, y=-9.9375, z=15.25)",[0. 0. 0. 0. 0. 0. 0. 0. 0.],"geometry_msgs.msg.Vector3(x=0.20849609375, y=0.833984375, z=-0.5283203125)",[0. 0. 0. 0. 0. 0. 0. 0. 0.],False
1731182683434915822,"std_msgs.msg.Header(stamp=builtin_interfaces.msg.Time(sec=1731182683, nanosec=434547131), frame_id='RL_myo')","geometry_msgs.msg.Quaternion(x=0.4902545446061983, y=0.7261040914635626, z=-0.4577825055461264, w=-0.15119030216503399)",[0. 0. 0. 0. 0. 0. 0. 0. 0.],"geometry_msgs.msg.Vector3(x=6.875, y=-8.5, z=16.75)",[0. 0. 0. 0. 0. 0. 0. 0. 0.],"geometry_msgs.msg.Vector3(x=0.236328125, y=0.87255859375, z=-0.521484375)",[0. 0. 0. 0. 0. 0. 0. 0. 0.],False
1731182683451681479,"std_msgs.msg.Header(stamp=builtin_interfaces.msg.Time(sec=1731182683, nanosec=451302505), frame_id='RL_myo')","geometry_msgs.msg.Quaternion(x=0.4891438164343657, y=0.7257810233617473, z=-0.4595412770070301, w=-0.15100346916129534)",[0. 0. 0. 0. 0. 0. 0. 0. 0.],"geometry_msgs.msg.Vector3(x=5.1875, y=-6.125, z=9.625)",[0. 0. 0. 0. 0. 0. 0. 0. 0.],"geometry_msgs.msg.Vector3(x=0.21728515625, y=0.939453125, z=-0.533203125)",[0. 0. 0. 0. 0. 0. 0. 0. 0.],False
1731182683473475178,"std_msgs.msg.Header(stamp=builtin_interfaces.msg.Time(sec=1731182683, nanosec=473144679), frame_id='RL_myo')","geometry_msgs.msg.Quaternion(x=0.487135676272072, y=0.7263393744690712, z=-0.46088979971562655, w=-0.1507001609717762)",[0. 0. 0. 0. 0. 0. 0. 0. 0.],"geometry_msgs.msg.Vector3(x=7.4375, y=-3.6875, z=7.875)",[0. 0. 0. 0. 0. 0. 0. 0. 0.],"geometry_msgs.msg.Vector3(x=0.15771484375, y=0.849609375, z=-0.55322265625)",[0. 0. 0. 0. 0. 0. 0. 0. 0.],False
1731182683494607842,"std_msgs.msg.Header(stamp=builtin_interfaces.msg.Time(sec=1731182683, nanosec=494192304), frame_id='RL_myo')","geometry_msgs.msg.Quaternion(x=0.48626469326539395, y=0.7257044311441614, z=-0.46282730877764305, w=-0.1506340232181489)",[0. 0. 0. 0. 0. 0. 0. 0. 0.],"geometry_msgs.msg.Vector3(x=-0.125, y=-4.5, z=13.3125)",[0. 0. 0. 0. 0. 0. 0. 0. 0.],"geometry_msgs.msg.Vector3(x=0.1611328125, y=0.859375, z=-0.55419921875)",[0. 0. 0. 0. 0. 0. 0. 0. 0.],False
1731182683510871235,"std_msgs.msg.Header(stamp=builtin_interfaces.msg.Time(sec=1731182683, nanosec=510591345), frame_id='RL_myo')","geometry_msgs.msg.Quaternion(x=0.4859139856236545, y=0.7248120310615371, z=-0.46449006790554087, w=-0.15094401286864687)",[0. 0. 0. 0. 0. 0. 0. 0. 0.],"geometry_msgs.msg.Vector3(x=-4.125, y=-4.9375, z=11.3125)",[0. 0. 0. 0. 0. 0. 0. 0. 0.],"geometry_msgs.msg.Vector3(x=0.1953125, y=0.8896484375, z=-0.56884765625)",[0. 0. 0. 0. 0. 0. 0. 0. 0.],False
1731182683533624994,"std_msgs.msg.Header(stamp=builtin_interfaces.msg.Time(sec=1731182683, nanosec=533153242), frame_id='RL_myo')","geometry_msgs.msg.Quaternion(x=0.4859024301880874, y=0.7244285823266435, z=-0.4647231633528573, w=-0.15210009496655114)",[0. 0. 0. 0. 0. 0. 0. 0. 0.],"geometry_msgs.msg.Vector3(x=-6.4375, y=-3.125, z=1.875)",[0. 0. 0. 0. 0. 0. 0. 0. 0.],"geometry_msgs.msg.Vector3(x=0.181640625, y=0.86767578125, z=-0.53564453125)",[0. 0. 0. 0. 0. 0. 0. 0. 0.],False
1731182683554618291,"std_msgs.msg.Header(stamp=builtin_interfaces.msg.Time(sec=1731182683, nanosec=554131803), frame_id='RL_myo')","geometry_msgs.msg.Quaternion(x=0.4861955388606656, y=0.7239833645449679, z=-0.4645895608595765, w=-0.1536831994540743)",[0. 0. 0. 0. 0. 0. 0. 0. 0.],"geometry_msgs.msg.Vector3(x=-12.125, y=-2.3125, z=0.25)",[0. 0. 0. 0. 0. 0. 0. 0. 0.],"geometry_msgs.msg.Vector3(x=0.1591796875, y=0.82275390625, z=-0.5576171875)",[0. 0. 0. 0. 0. 0. 0. 0. 0.],False
1731182683571537848,"std_msgs.msg.Header(stamp=builtin_interfaces.msg.Time(sec=1731182683, nanosec=571175279), frame_id='RL_myo')","geometry_msgs.msg.Quaternion(x=0.48714631967278993, y=0.7228760636367437, z=-0.4651115093229745, w=-0.15430471070452487)",[0. 0. 0. 0. 0. 0. 0. 0. 0.],"geometry_msgs.msg.Vector3(x=-10.8125, y=-1.5, z=5.0)",[0. 0. 0. 0. 0. 0. 0. 0. 0.],"geometry_msgs.msg.Vector3(x=0.224609375, y=0.8798828125, z=-0.537109375)",[0. 0. 0. 0. 0. 0. 0. 0. 0.],False
1731182683593515781,"std_msgs.msg.Header(stamp=builtin_interfaces.msg.Time(sec=1731182683, nanosec=593038201), frame_id='RL_myo')","geometry_msgs.msg.Quaternion(x=0.48792334309504026, y=0.7223633682173882, z=-0.46491269756754083, w=-0.15484882679911396)",[0. 0. 0. 0. 0. 0. 0. 0. 0.],"geometry_msgs.msg.Vector3(x=-9.3125, y=1.0, z=0.0)",[0. 0. 0. 0. 0. 0. 0. 0. 0.],"geometry_msgs.msg.Vector3(x=0.24755859375, y=0.9296875, z=-0.576171875)",[0. 0. 0. 0. 0. 0. 0. 0. 0.],False
1731182683617573251,"std_msgs.msg.Header(stamp=builtin_interfaces.msg.Time(sec=1731182683, nanosec=617110069), frame_id='RL_myo')","geometry_msgs.msg.Quaternion(x=0.48800158250764847, y=0.7225719491839327, z=-0.46401351222303233, w=-0.15631920610407601)",[0. 0. 0. 0. 0. 0. 0. 0. 0.],"geometry_msgs.msg.Vector3(x=-10.375, y=0.375, z=-4.6875)",[0. 0. 0. 0. 0. 0. 0. 0. 0.],"geometry_msgs.msg.Vector3(x=0.1787109375, y=0.90625, z=-0.5986328125)",[0. 0. 0. 0. 0. 0. 0. 0. 0.],False
1731182683630879991,"std_msgs.msg.Header(stamp=builtin_interfaces.msg.Time(sec=1731182683, nanosec=630433239), frame_id='RL_myo')","geometry_msgs.msg.Quaternion(x=0.48768423640274466, y=0.7229201621970097, z=-0.4633305429953986, w=-0.15771915730471742)",[0. 0. 0. 0. 0. 0. 0. 0. 0.],"geometry_msgs.msg.Vector3(x=-9.3125, y=-0.9375, z=-5.1875)",[0. 0. 0. 0. 0. 0. 0. 0. 0.],"geometry_msgs.msg.Vector3(x=0.197265625, y=0.9228515625, z=-0.63525390625)",[0. 0. 0. 0. 0. 0. 0. 0. 0.],False
1731182683653783719,"std_msgs.msg.Header(stamp=builtin_interfaces.msg.Time(sec=1731182683, nanosec=653131078), frame_id='RL_myo')","geometry_msgs.msg.Quaternion(x=0.4887133234358466, y=0.7229075312569211, z=-0.4615524106184429, w=-0.1597916174291303)",[0. 0. 0. 0. 0. 0. 0. 0. 0.],"geometry_msgs.msg.Vector3(x=-15.625, y=0.6875, z=-10.875)",[0. 0. 0. 0. 0. 0. 0. 0. 0.],"geometry_msgs.msg.Vector3(x=0.2392578125, y=1.0146484375, z=-0.6279296875)",[0. 0. 0. 0. 0. 0. 0. 0. 0.],False
1731182683676101558,"std_msgs.msg.Header(stamp=builtin_interfaces.msg.Time(sec=1731182683, nanosec=675685660), frame_id='RL_myo')","geometry_msgs.msg.Quaternion(x=0.4895158627453881, y=0.7230430062446218, z=-0.4595467494526218, w=-0.1624802028214742)",[0. 0. 0. 0. 0. 0. 0. 0. 0.],"geometry_msgs.msg.Vector3(x=-13.4375, y=-1.625, z=-13.5625)",[0. 0. 0. 0. 0. 0. 0. 0. 0.],"geometry_msgs.msg.Vector3(x=0.216796875, y=1.00146484375, z=-0.5732421875)",[0. 0. 0. 0. 0. 0. 0. 0. 0.],False
1731182683690203656,"std_msgs.msg.Header(stamp=builtin_interfaces.msg.Time(sec=1731182683, nanosec=689816775), frame_id='RL_myo')","geometry_msgs.msg.Quaternion(x=0.49116627967760024, y=0.7226193096934397, z=-0.45680234088569155, w=-0.16705879302567314)",[0. 0. 0. 0. 0. 0. 0. 0. 0.],"geometry_msgs.msg.Vector3(x=-22.25, y=-5.1875, z=-17.1875)",[0. 0. 0. 0. 0. 0. 0. 0. 0.],"geometry_msgs.msg.Vector3(x=0.1943359375, y=1.10107421875, z=-0.5830078125)",[0. 0. 0. 0. 0. 0. 0. 0. 0.],False
1731182683720281096,"std_msgs.msg.Header(stamp=builtin_interfaces.msg.Time(sec=1731182683, nanosec=719710633), frame_id='RL_myo')","geometry_msgs.msg.Quaternion(x=0.49164424778574617, y=0.7232755228132951, z=-0.4530085173266056, w=-0.1730368022933073)",[0. 0. 0. 0. 0. 0. 0. 0. 0.],"geometry_msgs.msg.Vector3(x=-21.75, y=-9.625, z=-29.9375)",[0. 0. 0. 0. 0. 0. 0. 0. 0.],"geometry_msgs.msg.Vector3(x=0.181640625, y=1.0859375, z=-0.60986328125)",[0. 0. 0. 0. 0. 0. 0. 0. 0.],False
1731182683742085935,"std_msgs.msg.Header(stamp=builtin_interfaces.msg.Time(sec=1731182683, nanosec=741599347), frame_id='RL_myo')","geometry_msgs.msg.Quaternion(x=0.4924370761927575, y=0.7237018359466443, z=-0.4489795652545766, w=-0.17938430427993485)",[0. 0. 0. 0. 0. 0. 0. 0. 0.],"geometry_msgs.msg.Vector3(x=-22.75, y=-12.125, z=-34.3125)",[0. 0. 0. 0. 0. 0. 0. 0. 0.],"geometry_msgs.msg.Vector3(x=0.21484375, y=1.0869140625, z=-0.55908203125)",[0. 0. 0. 0. 0. 0. 0. 0. 0.],False
1731182683750403749,"std_msgs.msg.Header(stamp=builtin_interfaces.msg.Time(sec=1731182683, nanosec=749949907), frame_id='RL_myo')","geometry_msgs.msg.Quaternion(x=0.49237938429691336, y=0.7248054033129845, z=-0.444404896128155, w=-0.18634365442648773)",[0. 0. 0. 0. 0. 0. 0. 0. 0.],"geometry_msgs.msg.Vector3(x=-20.1875, y=-13.3125, z=-38.75)",[0. 0. 0. 0. 0. 0. 0. 0. 0.],"geometry_msgs.msg.Vector3(x=0.1611328125, y=1.08837890625, z=-0.5673828125)",[0. 0. 0. 0. 0. 0. 0. 0. 0.],False
1731182683773633675,"std_msgs.msg.Header(stamp=builtin_interfaces.msg.Time(sec=1731182683, nanosec=773091740), frame_id='RL_myo')","geometry_msgs.msg.Quaternion(x=0.4899294739008192, y=0.7272953296377428, z=-0.43951440657279167, w=-0.19451915202714723)",[0. 0. 0. 0. 0. 0. 0. 0. 0.],"geometry_msgs.msg.Vector3(x=-12.25, y=-20.375, z=-46.875)",[0. 0. 0. 0. 0. 0. 0. 0. 0.],"geometry_msgs.msg.Vector3(x=0.091796875, y=1.05810546875, z=-0.587890625)",[0. 0. 0. 0. 0. 0. 0. 0. 0.],False
1731182683803680771,"std_msgs.msg.Header(stamp=builtin_interfaces.msg.Time(sec=1731182683, nanosec=803177081), frame_id='RL_myo')","geometry_msgs.msg.Quaternion(x=0.48664799459853697, y=0.730002510397404, z=-0.43494965627858706, w=-0.20270387433359355)",[0. 0. 0. 0. 0. 0. 0. 0. 0.],"geometry_msgs.msg.Vector3(x=-8.4375, y=-25.375, z=-51.125)",[0. 0. 0. 0. 0. 0. 0. 0. 0.],"geometry_msgs.msg.Vector3(x=0.12451171875, y=1.0244140625, z=-0.57470703125)",[0. 0. 0. 0. 0. 0. 0. 0. 0.],False
1731182683810339309,"std_msgs.msg.Header(stamp=builtin_interfaces.msg.Time(sec=1731182683, nanosec=809953909), frame_id='RL_myo')","geometry_msgs.msg.Quaternion(x=0.48328266311616236, y=0.7326145245495449, z=-0.4306086370654869, w=-0.21045196039713662)",[0. 0. 0. 0. 0. 0. 0. 0. 0.],"geometry_msgs.msg.Vector3(x=-7.0625, y=-26.625, z=-53.125)",[0. 0. 0. 0. 0. 0. 0. 0. 0.],"geometry_msgs.msg.Vector3(x=0.16943359375, y=0.98974609375, z=-0.56103515625)",[0. 0. 0. 0. 0. 0. 0. 0. 0.],False
1731182683833359790,"std_msgs.msg.Header(stamp=builtin_interfaces.msg.Time(sec=1731182683, nanosec=833061551), frame_id='RL_myo')","geometry_msgs.msg.Quaternion(x=0.47987070572465235, y=0.7351873124463797, z=-0.42621942738174096, w=-0.21808420650651014)",[0. 0. 0. 0. 0. 0. 0. 0. 0.],"geometry_msgs.msg.Vector3(x=-4.0625, y=-26.1875, z=-52.1875)",[0. 0. 0. 0. 0. 0. 0. 0. 0.],"geometry_msgs.msg.Vector3(x=0.1279296875, y=0.98095703125, z=-0.5126953125)",[0. 0. 0. 0. 0. 0. 0. 0. 0.],False
1731182683856517904,"std_msgs.msg.Header(stamp=builtin_interfaces.msg.Time(sec=1731182683, nanosec=856211800), frame_id='RL_myo')","geometry_msgs.msg.Quaternion(x=0.47510559523088003, y=0.7386598038905589, z=-0.42139376020991726, w=-0.22601696032116506)",[0. 0. 0. 0. 0. 0. 0. 0. 0.],"geometry_msgs.msg.Vector3(x=0.9375, y=-26.5, z=-55.75)",[0. 0. 0. 0. 0. 0. 0. 0. 0.],"geometry_msgs.msg.Vector3(x=0.0556640625, y=0.9453125, z=-0.5224609375)",[0. 0. 0. 0. 0. 0. 0. 0. 0.],False
1731182683870097223,"std_msgs.msg.Header(stamp=builtin_interfaces.msg.Time(sec=1731182683, nanosec=869865572), frame_id='RL_myo')","geometry_msgs.msg.Quaternion(x=0.4684677119176536, y=0.7428951819869396, z=-0.4175008663865473, w=-0.23310465039915557)",[0. 0. 0. 0. 0. 0. 0. 0. 0.],"geometry_msgs.msg.Vector3(x=13.0, y=-29.9375, z=-54.5625)",[0. 0. 0. 0. 0. 0. 0. 0. 0.],"geometry_msgs.msg.Vector3(x=0.04345703125, y=0.857421875, z=-0.5068359375)",[0. 0. 0. 0. 0. 0. 0. 0. 0.],False
1731182683893685545,"std_msgs.msg.Header(stamp=builtin_interfaces.msg.Time(sec=1731182683, nanosec=893076908), frame_id='RL_myo')","geometry_msgs.msg.Quaternion(x=0.4610098984449585, y=0.7470276905955047, z=-0.4148661829379562, w=-0.23938578335775548)",[0. 0. 0. 0. 0. 0. 0. 0. 0.],"geometry_msgs.msg.Vector3(x=22.1875, y=-33.0625, z=-50.8125)",[0. 0. 0. 0. 0. 0. 0. 0. 0.],"geometry_msgs.msg.Vector3(x=0.06591796875, y=0.86962890625, z=-0.48486328125)",[0. 0. 0. 0. 0. 0. 0. 0. 0.],False
1731182683916165241,"std_msgs.msg.Header(stamp=builtin_interfaces.msg.Time(sec=1731182683, nanosec=915715557), frame_id='RL_myo')","geometry_msgs.msg.Quaternion(x=0.4531224679879733, y=0.7510944357570043, z=-0.41271742033064057, w=-0.24535995707322908)",[0. 0. 0. 0. 0. 0. 0. 0. 0.],"geometry_msgs.msg.Vector3(x=25.3125, y=-34.3125, z=-47.75)",[0. 0. 0. 0. 0. 0. 0. 0. 0.],"geometry_msgs.msg.Vector3(x=0.0439453125, y=0.8759765625, z=-0.49462890625)",[0. 0. 0. 0. 0. 0. 0. 0. 0.],False
1731182683937163480,"std_msgs.msg.Header(stamp=builtin_interfaces.msg.Time(sec=1731182683, nanosec=936707387), frame_id='RL_myo')","geometry_msgs.msg.Quaternion(x=0.44569245207158864, y=0.7541736425358188, z=-0.41151171074591214, w=-0.25147259689604834)",[0. 0. 0. 0. 0. 0. 0. 0. 0.],"geometry_msgs.msg.Vector3(x=22.9375, y=-37.4375, z=-40.625)",[0. 0. 0. 0. 0. 0. 0. 0. 0.],"geometry_msgs.msg.Vector3(x=0.017578125, y=0.80810546875, z=-0.45556640625)",[0. 0. 0. 0. 0. 0. 0. 0. 0.],False
1731182683953652677,"std_msgs.msg.Header(stamp=builtin_interfaces.msg.Time(sec=1731182683, nanosec=953166808), frame_id='RL_myo')","geometry_msgs.msg.Quaternion(x=0.4385416500553078, y=0.7565377526006319, z=-0.41150282598091653, w=-0.25689934656684627)",[0. 0. 0. 0. 0. 0. 0. 0. 0.],"geometry_msgs.msg.Vector3(x=20.1875, y=-37.875, z=-31.4375)",[0. 0. 0. 0. 0. 0. 0. 0. 0.],"geometry_msgs.msg.Vector3(x=0.0029296875, y=0.7470703125, z=-0.4736328125)",[0. 0. 0. 0. 0. 0. 0. 0. 0.],False
1731182683976228732,"std_msgs.msg.Header(stamp=builtin_interfaces.msg.Time(sec=1731182683, nanosec=975696779), frame_id='RL_myo')","geometry_msgs.msg.Quaternion(x=0.43147643071209935, y=0.7587002452611961, z=-0.41237158945974584, w=-0.2610588052278468)",[0. 0. 0. 0. 0. 0. 0. 0. 0.],"geometry_msgs.msg.Vector3(x=26.375, y=-35.3125, z=-24.625)",[0. 0. 0. 0. 0. 0. 0. 0. 0.],"geometry_msgs.msg.Vector3(x=0.00634765625, y=0.7236328125, z=-0.42724609375)",[0. 0. 0. 0. 0. 0. 0. 0. 0.],False
1731182683997561285,"std_msgs.msg.Header(stamp=builtin_interfaces.msg.Time(sec=1731182683, nanosec=997129121), frame_id='RL_myo')","geometry_msgs.msg.Quaternion(x=0.4234062954281223, y=0.7615453867747848, z=-0.41339640174926806, w=-0.26434664343364533)",[0. 0. 0. 0. 0. 0. 0. 0. 0.],"geometry_msgs.msg.Vector3(x=36.1875, y=-31.5, z=-22.3125)",[0. 0. 0. 0. 0. 0. 0. 0. 0.],"geometry_msgs.msg.Vector3(x=-0.04833984375, y=0.75244140625, z=-0.4345703125)",[0. 0. 0. 0. 0. 0. 0. 0. 0.],False
1731182684015141662,"std_msgs.msg.Header(stamp=builtin_interfaces.msg.Time(sec=1731182684, nanosec=14670954), frame_id='RL_myo')","geometry_msgs.msg.Quaternion(x=0.4146147711607943, y=0.7644097444454273, z=-0.4148589135256763, w=-0.26770210309307285)",[0. 0. 0. 0. 0. 0. 0. 0. 0.],"geometry_msgs.msg.Vector3(x=38.6875, y=-32.9375, z=-18.75)",[0. 0. 0. 0. 0. 0. 0. 0. 0.],"geometry_msgs.msg.Vector3(x=-0.10791015625, y=0.75341796875, z=-0.462890625)",[0. 0. 0. 0. 0. 0. 0. 0. 0.],False
1731182684036200825,"std_msgs.msg.Header(stamp=builtin_interfaces.msg.Time(sec=1731182684, nanosec=35683939), frame_id='RL_myo')","geometry_msgs.msg.Quaternion(x=0.4068035165286303, y=0.766487405936465, z=-0.41748477915316295, w=-0.2696561044296307)",[0. 0. 0. 0. 0. 0. 0. 0. 0.],"geometry_msgs.msg.Vector3(x=37.5625, y=-31.3125, z=-11.75)",[0. 0. 0. 0. 0. 0. 0. 0. 0.],"geometry_msgs.msg.Vector3(x=-0.04150390625, y=0.724609375, z=-0.4658203125)",[0. 0. 0. 0. 0. 0. 0. 0. 0.],False
1731182684057303116,"std_msgs.msg.Header(stamp=builtin_interfaces.msg.Time(sec=1731182684, nanosec=56736590), frame_id='RL_myo')","geometry_msgs.msg.Quaternion(x=0.400835175732909, y=0.7676723016891726, z=-0.4205503823358829, w=-0.27045845342965125)",[0. 0. 0. 0. 0. 0. 0. 0. 0.],"geometry_msgs.msg.Vector3(x=33.9375, y=-24.25, z=-2.8125)",[0. 0. 0. 0. 0. 0. 0. 0. 0.],"geometry_msgs.msg.Vector3(x=-0.02734375, y=0.74609375, z=-0.43212890625)",[0. 0. 0. 0. 0. 0. 0. 0. 0.],False
1731182684073536766,"std_msgs.msg.Header(stamp=builtin_interfaces.msg.Time(sec=1731182684, nanosec=73087783), frame_id='RL_myo')","geometry_msgs.msg.Quaternion(x=0.3945949179003223, y=0.7690480998521363, z=-0.4238919883708799, w=-0.27050961734481493)",[0. 0. 0. 0. 0. 0. 0. 0. 0.],"geometry_msgs.msg.Vector3(x=36.1875, y=-19.625, z=3.5)",[0. 0. 0. 0. 0. 0. 0. 0. 0.],"geometry_msgs.msg.Vector3(x=-0.10205078125, y=0.72607421875, z=-0.4619140625)",[0. 0. 0. 0. 0. 0. 0. 0. 0.],False
1731182684096098251,"std_msgs.msg.Header(stamp=builtin_interfaces.msg.Time(sec=1731182684, nanosec=95618688), frame_id='RL_myo')","geometry_msgs.msg.Quaternion(x=0.38818316787525925, y=0.7702017917323736, z=-0.42785597591282504, w=-0.270263375369756)",[0. 0. 0. 0. 0. 0. 0. 0. 0.],"geometry_msgs.msg.Vector3(x=38.8125, y=-19.625, z=8.3125)",[0. 0. 0. 0. 0. 0. 0. 0. 0.],"geometry_msgs.msg.Vector3(x=-0.12646484375, y=0.73095703125, z=-0.4677734375)",[0. 0. 0. 0. 0. 0. 0. 0. 0.],False
1731182684117170288,"std_msgs.msg.Header(stamp=builtin_interfaces.msg.Time(sec=1731182684, nanosec=116704152), frame_id='RL_myo')","geometry_msgs.msg.Quaternion(x=0.3826888885875955, y=0.7710540238480214, z=-0.4319440613292525, w=-0.26916395513098823)",[0. 0. 0. 0. 0. 0. 0. 0. 0.],"geometry_msgs.msg.Vector3(x=37.1875, y=-15.9375, z=10.1875)",[0. 0. 0. 0. 0. 0. 0. 0. 0.],"geometry_msgs.msg.Vector3(x=-0.08447265625, y=0.7578125, z=-0.482421875)",[0. 0. 0. 0. 0. 0. 0. 0. 0.],False
1731182684140079047,"std_msgs.msg.Header(stamp=builtin_interfaces.msg.Time(sec=1731182684, nanosec=139548076), frame_id='RL_myo')","geometry_msgs.msg.Quaternion(x=0.37866541733697895, y=0.7713690432470568, z=-0.4358558583499947, w=-0.2676414982306017)",[0. 0. 0. 0. 0. 0. 0. 0. 0.],"geometry_msgs.msg.Vector3(x=31.5625, y=-11.3125, z=13.3125)",[0. 0. 0. 0. 0. 0. 0. 0. 0.],"geometry_msgs.msg.Vector3(x=-0.06689453125, y=0.7373046875, z=-0.455078125)",[0. 0. 0. 0. 0. 0. 0. 0. 0.],False
1731182684156209977,"std_msgs.msg.Header(stamp=builtin_interfaces.msg.Time(sec=1731182684, nanosec=155657709), frame_id='RL_myo')","geometry_msgs.msg.Quaternion(x=0.375853843911813, y=0.7709337288811481, z=-0.44012375258981545, w=-0.26586868205259134)",[0. 0. 0. 0. 0. 0. 0. 0. 0.],"geometry_msgs.msg.Vector3(x=24.5625, y=-8.0625, z=20.375)",[0. 0. 0. 0. 0. 0. 0. 0. 0.],"geometry_msgs.msg.Vector3(x=-0.08984375, y=0.72021484375, z=-0.46875)",[0. 0. 0. 0. 0. 0. 0. 0. 0.],False
1731182684177057717,"std_msgs.msg.Header(stamp=builtin_interfaces.msg.Time(sec=1731182684, nanosec=176549926), frame_id='RL_myo')","geometry_msgs.msg.Quaternion(x=0.3739596426065322, y=0.7702579875460154, z=-0.44433265842591063, w=-0.2634868250583319)",[0. 0. 0. 0. 0. 0. 0. 0. 0.],"geometry_msgs.msg.Vector3(x=20.4375, y=-4.25, z=22.375)",[0. 0. 0. 0. 0. 0. 0. 0. 0.],"geometry_msgs.msg.Vector3(x=-0.06298828125, y=0.71826171875, z=-0.4951171875)",[0. 0. 0. 0. 0. 0. 0. 0. 0.],False
1731182684193758717,"std_msgs.msg.Header(stamp=builtin_interfaces.msg.Time(sec=1731182684, nanosec=193202687), frame_id='RL_myo')","geometry_msgs.msg.Quaternion(x=0.37268949979578087, y=0.7694274212947286, z=-0.4480086682772734, w=-0.2614808085694604)",[0. 0. 0. 0. 0. 0. 0. 0. 0.],"geometry_msgs.msg.Vector3(x=18.5, y=-1.8125, z=22.75)",[0. 0. 0. 0. 0. 0. 0. 0. 0.],"geometry_msgs.msg.Vector3(x=-0.10009765625, y=0.7705078125, z=-0.48876953125)",[0. 0. 0. 0. 0. 0. 0. 0. 0.],False
1731182684216279812,"std_msgs.msg.Header(stamp=builtin_interfaces.msg.Time(sec=1731182684, nanosec=215677461), frame_id='RL_myo')","geometry_msgs.msg.Quaternion(x=0.3722024577098352, y=0.7682092707012111, z=-0.4510620141809908, w=-0.2605050983118361)",[0. 0. 0. 0. 0. 0. 0. 0. 0.],"geometry_msgs.msg.Vector3(x=12.625, y=-2.5, z=21.25)",[0. 0. 0. 0. 0. 0. 0. 0. 0.],"geometry_msgs.msg.Vector3(x=-0.12548828125, y=0.82275390625, z=-0.4951171875)",[0. 0. 0. 0. 0. 0. 0. 0. 0.],False
1731182684237289727,"std_msgs.msg.Header(stamp=builtin_interfaces.msg.Time(sec=1731182684, nanosec=236761472), frame_id='RL_myo')","geometry_msgs.msg.Quaternion(x=0.37298477411675063, y=0.7663552321731175, z=-0.45391716005666416, w=-0.2598869527391792)",[0. 0. 0. 0. 0. 0. 0. 0. 0.],"geometry_msgs.msg.Vector3(x=2.1875, y=-2.25, z=22.0)",[0. 0. 0. 0. 0. 0. 0. 0. 0.],"geometry_msgs.msg.Vector3(x=-0.10107421875, y=0.7998046875, z=-0.515625)",[0. 0. 0. 0. 0. 0. 0. 0. 0.],False
1731182684253537865,"std_msgs.msg.Header(stamp=builtin_interfaces.msg.Time(sec=1731182684, nanosec=253081154), frame_id='RL_myo')","geometry_msgs.msg.Quaternion(x=0.37451771112694604, y=0.7641113470662055, z=-0.45746581566109196, w=-0.2580607696617874)",[0. 0. 0. 0. 0. 0. 0. 0. 0.],"geometry_msgs.msg.Vector3(x=-0.6875, y=1.5, z=27.9375)",[0. 0. 0. 0. 0. 0. 0. 0. 0.],"geometry_msgs.msg.Vector3(x=-0.0537109375, y=0.75927734375, z=-0.53369140625)",[0. 0. 0. 0. 0. 0. 0. 0. 0.],False
1731182684276929875,"std_msgs.msg.Header(stamp=builtin_interfaces.msg.Time(sec=1731182684, nanosec=276411494), frame_id='RL_myo')","geometry_msgs.msg.Quaternion(x=0.3763500247190887, y=0.7619775719417942, z=-0.4609463812323318, w=-0.2554980868430271)",[0. 0. 0. 0. 0. 0. 0. 0. 0.],"geometry_msgs.msg.Vector3(x=1.625, y=5.375, z=29.25)",[0. 0. 0. 0. 0. 0. 0. 0. 0.],"geometry_msgs.msg.Vector3(x=-0.044921875, y=0.79736328125, z=-0.5380859375)",[0. 0. 0. 0. 0. 0. 0. 0. 0.],False
1731182684296979337,"std_msgs.msg.Header(stamp=builtin_interfaces.msg.Time(sec=1731182684, nanosec=296524833), frame_id='RL_myo')","geometry_msgs.msg.Quaternion(x=0.37756701615396837, y=0.7605662121394439, z=-0.46332221461764855, w=-0.2536034516844065)",[0. 0. 0. 0. 0. 0. 0. 0. 0.],"geometry_msgs.msg.Vector3(x=2.5625, y=6.75, z=23.1875)",[0. 0. 0. 0. 0. 0. 0. 0. 0.],"geometry_msgs.msg.Vector3(x=-0.091796875, y=0.84521484375, z=-0.568359375)",[0. 0. 0. 0. 0. 0. 0. 0. 0.],False
1731182684313694157,"std_msgs.msg.Header(stamp=builtin_interfaces.msg.Time(sec=1731182684, nanosec=313179851), frame_id='RL_myo')","geometry_msgs.msg.Quaternion(x=0.37939469873265075, y=0.7587283622821077, z=-0.46563741258548785, w=-0.25213634177358113)",[0. 0. 0. 0. 0. 0. 0. 0. 0.],"geometry_msgs.msg.Vector3(x=-0.875, y=5.0625, z=22.4375)",[0. 0. 0. 0. 0. 0. 0. 0. 0.],"geometry_msgs.msg.Vector3(x=-0.06591796875, y=0.87744140625, z=-0.56689453125)",[0. 0. 0. 0. 0. 0. 0. 0. 0.],False
1731182684336394851,"std_msgs.msg.Header(stamp=builtin_interfaces.msg.Time(sec=1731182684, nanosec=335862811), frame_id='RL_myo')","geometry_msgs.msg.Quaternion(x=0.38275895439489777, y=0.7564234925555682, z=-0.46784362708290406, w=-0.24988281921427388)",[0. 0. 0. 0. 0. 0. 0. 0. 0.],"geometry_msgs.msg.Vector3(x=-8.9375, y=8.875, z=23.0)",[0. 0. 0. 0. 0. 0. 0. 0. 0.],"geometry_msgs.msg.Vector3(x=0.02392578125, y=0.84814453125, z=-0.58349609375)",[0. 0. 0. 0. 0. 0. 0. 0. 0.],False
1731182684356948048,"std_msgs.msg.Header(stamp=builtin_interfaces.msg.Time(sec=1731182684, nanosec=356531353), frame_id='RL_myo')","geometry_msgs.msg.Quaternion(x=0.3862941589771681, y=0.754155574075192, z=-0.4702791112212167, w=-0.24670579721689265)",[0. 0. 0. 0. 0. 0. 0. 0. 0.],"geometry_msgs.msg.Vector3(x=-8.625, y=14.0625, z=27.625)",[0. 0. 0. 0. 0. 0. 0. 0. 0.],"geometry_msgs.msg.Vector3(x=0.005859375, y=0.82666015625, z=-0.59033203125)",[0. 0. 0. 0. 0. 0. 0. 0. 0.],False
1731182684373494361,"std_msgs.msg.Header(stamp=builtin_interfaces.msg.Time(sec=1731182684, nanosec=373047022), frame_id='RL_myo')","geometry_msgs.msg.Quaternion(x=0.38842806718682393, y=0.7525641213723349, z=-0.4726566549803213, w=-0.24365255251568216)",[0. 0. 0. 0. 0. 0. 0. 0. 0.],"geometry_msgs.msg.Vector3(x=0.0, y=13.25, z=27.25)",[0. 0. 0. 0. 0. 0. 0. 0. 0.],"geometry_msgs.msg.Vector3(x=-0.04736328125, y=0.86328125, z=-0.595703125)",[0. 0. 0. 0. 0. 0. 0. 0. 0.],False
1731182684396113706,"std_msgs.msg.Header(stamp=builtin_interfaces.msg.Time(sec=1731182684, nanosec=395599449), frame_id='RL_myo')","geometry_msgs.msg.Quaternion(x=0.3902610795875462, y=0.7514692542824317, z=-0.4734524858243034, w=-0.24255513454502792)",[0. 0. 0. 0. 0. 0. 0. 0. 0.],"geometry_msgs.msg.Vector3(x=-2.625, y=9.4375, z=15.5)",[0. 0. 0. 0. 0. 0. 0. 0. 0.],"geometry_msgs.msg.Vector3(x=-0.0673828125, y=0.97607421875, z=-0.62744140625)",[0. 0. 0. 0. 0. 0. 0. 0. 0.],False
1731182684417616584,"std_msgs.msg.Header(stamp=builtin_interfaces.msg.Time(sec=1731182684, nanosec=417147491), frame_id='RL_myo')","geometry_msgs.msg.Quaternion(x=0.3933152114093316, y=0.7497647512340518, z=-0.4741877525510704, w=-0.24145794170318374)",[0. 0. 0. 0. 0. 0. 0. 0. 0.],"geometry_msgs.msg.Vector3(x=-9.6875, y=7.875, z=12.9375)",[0. 0. 0. 0. 0. 0. 0. 0. 0.],"geometry_msgs.msg.Vector3(x=0.03662109375, y=0.9482421875, z=-0.60693359375)",[0. 0. 0. 0. 0. 0. 0. 0. 0.],False
1731182684433465017,"std_msgs.msg.Header(stamp=builtin_interfaces.msg.Time(sec=1731182684, nanosec=433048569), frame_id='RL_myo')","geometry_msgs.msg.Quaternion(x=0.3970485427992533, y=0.747464481955366, z=-0.4762751390411335, w=-0.23835120055819894)",[0. 0. 0. 0. 0. 0. 0. 0. 0.],"geometry_msgs.msg.Vector3(x=-11.875, y=12.875, z=23.4375)",[0. 0. 0. 0. 0. 0. 0. 0. 0.],"geometry_msgs.msg.Vector3(x=0.09326171875, y=0.8232421875, z=-0.6044921875)",[0. 0. 0. 0. 0. 0. 0. 0. 0.],False
1731182684456183873,"std_msgs.msg.Header(stamp=builtin_interfaces.msg.Time(sec=1731182684, nanosec=455573873), frame_id='RL_myo')","geometry_msgs.msg.Quaternion(x=0.4002211931767471, y=0.7455088689127328, z=-0.47834886242582997, w=-0.23499338016325702)",[0. 0. 0. 0. 0. 0. 0. 0. 0.],"geometry_msgs.msg.Vector3(x=-5.6875, y=14.875, z=25.25)",[0. 0. 0. 0. 0. 0. 0. 0. 0.],"geometry_msgs.msg.Vector3(x=0.05029296875, y=0.86181640625, z=-0.59130859375)",[0. 0. 0. 0. 0. 0. 0. 0. 0.],False
1731182684476970724,"std_msgs.msg.Header(stamp=builtin_interfaces.msg.Time(sec=1731182684, nanosec=476583223), frame_id='RL_myo')","geometry_msgs.msg.Quaternion(x=0.4013704844771072, y=0.7451843438231451, z=-0.4786416270178642, w=-0.23346139037787944)",[0. 0. 0. 0. 0. 0. 0. 0. 0.],"geometry_msgs.msg.Vector3(x=1.4375, y=11.4375, z=11.5)",[0. 0. 0. 0. 0. 0. 0. 0. 0.],"geometry_msgs.msg.Vector3(x=-0.033203125, y=0.9755859375, z=-0.6298828125)",[0. 0. 0. 0. 0. 0. 0. 0. 0.],False
1731182684493481095,"std_msgs.msg.Header(stamp=builtin_interfaces.msg.Time(sec=1731182684, nanosec=493142911), frame_id='RL_myo')","geometry_msgs.msg.Quaternion(x=0.4024118467332272, y=0.7450692269183232, z=-0.47797469615772825, w=-0.2334025332789111)",[0. 0. 0. 0. 0. 0. 0. 0. 0.],"geometry_msgs.msg.Vector3(x=-2.3125, y=6.125, z=1.25)",[0. 0. 0. 0. 0. 0. 0. 0. 0.],"geometry_msgs.msg.Vector3(x=0.00390625, y=0.9912109375, z=-0.6318359375)",[0. 0. 0. 0. 0. 0. 0. 0. 0.],False
1731182684516129864,"std_msgs.msg.Header(stamp=builtin_interfaces.msg.Time(sec=1731182684, nanosec=515706172), frame_id='RL_myo')","geometry_msgs.msg.Quaternion(x=0.4055841984313441, y=0.7434794764623329, z=-0.4781559985720315, w=-0.23260818363007557)",[0. 0. 0. 0. 0. 0. 0. 0. 0.],"geometry_msgs.msg.Vector3(x=-14.1875, y=6.75, z=7.6875)",[0. 0. 0. 0. 0. 0. 0. 0. 0.],"geometry_msgs.msg.Vector3(x=0.10791015625, y=0.91162109375, z=-0.60693359375)",[0. 0. 0. 0. 0. 0. 0. 0. 0.],False
1731182684537123251,"std_msgs.msg.Header(stamp=builtin_interfaces.msg.Time(sec=1731182684, nanosec=536647804), frame_id='RL_myo')","geometry_msgs.msg.Quaternion(x=0.4096222804801466, y=0.7412387087097154, z=-0.47889977837091796, w=-0.23114879692718152)",[0. 0. 0. 0. 0. 0. 0. 0. 0.],"geometry_msgs.msg.Vector3(x=-17.75, y=10.1875, z=14.5)",[0. 0. 0. 0. 0. 0. 0. 0. 0.],"geometry_msgs.msg.Vector3(x=0.11279296875, y=0.8798828125, z=-0.60009765625)",[0. 0. 0. 0. 0. 0. 0. 0. 0.],False
1731182684559934492,"std_msgs.msg.Header(stamp=builtin_interfaces.msg.Time(sec=1731182684, nanosec=559539663), frame_id='RL_myo')","geometry_msgs.msg.Quaternion(x=0.41157235985394697, y=0.7406227220032319, z=-0.4786520014792603, w=-0.2301704536570123)",[0. 0. 0. 0. 0. 0. 0. 0. 0.],"geometry_msgs.msg.Vector3(x=-6.3125, y=11.0, z=8.0)",[0. 0. 0. 0. 0. 0. 0. 0. 0.],"geometry_msgs.msg.Vector3(x=0.013671875, y=0.90185546875, z=-0.587890625)",[0. 0. 0. 0. 0. 0. 0. 0. 0.],False
1731182684576117374,"std_msgs.msg.Header(stamp=builtin_interfaces.msg.Time(sec=1731182684, nanosec=575699783), frame_id='RL_myo')","geometry_msgs.msg.Quaternion(x=0.4122245187943014, y=0.7409543467815841, z=-0.4772869021278408, w=-0.23077004820273225)",[0. 0. 0. 0. 0. 0. 0. 0. 0.],"geometry_msgs.msg.Vector3(x=-3.4375, y=5.4375, z=-3.5)",[0. 0. 0. 0. 0. 0. 0. 0. 0.],"geometry_msgs.msg.Vector3(x=-0.00634765625, y=0.95166015625, z=-0.59765625)",[0. 0. 0. 0. 0. 0. 0. 0. 0.],False
1731182684598468189,"std_msgs.msg.Header(stamp=builtin_interfaces.msg.Time(sec=1731182684, nanosec=598074365), frame_id='RL_myo')","geometry_msgs.msg.Quaternion(x=0.41328716078127736, y=0.7408772053704246, z=-0.47609508995627875, w=-0.23157753478129764)",[0. 0. 0. 0. 0. 0. 0. 0. 0.],"geometry_msgs.msg.Vector3(x=-6.6875, y=1.8125, z=-5.75)",[0. 0. 0. 0. 0. 0. 0. 0. 0.],"geometry_msgs.msg.Vector3(x=0.06494140625, y=0.9609375, z=-0.6044921875)",[0. 0. 0. 0. 0. 0. 0. 0. 0.],False
1731182684612769251,"std_msgs.msg.Header(stamp=builtin_interfaces.msg.Time(sec=1731182684, nanosec=612415285), frame_id='RL_myo')","geometry_msgs.msg.Quaternion(x=0.41559384876016614, y=0.7399999739122124, z=-0.47595841278187334, w=-0.23053281932253597)",[0. 0. 0. 0. 0. 0. 0. 0. 0.],"geometry_msgs.msg.Vector3(x=-10.9375, y=6.625, z=2.75)",[0. 0. 0. 0. 0. 0. 0. 0. 0.],"geometry_msgs.msg.Vector3(x=0.13623046875, y=0.8671875, z=-0.599609375)",[0. 0. 0. 0. 0. 0. 0. 0. 0.],False
1731182684636269902,"std_msgs.msg.Header(stamp=builtin_interfaces.msg.Time(sec=1731182684, nanosec=635720231), frame_id='RL_myo')","geometry_msgs.msg.Quaternion(x=0.41823372684029436, y=0.7391115292336725, z=-0.47640312871986246, w=-0.22767247535234938)",[0. 0. 0. 0. 0. 0. 0. 0. 0.],"geometry_msgs.msg.Vector3(x=-8.0, y=14.5, z=10.0)",[0. 0. 0. 0. 0. 0. 0. 0. 0.],"geometry_msgs.msg.Vector3(x=0.13623046875, y=0.791015625, z=-0.5703125)",[0. 0. 0. 0. 0. 0. 0. 0. 0.],False
1731182684658681123,"std_msgs.msg.Header(stamp=builtin_interfaces.msg.Time(sec=1731182684, nanosec=658181869), frame_id='RL_myo')","geometry_msgs.msg.Quaternion(x=0.41944848762542586, y=0.7395282124664814, z=-0.4759080119347272, w=-0.22510564935427396)",[0. 0. 0. 0. 0. 0. 0. 0. 0.],"geometry_msgs.msg.Vector3(x=2.5, y=16.375, z=5.3125)",[0. 0. 0. 0. 0. 0. 0. 0. 0.],"geometry_msgs.msg.Vector3(x=0.05126953125, y=0.8583984375, z=-0.55712890625)",[0. 0. 0. 0. 0. 0. 0. 0. 0.],False
1731182684672980694,"std_msgs.msg.Header(stamp=builtin_interfaces.msg.Time(sec=1731182684, nanosec=672542911), frame_id='RL_myo')","geometry_msgs.msg.Quaternion(x=0.41852700502031515, y=0.7413488410349639, z=-0.4743753657602289, w=-0.22406484401773033)",[0. 0. 0. 0. 0. 0. 0. 0. 0.],"geometry_msgs.msg.Vector3(x=7.5625, y=12.0, z=-3.6875)",[0. 0. 0. 0. 0. 0. 0. 0. 0.],"geometry_msgs.msg.Vector3(x=-0.03662109375, y=0.9091796875, z=-0.62255859375)",[0. 0. 0. 0. 0. 0. 0. 0. 0.],False
1731182684703845353,"std_msgs.msg.Header(stamp=builtin_interfaces.msg.Time(sec=1731182684, nanosec=703244130), frame_id='RL_myo')","geometry_msgs.msg.Quaternion(x=0.4185777465124691, y=0.7418188875929643, z=-0.4740585239373502, w=-0.2230827739141258)",[0. 0. 0. 0. 0. 0. 0. 0. 0.],"geometry_msgs.msg.Vector3(x=2.4375, y=6.3125, z=0.3125)",[0. 0. 0. 0. 0. 0. 0. 0. 0.],"geometry_msgs.msg.Vector3(x=0.0556640625, y=0.87939453125, z=-0.5966796875)",[0. 0. 0. 0. 0. 0. 0. 0. 0.],False
1731182684718696075,"std_msgs.msg.Header(stamp=builtin_interfaces.msg.Time(sec=1731182684, nanosec=718218268), frame_id='RL_myo')","geometry_msgs.msg.Quaternion(x=0.4216302303121192, y=0.7407825861751869, z=-0.4736321058514831, w=-0.22167935675935393)",[0. 0. 0. 0. 0. 0. 0. 0. 0.],"geometry_msgs.msg.Vector3(x=-9.875, y=11.0625, z=4.1875)",[0. 0. 0. 0. 0. 0. 0. 0. 0.],"geometry_msgs.msg.Vector3(x=0.14453125, y=0.904296875, z=-0.5498046875)",[0. 0. 0. 0. 0. 0. 0. 0. 0.],False
1731182684732968133,"std_msgs.msg.Header(stamp=builtin_interfaces.msg.Time(sec=1731182684, nanosec=732567043), frame_id='RL_myo')","geometry_msgs.msg.Quaternion(x=0.4248102438394738, y=0.740244057081198, z=-0.4721131086348175, w=-0.2206449757873129)",[0. 0. 0. 0. 0. 0. 0. 0. 0.],"geometry_msgs.msg.Vector3(x=-11.6875, y=15.3125, z=0.8125)",[0. 0. 0. 0. 0. 0. 0. 0. 0.],"geometry_msgs.msg.Vector3(x=0.0927734375, y=0.86328125, z=-0.52392578125)",[0. 0. 0. 0. 0. 0. 0. 0. 0.],False
1731182684756146442,"std_msgs.msg.Header(stamp=builtin_interfaces.msg.Time(sec=1731182684, nanosec=755709676), frame_id='RL_myo')","geometry_msgs.msg.Quaternion(x=0.42675994681813295, y=0.7404211834740805, z=-0.47064444363767494, w=-0.21942248409770995)",[0. 0. 0. 0. 0. 0. 0. 0. 0.],"geometry_msgs.msg.Vector3(x=-9.3125, y=15.75, z=1.125)",[0. 0. 0. 0. 0. 0. 0. 0. 0.],"geometry_msgs.msg.Vector3(x=0.033203125, y=0.810546875, z=-0.56787109375)",[0. 0. 0. 0. 0. 0. 0. 0. 0.],False
1731182684778659024,"std_msgs.msg.Header(stamp=builtin_interfaces.msg.Time(sec=1731182684, nanosec=778169328), frame_id='RL_myo')","geometry_msgs.msg.Quaternion(x=0.42767367521429034, y=0.7415166947592997, z=-0.46972693084760647, w=-0.21588151694490437)",[0. 0. 0. 0. 0. 0. 0. 0. 0.],"geometry_msgs.msg.Vector3(x=7.625, y=18.625, z=-1.25)",[0. 0. 0. 0. 0. 0. 0. 0. 0.],"geometry_msgs.msg.Vector3(x=0.15576171875, y=0.91650390625, z=-0.583984375)",[0. 0. 0. 0. 0. 0. 0. 0. 0.],False
1731182684793078615,"std_msgs.msg.Header(stamp=builtin_interfaces.msg.Time(sec=1731182684, nanosec=792568974), frame_id='RL_myo')","geometry_msgs.msg.Quaternion(x=0.42658184630789336, y=0.7449465494617025, z=-0.46625536184661576, w=-0.21374869448708578)",[0. 0. 0. 0. 0. 0. 0. 0. 0.],"geometry_msgs.msg.Vector3(x=16.1875, y=19.375, z=-19.1875)",[0. 0. 0. 0. 0. 0. 0. 0. 0.],"geometry_msgs.msg.Vector3(x=0.0693359375, y=0.923828125, z=-0.576171875)",[0. 0. 0. 0. 0. 0. 0. 0. 0.],False
1731182684816569299,"std_msgs.msg.Header(stamp=builtin_interfaces.msg.Time(sec=1731182684, nanosec=816157450), frame_id='RL_myo')","geometry_msgs.msg.Quaternion(x=0.4231036400734001, y=0.7479388351788004, z=-0.4652186879168286, w=-0.21246736455503545)",[0. 0. 0. 0. 0. 0. 0. 0. 0.],"geometry_msgs.msg.Vector3(x=21.8125, y=9.3125, z=-3.3125)",[0. 0. 0. 0. 0. 0. 0. 0. 0.],"geometry_msgs.msg.Vector3(x=-0.087890625, y=0.91552734375, z=-0.65234375)",[0. 0. 0. 0. 0. 0. 0. 0. 0.],False
1731182684839187363,"std_msgs.msg.Header(stamp=builtin_interfaces.msg.Time(sec=1731182684, nanosec=838755069), frame_id='RL_myo')","geometry_msgs.msg.Quaternion(x=0.4215779477095012, y=0.7491599435625332, z=-0.4635709443830406, w=-0.21478685362526923)",[0. 0. 0. 0. 0. 0. 0. 0. 0.],"geometry_msgs.msg.Vector3(x=3.0625, y=-6.125, z=-13.875)",[0. 0. 0. 0. 0. 0. 0. 0. 0.],"geometry_msgs.msg.Vector3(x=0.013671875, y=0.9755859375, z=-0.61572265625)",[0. 0. 0. 0. 0. 0. 0. 0. 0.],False
1731182684859546866,"std_msgs.msg.Header(stamp=builtin_interfaces.msg.Time(sec=1731182684, nanosec=859087878), frame_id='RL_myo')","geometry_msgs.msg.Quaternion(x=0.4227998682942892, y=0.7483075480421518, z=-0.4623515233620963, w=-0.21796135840607866)",[0. 0. 0. 0. 0. 0. 0. 0. 0.],"geometry_msgs.msg.Vector3(x=-16.3125, y=-9.4375, z=-10.25)",[0. 0. 0. 0. 0. 0. 0. 0. 0.],"geometry_msgs.msg.Vector3(x=0.087890625, y=0.8740234375, z=-0.5546875)",[0. 0. 0. 0. 0. 0. 0. 0. 0.],False
1731182684876067280,"std_msgs.msg.Header(stamp=builtin_interfaces.msg.Time(sec=1731182684, nanosec=875623577), frame_id='RL_myo')","geometry_msgs.msg.Quaternion(x=0.4255888206495432, y=0.746199472430993, z=-0.461842909200501, w=-0.22082035753765197)",[0. 0. 0. 0. 0. 0. 0. 0. 0.],"geometry_msgs.msg.Vector3(x=-24.125, y=-8.3125, z=-3.5)",[0. 0. 0. 0. 0. 0. 0. 0. 0.],"geometry_msgs.msg.Vector3(x=0.123046875, y=0.8759765625, z=-0.544921875)",[0. 0. 0. 0. 0. 0. 0. 0. 0.],False
1731182684898590360,"std_msgs.msg.Header(stamp=builtin_interfaces.msg.Time(sec=1731182684, nanosec=898143909), frame_id='RL_myo')","geometry_msgs.msg.Quaternion(x=0.4264582781618915, y=0.7460425839377129, z=-0.46082152570806945, w=-0.22180469197657277)",[0. 0. 0. 0. 0. 0. 0. 0. 0.],"geometry_msgs.msg.Vector3(x=-8.6875, y=-2.0625, z=-8.9375)",[0. 0. 0. 0. 0. 0. 0. 0. 0.],"geometry_msgs.msg.Vector3(x=0.1240234375, y=0.83203125, z=-0.54638671875)",[0. 0. 0. 0. 0. 0. 0. 0. 0.],False
1731182684919668477,"std_msgs.msg.Header(stamp=builtin_interfaces.msg.Time(sec=1731182684, nanosec=919135303), frame_id='RL_myo')","geometry_msgs.msg.Quaternion(x=0.4245019249311787, y=0.7475018079988707, z=-0.46087908485339046, w=-0.22052127315260225)",[0. 0. 0. 0. 0. 0. 0. 0. 0.],"geometry_msgs.msg.Vector3(x=13.125, y=1.5, z=-4.0625)",[0. 0. 0. 0. 0. 0. 0. 0. 0.],"geometry_msgs.msg.Vector3(x=0.076171875, y=0.84130859375, z=-0.5810546875)",[0. 0. 0. 0. 0. 0. 0. 0. 0.],False
1731182684936254621,"std_msgs.msg.Header(stamp=builtin_interfaces.msg.Time(sec=1731182684, nanosec=935773376), frame_id='RL_myo')","geometry_msgs.msg.Quaternion(x=0.4213908206655591, y=0.7496410862419463, z=-0.46124716566767526, w=-0.21844695063181285)",[0. 0. 0. 0. 0. 0. 0. 0. 0.],"geometry_msgs.msg.Vector3(x=26.9375, y=2.3125, z=-3.0625)",[0. 0. 0. 0. 0. 0. 0. 0. 0.],"geometry_msgs.msg.Vector3(x=0.0673828125, y=0.87255859375, z=-0.53466796875)",[0. 0. 0. 0. 0. 0. 0. 0. 0.],False
1731182684959398172,"std_msgs.msg.Header(stamp=builtin_interfaces.msg.Time(sec=1731182684, nanosec=958886893), frame_id='RL_myo')","geometry_msgs.msg.Quaternion(x=0.41760267051842515, y=0.7521364672315921, z=-0.4616090320273092, w=-0.21636969701663505)",[0. 0. 0. 0. 0. 0. 0. 0. 0.],"geometry_msgs.msg.Vector3(x=26.0625, y=2.3125, z=-3.0)",[0. 0. 0. 0. 0. 0. 0. 0. 0.],"geometry_msgs.msg.Vector3(x=0.037109375, y=0.89990234375, z=-0.64111328125)",[0. 0. 0. 0. 0. 0. 0. 0. 0.],False
1731182684979616721,"std_msgs.msg.Header(stamp=builtin_interfaces.msg.Time(sec=1731182684, nanosec=979193555), frame_id='RL_myo')","geometry_msgs.msg.Quaternion(x=0.4130867053957939, y=0.7548842157705642, z=-0.46209802697274754, w=-0.2144169024904586)",[0. 0. 0. 0. 0. 0. 0. 0. 0.],"geometry_msgs.msg.Vector3(x=28.4375, y=-0.1875, z=-4.625)",[0. 0. 0. 0. 0. 0. 0. 0. 0.],"geometry_msgs.msg.Vector3(x=0.03466796875, y=0.86328125, z=-0.6533203125)",[0. 0. 0. 0. 0. 0. 0. 0. 0.],False
1731182684996209407,"std_msgs.msg.Header(stamp=builtin_interfaces.msg.Time(sec=1731182684, nanosec=995699043), frame_id='RL_myo')","geometry_msgs.msg.Quaternion(x=0.41034910696765825, y=0.7563656304541456, z=-0.46216918607156154, w=-0.2142995261882267)",[0. 0. 0. 0. 0. 0. 0. 0. 0.],"geometry_msgs.msg.Vector3(x=8.6875, y=-3.9375, z=-6.3125)",[0. 0. 0. 0. 0. 0. 0. 0. 0.],"geometry_msgs.msg.Vector3(x=0.0439453125, y=0.8603515625, z=-0.7197265625)",[0. 0. 0. 0. 0. 0. 0. 0. 0.],False
1731182685025241888,"std_msgs.msg.Header(stamp=builtin_interfaces.msg.Time(sec=1731182685, nanosec=24885949), frame_id='RL_myo')","geometry_msgs.msg.Quaternion(x=0.413395831157846, y=0.7547693559867007, z=-0.460088258566048, w=-0.21850835309982114)",[0. 0. 0. 0. 0. 0. 0. 0. 0.],"geometry_msgs.msg.Vector3(x=-30.3125, y=-10.1875, z=-14.75)",[0. 0. 0. 0. 0. 0. 0. 0. 0.],"geometry_msgs.msg.Vector3(x=0.123046875, y=0.875, z=-0.5908203125)",[0. 0. 0. 0. 0. 0. 0. 0. 0.],False
1731182685026999270,"std_msgs.msg.Header(stamp=builtin_interfaces.msg.Time(sec=1731182685, nanosec=26579069), frame_id='RL_myo')","geometry_msgs.msg.Quaternion(x=0.42157444383211756, y=0.7498861469409869, z=-0.4576466164547875, w=-0.22473390794698955)",[0. 0. 0. 0. 0. 0. 0. 0. 0.],"geometry_msgs.msg.Vector3(x=-82.625, y=-9.375, z=-9.4375)",[0. 0. 0. 0. 0. 0. 0. 0. 0.],"geometry_msgs.msg.Vector3(x=0.1630859375, y=0.6787109375, z=-0.7177734375)",[0. 0. 0. 0. 0. 0. 0. 0. 0.],False
1731182685046285701,"std_msgs.msg.Header(stamp=builtin_interfaces.msg.Time(sec=1731182685, nanosec=45983687), frame_id='RL_myo')","geometry_msgs.msg.Quaternion(x=0.43617733906763956, y=0.7414892688208348, z=-0.4513757937874608, w=-0.2370714784409057)",[0. 0. 0. 0. 0. 0. 0. 0. 0.],"geometry_msgs.msg.Vector3(x=-127.4375, y=-12.625, z=-19.4375)",[0. 0. 0. 0. 0. 0. 0. 0. 0.],"geometry_msgs.msg.Vector3(x=0.26806640625, y=0.68505859375, z=-0.6533203125)",[0. 0. 0. 0. 0. 0. 0. 0. 0.],False
1731182685061244594,"std_msgs.msg.Header(stamp=builtin_interfaces.msg.Time(sec=1731182685, nanosec=60953541), frame_id='RL_myo')","geometry_msgs.msg.Quaternion(x=0.4553842253411366, y=0.7314467975456616, z=-0.4384164174541461, w=-0.2557378239082378)",[0. 0. 0. 0. 0. 0. 0. 0. 0.],"geometry_msgs.msg.Vector3(x=-176.125, y=-13.8125, z=-55.625)",[0. 0. 0. 0. 0. 0. 0. 0. 0.],"geometry_msgs.msg.Vector3(x=0.4091796875, y=0.7421875, z=-0.6044921875)",[0. 0. 0. 0. 0. 0. 0. 0. 0.],False
1731182685083858584,"std_msgs.msg.Header(stamp=builtin_interfaces.msg.Time(sec=1731182685, nanosec=83527206), frame_id='RL_myo')","geometry_msgs.msg.Quaternion(x=0.48071014177814914, y=0.719600377293598, z=-0.41558600245904237, w=-0.2799666607842014)",[0. 0. 0. 0. 0. 0. 0. 0. 0.],"geometry_msgs.msg.Vector3(x=-235.25, y=-0.0625, z=-101.8125)",[0. 0. 0. 0. 0. 0. 0. 0. 0.],"geometry_msgs.msg.Vector3(x=0.60107421875, y=0.78076171875, z=-0.54443359375)",[0. 0. 0. 0. 0. 0. 0. 0. 0.],False
1731182685115136556,"std_msgs.msg.Header(stamp=builtin_interfaces.msg.Time(sec=1731182685, nanosec=114782437), frame_id='RL_myo')","geometry_msgs.msg.Quaternion(x=0.5102576652104022, y=0.7062429957116703, z=-0.3831815337548929, w=-0.30664288397333256)",[0. 0. 0. 0. 0. 0. 0. 0. 0.],"geometry_msgs.msg.Vector3(x=-276.625, y=23.25, z=-141.5625)",[0. 0. 0. 0. 0. 0. 0. 0. 0.],"geometry_msgs.msg.Vector3(x=0.810546875, y=0.70068359375, z=-0.3203125)",[0. 0. 0. 0. 0. 0. 0. 0. 0.],False
1731182685131914476,"std_msgs.msg.Header(stamp=builtin_interfaces.msg.Time(sec=1731182685, nanosec=131533430), frame_id='RL_myo')","geometry_msgs.msg.Quaternion(x=0.5422243429251683, y=0.6915740690775645, z=-0.34539031479215754, w=-0.32927738969847853)",[0. 0. 0. 0. 0. 0. 0. 0. 0.],"geometry_msgs.msg.Vector3(x=-289.8125, y=59.6875, z=-145.3125)",[0. 0. 0. 0. 0. 0. 0. 0. 0.],"geometry_msgs.msg.Vector3(x=0.8193359375, y=0.45068359375, z=-0.146484375)",[0. 0. 0. 0. 0. 0. 0. 0. 0.],False
1731182685143785624,"std_msgs.msg.Header(stamp=builtin_interfaces.msg.Time(sec=1731182685, nanosec=143430319), frame_id='RL_myo')","geometry_msgs.msg.Quaternion(x=0.5725177807244675, y=0.6778659352586286, z=-0.3064007739058451, w=-0.3447313886494448)",[0. 0. 0. 0. 0. 0. 0. 0. 0.],"geometry_msgs.msg.Vector3(x=-267.375, y=92.375, z=-130.5625)",[0. 0. 0. 0. 0. 0. 0. 0. 0.],"geometry_msgs.msg.Vector3(x=0.673828125, y=0.31787109375, z=-0.0380859375)",[0. 0. 0. 0. 0. 0. 0. 0. 0.],False
1731182685166310408,"std_msgs.msg.Header(stamp=builtin_interfaces.msg.Time(sec=1731182685, nanosec=165931647), frame_id='RL_myo')","geometry_msgs.msg.Quaternion(x=0.5945051795054125, y=0.6700695955452175, z=-0.26764940576296037, w=-0.3548719829203766)",[0. 0. 0. 0. 0. 0. 0. 0. 0.],"geometry_msgs.msg.Vector3(x=-204.125, y=110.5, z=-136.0625)",[0. 0. 0. 0. 0. 0. 0. 0. 0.],"geometry_msgs.msg.Vector3(x=0.490234375, y=0.33984375, z=0.08203125)",[0. 0. 0. 0. 0. 0. 0. 0. 0.],False
1731182685181431010,"std_msgs.msg.Header(stamp=builtin_interfaces.msg.Time(sec=1731182685, nanosec=180967579), frame_id='RL_myo')","geometry_msgs.msg.Quaternion(x=0.6074966631792902, y=0.668533201226039, z=-0.23022982151233626, w=-0.36194667061722)",[0. 0. 0. 0. 0. 0. 0. 0. 0.],"geometry_msgs.msg.Vector3(x=-138.25, y=117.5, z=-145.625)",[0. 0. 0. 0. 0. 0. 0. 0. 0.],"geometry_msgs.msg.Vector3(x=0.28125, y=0.4462890625, z=0.24462890625)",[0. 0. 0. 0. 0. 0. 0. 0. 0.],False
1731182685204001700,"std_msgs.msg.Header(stamp=builtin_interfaces.msg.Time(sec=1731182685, nanosec=203572543), frame_id='RL_myo')","geometry_msgs.msg.Quaternion(x=0.6159911882131168, y=0.6685445386938436, z=-0.1957474970867485, w=-0.3678124157919384)",[0. 0. 0. 0. 0. 0. 0. 0. 0.],"geometry_msgs.msg.Vector3(x=-106.75, y=110.0, z=-138.375)",[0. 0. 0. 0. 0. 0. 0. 0. 0.],"geometry_msgs.msg.Vector3(x=0.0634765625, y=0.5302734375, z=0.3291015625)",[0. 0. 0. 0. 0. 0. 0. 0. 0.],False
1731182685226491014,"std_msgs.msg.Header(stamp=builtin_interfaces.msg.Time(sec=1731182685, nanosec=226088362), frame_id='RL_myo')","geometry_msgs.msg.Quaternion(x=0.6237323857852595, y=0.6674955838093353, z=-0.16351688634100303, w=-0.3723839207041656)",[0. 0. 0. 0. 0. 0. 0. 0. 0.],"geometry_msgs.msg.Vector3(x=-101.0625, y=104.5, z=-122.1875)",[0. 0. 0. 0. 0. 0. 0. 0. 0.],"geometry_msgs.msg.Vector3(x=-0.18896484375, y=0.5703125, z=0.357421875)",[0. 0. 0. 0. 0. 0. 0. 0. 0.],False
1731182685248738259,"std_msgs.msg.Header(stamp=builtin_interfaces.msg.Time(sec=1731182685, nanosec=248422062), frame_id='RL_myo')","geometry_msgs.msg.Quaternion(x=0.6334890797675912, y=0.6632744801844507, z=-0.1368419420790962, w=-0.3742096105650931)",[0. 0. 0. 0. 0. 0. 0. 0. 0.],"geometry_msgs.msg.Vector3(x=-107.5625, y=89.25, z=-80.6875)",[0. 0. 0. 0. 0. 0. 0. 0. 0.],"geometry_msgs.msg.Vector3(x=-0.4326171875, y=0.6875, z=0.26416015625)",[0. 0. 0. 0. 0. 0. 0. 0. 0.],False
1731182685263911616,"std_msgs.msg.Header(stamp=builtin_interfaces.msg.Time(sec=1731182685, nanosec=263496186), frame_id='RL_myo')","geometry_msgs.msg.Quaternion(x=0.6465010642519204, y=0.655534500572661, z=-0.11737363543773065, w=-0.3722019911072707)",[0. 0. 0. 0. 0. 0. 0. 0. 0.],"geometry_msgs.msg.Vector3(x=-116.1875, y=71.9375, z=-27.625)",[0. 0. 0. 0. 0. 0. 0. 0. 0.],"geometry_msgs.msg.Vector3(x=-0.6064453125, y=0.79833984375, z=0.2080078125)",[0. 0. 0. 0. 0. 0. 0. 0. 0.],False
1731182685287941958,"std_msgs.msg.Header(stamp=builtin_interfaces.msg.Time(sec=1731182685, nanosec=287439967), frame_id='RL_myo')","geometry_msgs.msg.Quaternion(x=0.6605464460816372, y=0.6458974766619742, z=-0.10651021515546634, w=-0.36762809506095917)",[0. 0. 0. 0. 0. 0. 0. 0. 0.],"geometry_msgs.msg.Vector3(x=-104.9375, y=46.5, z=20.8125)",[0. 0. 0. 0. 0. 0. 0. 0. 0.],"geometry_msgs.msg.Vector3(x=-0.81494140625, y=0.83349609375, z=0.333984375)",[0. 0. 0. 0. 0. 0. 0. 0. 0.],False
1731182685301416724,"std_msgs.msg.Header(stamp=builtin_interfaces.msg.Time(sec=1731182685, nanosec=300928067), frame_id='RL_myo')","geometry_msgs.msg.Quaternion(x=0.6789140792068101, y=0.6289858479030997, z=-0.10480045617172462, w=-0.36396337807338025)",[0. 0. 0. 0. 0. 0. 0. 0. 0.],"geometry_msgs.msg.Vector3(x=-130.625, y=-4.6875, z=65.0625)",[0. 0. 0. 0. 0. 0. 0. 0. 0.],"geometry_msgs.msg.Vector3(x=-0.7958984375, y=0.8203125, z=0.35205078125)",[0. 0. 0. 0. 0. 0. 0. 0. 0.],False
1731182685323906508,"std_msgs.msg.Header(stamp=builtin_interfaces.msg.Time(sec=1731182685, nanosec=323501959), frame_id='RL_myo')","geometry_msgs.msg.Quaternion(x=0.7045175848698141, y=0.6008205064072122, z=-0.11047187287658004, w=-0.36120030037768)",[0. 0. 0. 0. 0. 0. 0. 0. 0.],"geometry_msgs.msg.Vector3(x=-189.4375, y=-59.125, z=114.375)",[0. 0. 0. 0. 0. 0. 0. 0. 0.],"geometry_msgs.msg.Vector3(x=-1.08154296875, y=0.947265625, z=0.19775390625)",[0. 0. 0. 0. 0. 0. 0. 0. 0.],False
1731182685346539037,"std_msgs.msg.Header(stamp=builtin_interfaces.msg.Time(sec=1731182685, nanosec=346079869), frame_id='RL_myo')","geometry_msgs.msg.Quaternion(x=0.7326231642157098, y=0.5661151252270856, z=-0.12945877958023166, w=-0.3549892796033132)",[0. 0. 0. 0. 0. 0. 0. 0. 0.],"geometry_msgs.msg.Vector3(x=-195.1875, y=-111.6875, z=177.1875)",[0. 0. 0. 0. 0. 0. 0. 0. 0.],"geometry_msgs.msg.Vector3(x=-0.66943359375, y=1.130859375, z=0.3310546875)",[0. 0. 0. 0. 0. 0. 0. 0. 0.],False
1731182685361389692,"std_msgs.msg.Header(stamp=builtin_interfaces.msg.Time(sec=1731182685, nanosec=360967983), frame_id='RL_myo')","geometry_msgs.msg.Quaternion(x=0.7611160681744583, y=0.5244803828246287, z=-0.15069731935226444, w=-0.3505894703764305)",[0. 0. 0. 0. 0. 0. 0. 0. 0.],"geometry_msgs.msg.Vector3(x=-221.0625, y=-141.75, z=183.5625)",[0. 0. 0. 0. 0. 0. 0. 0. 0.],"geometry_msgs.msg.Vector3(x=-0.5869140625, y=0.890625, z=0.40771484375)",[0. 0. 0. 0. 0. 0. 0. 0. 0.],False
1731182685391597344,"std_msgs.msg.Header(stamp=builtin_interfaces.msg.Time(sec=1731182685, nanosec=391034410), frame_id='RL_myo')","geometry_msgs.msg.Quaternion(x=0.7869134678573835, y=0.47826370388043565, z=-0.17834182526016246, w=-0.3467350818969825)",[0. 0. 0. 0. 0. 0. 0. 0. 0.],"geometry_msgs.msg.Vector3(x=-223.9375, y=-183.1875, z=198.1875)",[0. 0. 0. 0. 0. 0. 0. 0. 0.],"geometry_msgs.msg.Vector3(x=-0.45556640625, y=0.86279296875, z=0.2578125)",[0. 0. 0. 0. 0. 0. 0. 0. 0.],False
1731182685409503048,"std_msgs.msg.Header(stamp=builtin_interfaces.msg.Time(sec=1731182685, nanosec=409044472), frame_id='RL_myo')","geometry_msgs.msg.Quaternion(x=0.802945025436926, y=0.43904094017239137, z=-0.21039540119202463, w=-0.34388386722247366)",[0. 0. 0. 0. 0. 0. 0. 0. 0.],"geometry_msgs.msg.Vector3(x=-159.1875, y=-203.75, z=181.25)",[0. 0. 0. 0. 0. 0. 0. 0. 0.],"geometry_msgs.msg.Vector3(x=-0.54833984375, y=0.8212890625, z=0.2001953125)",[0. 0. 0. 0. 0. 0. 0. 0. 0.],False
1731182685421412090,"std_msgs.msg.Header(stamp=builtin_interfaces.msg.Time(sec=1731182685, nanosec=420983853), frame_id='RL_myo')","geometry_msgs.msg.Quaternion(x=0.8123272697695728, y=0.4037527154200709, z=-0.24182437770133347, w=-0.3444257858073258)",[0. 0. 0. 0. 0. 0. 0. 0. 0.],"geometry_msgs.msg.Vector3(x=-130.25, y=-212.875, z=151.5)",[0. 0. 0. 0. 0. 0. 0. 0. 0.],"geometry_msgs.msg.Vector3(x=-0.8291015625, y=0.9599609375, z=0.28271484375)",[0. 0. 0. 0. 0. 0. 0. 0. 0.],False
1731182685443920401,"std_msgs.msg.Header(stamp=builtin_interfaces.msg.Time(sec=1731182685, nanosec=443388872), frame_id='RL_myo')","geometry_msgs.msg.Quaternion(x=0.8131409196527839, y=0.37464787305425523, z=-0.2801008617539878, w=-0.3463875333305471)",[0. 0. 0. 0. 0. 0. 0. 0. 0.],"geometry_msgs.msg.Vector3(x=-70.125, y=-244.1875, z=130.4375)",[0. 0. 0. 0. 0. 0. 0. 0. 0.],"geometry_msgs.msg.Vector3(x=-0.40185546875, y=1.0693359375, z=0.37841796875)",[0. 0. 0. 0. 0. 0. 0. 0. 0.],False
1731182685466396356,"std_msgs.msg.Header(stamp=builtin_interfaces.msg.Time(sec=1731182685, nanosec=465956035), frame_id='RL_myo')","geometry_msgs.msg.Quaternion(x=0.8057451683363699, y=0.35505034802004876, z=-0.3217853592507645, w=-0.3480921668829875)",[0. 0. 0. 0. 0. 0. 0. 0. 0.],"geometry_msgs.msg.Vector3(x=-3.25, y=-249.75, z=102.9375)",[0. 0. 0. 0. 0. 0. 0. 0. 0.],"geometry_msgs.msg.Vector3(x=0.14990234375, y=1.46240234375, z=0.44384765625)",[0. 0. 0. 0. 0. 0. 0. 0. 0.],False
1731182685481640454,"std_msgs.msg.Header(stamp=builtin_interfaces.msg.Time(sec=1731182685, nanosec=481126004), frame_id='RL_myo')","geometry_msgs.msg.Quaternion(x=0.8064587993611437, y=0.3224492421876124, z=-0.35064752912508673, w=-0.35028131760641823)",[0. 0. 0. 0. 0. 0. 0. 0. 0.],"geometry_msgs.msg.Vector3(x=-101.375, y=-200.875, z=110.625)",[0. 0. 0. 0. 0. 0. 0. 0. 0.],"geometry_msgs.msg.Vector3(x=0.15185546875, y=0.45263671875, z=0.0947265625)",[0. 0. 0. 0. 0. 0. 0. 0. 0.],False
1731182685504012862,"std_msgs.msg.Header(stamp=builtin_interfaces.msg.Time(sec=1731182685, nanosec=503571182), frame_id='RL_myo')","geometry_msgs.msg.Quaternion(x=0.822415226500202, y=0.2677091571493162, z=-0.3524287901003538, w=-0.3574338404620145)",[0. 0. 0. 0. 0. 0. 0. 0. 0.],"geometry_msgs.msg.Vector3(x=-309.75, y=-102.0, z=125.5)",[0. 0. 0. 0. 0. 0. 0. 0. 0.],"geometry_msgs.msg.Vector3(x=0.10791015625, y=2.154296875, z=0.6044921875)",[0. 0. 0. 0. 0. 0. 0. 0. 0.],False
1731182685543527191,"std_msgs.msg.Header(stamp=builtin_interfaces.msg.Time(sec=1731182685, nanosec=543179790), frame_id='RL_myo')","geometry_msgs.msg.Quaternion(x=0.8398984961596992, y=0.19378517006809426, z=-0.34808088973176116, w=-0.3685885486744004)",[0. 0. 0. 0. 0. 0. 0. 0. 0.],"geometry_msgs.msg.Vector3(x=-418.25, y=-115.375, z=135.125)",[0. 0. 0. 0. 0. 0. 0. 0. 0.],"geometry_msgs.msg.Vector3(x=-0.1005859375, y=1.03564453125, z=0.18310546875)",[0. 0. 0. 0. 0. 0. 0. 0. 0.],False
1731182685545926815,"std_msgs.msg.Header(stamp=builtin_interfaces.msg.Time(sec=1731182685, nanosec=545465121), frame_id='RL_myo')","geometry_msgs.msg.Quaternion(x=0.8515009557237382, y=0.11816399184869594, z=-0.35058572788166814, w=-0.37158180907792404)",[0. 0. 0. 0. 0. 0. 0. 0. 0.],"geometry_msgs.msg.Vector3(x=-380.375, y=-155.0, z=167.0)",[0. 0. 0. 0. 0. 0. 0. 0. 0.],"geometry_msgs.msg.Vector3(x=0.18994140625, y=0.4951171875, z=0.5615234375)",[0. 0. 0. 0. 0. 0. 0. 0. 0.],False
1731182685564045239,"std_msgs.msg.Header(stamp=builtin_interfaces.msg.Time(sec=1731182685, nanosec=563521779), frame_id='RL_myo')","geometry_msgs.msg.Quaternion(x=0.8553910762776953, y=0.06542841482480836, z=-0.3629690139581487, w=-0.3637014215867846)",[0. 0. 0. 0. 0. 0. 0. 0. 0.],"geometry_msgs.msg.Vector3(x=-210.9375, y=-159.125, z=155.8125)",[0. 0. 0. 0. 0. 0. 0. 0. 0.],"geometry_msgs.msg.Vector3(x=0.77294921875, y=-0.06103515625, z=0.94189453125)",[0. 0. 0. 0. 0. 0. 0. 0. 0.],False
1731182685586263016,"std_msgs.msg.Header(stamp=builtin_interfaces.msg.Time(sec=1731182685, nanosec=585826455), frame_id='RL_myo')","geometry_msgs.msg.Quaternion(x=0.8427130867225211, y=0.06781011366326653, z=-0.3967898730197081, w=-0.3574832004732242)",[0. 0. 0. 0. 0. 0. 0. 0. 0.],"geometry_msgs.msg.Vector3(x=99.6875, y=-185.1875, z=11.75)",[0. 0. 0. 0. 0. 0. 0. 0. 0.],"geometry_msgs.msg.Vector3(x=0.2724609375, y=-1.509765625, z=0.2841796875)",[0. 0. 0. 0. 0. 0. 0. 0. 0.],False
1731182685601254462,"std_msgs.msg.Header(stamp=builtin_interfaces.msg.Time(sec=1731182685, nanosec=600887745), frame_id='RL_myo')","geometry_msgs.msg.Quaternion(x=0.8326442164189243, y=0.1105350150956364, z=-0.4342054651520471, w=-0.32550151049421805)",[0. 0. 0. 0. 0. 0. 0. 0. 0.],"geometry_msgs.msg.Vector3(x=369.0, y=-103.5, z=42.6875)",[0. 0. 0. 0. 0. 0. 0. 0. 0.],"geometry_msgs.msg.Vector3(x=1.27099609375, y=0.11865234375, z=1.19775390625)",[0. 0. 0. 0. 0. 0. 0. 0. 0.],False
1731182685625379425,"std_msgs.msg.Header(stamp=builtin_interfaces.msg.Time(sec=1731182685, nanosec=624954111), frame_id='RL_myo')","geometry_msgs.msg.Quaternion(x=0.8244243324984892, y=0.17090309698643444, z=-0.45161143378665297, w=-0.2952351000440655)",[0. 0. 0. 0. 0. 0. 0. 0. 0.],"geometry_msgs.msg.Vector3(x=407.375, y=26.9375, z=-15.25)",[0. 0. 0. 0. 0. 0. 0. 0. 0.],"geometry_msgs.msg.Vector3(x=0.9482421875, y=0.3623046875, z=0.93017578125)",[0. 0. 0. 0. 0. 0. 0. 0. 0.],False
1731182685655086036,"std_msgs.msg.Header(stamp=builtin_interfaces.msg.Time(sec=1731182685, nanosec=654562376), frame_id='RL_myo')","geometry_msgs.msg.Quaternion(x=0.8184408717801808, y=0.21912168914093882, z=-0.4582023733651888, w=-0.26868347509705093)",[0. 0. 0. 0. 0. 0. 0. 0. 0.],"geometry_msgs.msg.Vector3(x=315.8125, y=59.3125, z=-3.5625)",[0. 0. 0. 0. 0. 0. 0. 0. 0.],"geometry_msgs.msg.Vector3(x=0.67041015625, y=0.61376953125, z=0.677734375)",[0. 0. 0. 0. 0. 0. 0. 0. 0.],False
1731182685665195810,"std_msgs.msg.Header(stamp=builtin_interfaces.msg.Time(sec=1731182685, nanosec=664647041), frame_id='RL_myo')","geometry_msgs.msg.Quaternion(x=0.814447018994087, y=0.2535381382570022, z=-0.46203266889877387, w=-0.24273499659318673)",[0. 0. 0. 0. 0. 0. 0. 0. 0.],"geometry_msgs.msg.Vector3(x=240.6875, y=56.1875, z=31.25)",[0. 0. 0. 0. 0. 0. 0. 0. 0.],"geometry_msgs.msg.Vector3(x=0.54248046875, y=0.6787109375, z=0.46728515625)",[0. 0. 0. 0. 0. 0. 0. 0. 0.],False
1731182685691525975,"std_msgs.msg.Header(stamp=builtin_interfaces.msg.Time(sec=1731182685, nanosec=690969119), frame_id='RL_myo')","geometry_msgs.msg.Quaternion(x=0.8144701633790227, y=0.26959792503335905, z=-0.4626561629506139, w=-0.2233933451714046)",[0. 0. 0. 0. 0. 0. 0. 0. 0.],"geometry_msgs.msg.Vector3(x=125.6875, y=46.6875, z=51.8125)",[0. 0. 0. 0. 0. 0. 0. 0. 0.],"geometry_msgs.msg.Vector3(x=0.3681640625, y=0.6494140625, z=0.3203125)",[0. 0. 0. 0. 0. 0. 0. 0. 0.],False
1731182685706463536,"std_msgs.msg.Header(stamp=builtin_interfaces.msg.Time(sec=1731182685, nanosec=706029695), frame_id='RL_myo')","geometry_msgs.msg.Quaternion(x=0.8184282808853921, y=0.2683131272109914, z=-0.46204057620273087, w=-0.2114278145265865)",[0. 0. 0. 0. 0. 0. 0. 0. 0.],"geometry_msgs.msg.Vector3(x=16.75, y=27.3125, z=70.625)",[0. 0. 0. 0. 0. 0. 0. 0. 0.],"geometry_msgs.msg.Vector3(x=0.341796875, y=0.501953125, z=0.294921875)",[0. 0. 0. 0. 0. 0. 0. 0. 0.],False
1731182685721504554,"std_msgs.msg.Header(stamp=builtin_interfaces.msg.Time(sec=1731182685, nanosec=721008928), frame_id='RL_myo')","geometry_msgs.msg.Quaternion(x=0.8234197669262716, y=0.2565290401297991, z=-0.46313165750771246, w=-0.2041612275122955)",[0. 0. 0. 0. 0. 0. 0. 0. 0.],"geometry_msgs.msg.Vector3(x=-38.5625, y=4.75, z=67.5625)",[0. 0. 0. 0. 0. 0. 0. 0. 0.],"geometry_msgs.msg.Vector3(x=0.60791015625, y=0.44384765625, z=0.40380859375)",[0. 0. 0. 0. 0. 0. 0. 0. 0.],False
1731182685745613847,"std_msgs.msg.Header(stamp=builtin_interfaces.msg.Time(sec=1731182685, nanosec=745077589), frame_id='RL_myo')","geometry_msgs.msg.Quaternion(x=0.8263039988475954, y=0.24475395445256742, z=-0.4665584109315275, w=-0.1990991021008167)",[0. 0. 0. 0. 0. 0. 0. 0. 0.],"geometry_msgs.msg.Vector3(x=-34.25, y=-6.8125, z=40.375)",[0. 0. 0. 0. 0. 0. 0. 0. 0.],"geometry_msgs.msg.Vector3(x=0.9560546875, y=0.35595703125, z=0.462890625)",[0. 0. 0. 0. 0. 0. 0. 0. 0.],False
1731182685761920782,"std_msgs.msg.Header(stamp=builtin_interfaces.msg.Time(sec=1731182685, nanosec=761430599), frame_id='RL_myo')","geometry_msgs.msg.Quaternion(x=0.8271562088197407, y=0.24011456061812722, z=-0.4683881896755232, w=-0.19690126399442764)",[0. 0. 0. 0. 0. 0. 0. 0. 0.],"geometry_msgs.msg.Vector3(x=-5.1875, y=0.0, z=0.0)",[0. 0. 0. 0. 0. 0. 0. 0. 0.],"geometry_msgs.msg.Vector3(x=1.041015625, y=0.34375, z=0.50830078125)",[0. 0. 0. 0. 0. 0. 0. 0. 0.],False
1731182685789250399,"std_msgs.msg.Header(stamp=builtin_interfaces.msg.Time(sec=1731182685, nanosec=788702172), frame_id='RL_myo')","geometry_msgs.msg.Quaternion(x=0.8260088464625757, y=0.24420759585433868, z=-0.4680899906540673, w=-0.19739249312495158)",[0. 0. 0. 0. 0. 0. 0. 0. 0.],"geometry_msgs.msg.Vector3(x=22.0, y=8.0625, z=-27.4375)",[0. 0. 0. 0. 0. 0. 0. 0. 0.],"geometry_msgs.msg.Vector3(x=0.859375, y=0.48681640625, z=0.43603515625)",[0. 0. 0. 0. 0. 0. 0. 0. 0.],False
1731182685811427584,"std_msgs.msg.Header(stamp=builtin_interfaces.msg.Time(sec=1731182685, nanosec=811023935), frame_id='RL_myo')","geometry_msgs.msg.Quaternion(x=0.8243054388269522, y=0.2493363730180007, z=-0.4671165881779093, w=-0.20038465425167598)",[0. 0. 0. 0. 0. 0. 0. 0. 0.],"geometry_msgs.msg.Vector3(x=15.1875, y=6.25, z=-33.1875)",[0. 0. 0. 0. 0. 0. 0. 0. 0.],"geometry_msgs.msg.Vector3(x=0.69189453125, y=0.5732421875, z=0.35693359375)",[0. 0. 0. 0. 0. 0. 0. 0. 0.],False
1731182685821858258,"std_msgs.msg.Header(stamp=builtin_interfaces.msg.Time(sec=1731182685, nanosec=821381568), frame_id='RL_myo')","geometry_msgs.msg.Quaternion(x=0.8245365718122505, y=0.2484168959416581, z=-0.46515605994382714, w=-0.20508127035969811)",[0. 0. 0. 0. 0. 0. 0. 0. 0.],"geometry_msgs.msg.Vector3(x=-22.0625, y=3.8125, z=-20.8125)",[0. 0. 0. 0. 0. 0. 0. 0. 0.],"geometry_msgs.msg.Vector3(x=0.61474609375, y=0.587890625, z=0.37744140625)",[0. 0. 0. 0. 0. 0. 0. 0. 0.],False
1731182685857841725,"std_msgs.msg.Header(stamp=builtin_interfaces.msg.Time(sec=1731182685, nanosec=857335682), frame_id='RL_myo')","geometry_msgs.msg.Quaternion(x=0.8266570982747514, y=0.2417593595884739, z=-0.4628278777478913, w=-0.2097160210921475)",[0. 0. 0. 0. 0. 0. 0. 0. 0.],"geometry_msgs.msg.Vector3(x=-48.4375, y=0.875, z=-5.0)",[0. 0. 0. 0. 0. 0. 0. 0. 0.],"geometry_msgs.msg.Vector3(x=0.59228515625, y=0.529296875, z=0.431640625)",[0. 0. 0. 0. 0. 0. 0. 0. 0.],False
1731182685863936988,"std_msgs.msg.Header(stamp=builtin_interfaces.msg.Time(sec=1731182685, nanosec=863502233), frame_id='RL_myo')","geometry_msgs.msg.Quaternion(x=0.8294235672849761, y=0.23285384569815173, z=-0.46076374342735194, w=-0.21338323579573748)",[0. 0. 0. 0. 0. 0. 0. 0. 0.],"geometry_msgs.msg.Vector3(x=-53.125, y=-1.375, z=2.3125)",[0. 0. 0. 0. 0. 0. 0. 0. 0.],"geometry_msgs.msg.Vector3(x=0.59814453125, y=0.4326171875, z=0.47216796875)",[0. 0. 0. 0. 0. 0. 0. 0. 0.],False
1731182685881956301,"std_msgs.msg.Header(stamp=builtin_interfaces.msg.Time(sec=1731182685, nanosec=881489507), frame_id='RL_myo')","geometry_msgs.msg.Quaternion(x=0.8317963342048904, y=0.22577154683180875, z=-0.45892842947509327, w=-0.21570063436161452)",[0. 0. 0. 0. 0. 0. 0. 0. 0.],"geometry_msgs.msg.Vector3(x=-37.375, y=-1.0, z=2.0625)",[0. 0. 0. 0. 0. 0. 0. 0. 0.],"geometry_msgs.msg.Vector3(x=0.6123046875, y=0.39794921875, z=0.529296875)",[0. 0. 0. 0. 0. 0. 0. 0. 0.],False
1731182685903086315,"std_msgs.msg.Header(stamp=builtin_interfaces.msg.Time(sec=1731182685, nanosec=902495921), frame_id='RL_myo')","geometry_msgs.msg.Quaternion(x=0.8331903282325478, y=0.22283919774207253, z=-0.45745817230261127, w=-0.21649154598497158)",[0. 0. 0. 0. 0. 0. 0. 0. 0.],"geometry_msgs.msg.Vector3(x=-11.3125, y=1.625, z=-2.25)",[0. 0. 0. 0. 0. 0. 0. 0. 0.],"geometry_msgs.msg.Vector3(x=0.6396484375, y=0.41845703125, z=0.55908203125)",[0. 0. 0. 0. 0. 0. 0. 0. 0.],False
1731182685924011393,"std_msgs.msg.Header(stamp=builtin_interfaces.msg.Time(sec=1731182685, nanosec=923418297), frame_id='RL_myo')","geometry_msgs.msg.Quaternion(x=0.8337040847304388, y=0.2234563770552849, z=-0.45612933781320514, w=-0.21668127247917549)",[0. 0. 0. 0. 0. 0. 0. 0. 0.],"geometry_msgs.msg.Vector3(x=6.0, y=3.5, z=-6.25)",[0. 0. 0. 0. 0. 0. 0. 0. 0.],"geometry_msgs.msg.Vector3(x=0.6201171875, y=0.47412109375, z=0.5498046875)",[0. 0. 0. 0. 0. 0. 0. 0. 0.],False
1731182685942555062,"std_msgs.msg.Header(stamp=builtin_interfaces.msg.Time(sec=1731182685, nanosec=942071958), frame_id='RL_myo')","geometry_msgs.msg.Quaternion(x=0.8339998443563892, y=0.2247966500852299, z=-0.45484242097071226, w=-0.2168619325964762)",[0. 0. 0. 0. 0. 0. 0. 0. 0.],"geometry_msgs.msg.Vector3(x=6.625, y=4.875, z=-5.1875)",[0. 0. 0. 0. 0. 0. 0. 0. 0.],"geometry_msgs.msg.Vector3(x=0.5986328125, y=0.53076171875, z=0.51953125)",[0. 0. 0. 0. 0. 0. 0. 0. 0.],False
1731182685970386665,"std_msgs.msg.Header(stamp=builtin_interfaces.msg.Time(sec=1731182685, nanosec=969907403), frame_id='RL_myo')","geometry_msgs.msg.Quaternion(x=0.8346604599636217, y=0.22461063931744996, z=-0.45337169262228755, w=-0.21759155683877962)",[0. 0. 0. 0. 0. 0. 0. 0. 0.],"geometry_msgs.msg.Vector3(x=-3.5625, y=4.4375, z=-3.3125)",[0. 0. 0. 0. 0. 0. 0. 0. 0.],"geometry_msgs.msg.Vector3(x=0.59375, y=0.53466796875, z=0.50048828125)",[0. 0. 0. 0. 0. 0. 0. 0. 0.],False
1731182685984023213,"std_msgs.msg.Header(stamp=builtin_interfaces.msg.Time(sec=1731182685, nanosec=983469191), frame_id='RL_myo')","geometry_msgs.msg.Quaternion(x=0.8355879038377771, y=0.22296585921982467, z=-0.451913282689182, w=-0.21875434969719454)",[0. 0. 0. 0. 0. 0. 0. 0. 0.],"geometry_msgs.msg.Vector3(x=-11.1875, y=3.0625, z=-2.5625)",[0. 0. 0. 0. 0. 0. 0. 0. 0.],"geometry_msgs.msg.Vector3(x=0.59423828125, y=0.50537109375, z=0.50439453125)",[0. 0. 0. 0. 0. 0. 0. 0. 0.],False
1731182686002586159,"std_msgs.msg.Header(stamp=builtin_interfaces.msg.Time(sec=1731182686, nanosec=2044867), frame_id='RL_myo')","geometry_msgs.msg.Quaternion(x=0.8361885794169782, y=0.22149842005140247, z=-0.45093147625785657, w=-0.21997252848312332)",[0. 0. 0. 0. 0. 0. 0. 0. 0.],"geometry_msgs.msg.Vector3(x=-9.0625, y=0.9375, z=-4.5625)",[0. 0. 0. 0. 0. 0. 0. 0. 0.],"geometry_msgs.msg.Vector3(x=0.6142578125, y=0.4853515625, z=0.50341796875)",[0. 0. 0. 0. 0. 0. 0. 0. 0.],False
1731182686021239010,"std_msgs.msg.Header(stamp=builtin_interfaces.msg.Time(sec=1731182686, nanosec=20889592), frame_id='RL_myo')","geometry_msgs.msg.Quaternion(x=0.8364381782485287, y=0.22125572067651172, z=-0.45001887684080577, w=-0.22113364855475917)",[0. 0. 0. 0. 0. 0. 0. 0. 0.],"geometry_msgs.msg.Vector3(x=-3.5625, y=2.4375, z=-7.625)",[0. 0. 0. 0. 0. 0. 0. 0. 0.],"geometry_msgs.msg.Vector3(x=0.61767578125, y=0.4970703125, z=0.48974609375)",[0. 0. 0. 0. 0. 0. 0. 0. 0.],False
1731182686067773486,"std_msgs.msg.Header(stamp=builtin_interfaces.msg.Time(sec=1731182686, nanosec=67276024), frame_id='RL_myo')","geometry_msgs.msg.Quaternion(x=0.836664621741761, y=0.22180035274362123, z=-0.44884969567325, w=-0.22210552659164493)",[0. 0. 0. 0. 0. 0. 0. 0. 0.],"geometry_msgs.msg.Vector3(x=-0.25, y=4.3125, z=-7.875)",[0. 0. 0. 0. 0. 0. 0. 0. 0.],"geometry_msgs.msg.Vector3(x=0.60791015625, y=0.52099609375, z=0.4921875)",[0. 0. 0. 0. 0. 0. 0. 0. 0.],False
1731182686078266424,"std_msgs.msg.Header(stamp=builtin_interfaces.msg.Time(sec=1731182686, nanosec=77756484), frame_id='RL_myo')","geometry_msgs.msg.Quaternion(x=0.8370391434533387, y=0.22216876784090367, z=-0.44769448134973305, w=-0.2226570508471474)",[0. 0. 0. 0. 0. 0. 0. 0. 0.],"geometry_msgs.msg.Vector3(x=-0.125, y=4.5, z=-4.375)",[0. 0. 0. 0. 0. 0. 0. 0. 0.],"geometry_msgs.msg.Vector3(x=0.6005859375, y=0.5322265625, z=0.4951171875)",[0. 0. 0. 0. 0. 0. 0. 0. 0.],False
1731182686088823355,"std_msgs.msg.Header(stamp=builtin_interfaces.msg.Time(sec=1731182686, nanosec=88496956), frame_id='RL_myo')","geometry_msgs.msg.Quaternion(x=0.8377945438898158, y=0.22180863853239038, z=-0.4463639443003222, w=-0.22284626837692825)",[0. 0. 0. 0. 0. 0. 0. 0. 0.],"geometry_msgs.msg.Vector3(x=-4.0625, y=5.625, z=0.4375)",[0. 0. 0. 0. 0. 0. 0. 0. 0.],"geometry_msgs.msg.Vector3(x=0.58251953125, y=0.5322265625, z=0.498046875)",[0. 0. 0. 0. 0. 0. 0. 0. 0.],False
1731182686103878635,"std_msgs.msg.Header(stamp=builtin_interfaces.msg.Time(sec=1731182686, nanosec=103488007), frame_id='RL_myo')","geometry_msgs.msg.Quaternion(x=0.8388603359692706, y=0.22045718375443868, z=-0.44524782820836933, w=-0.22241029280209704)",[0. 0. 0. 0. 0. 0. 0. 0. 0.],"geometry_msgs.msg.Vector3(x=-6.375, y=5.0, z=5.0625)",[0. 0. 0. 0. 0. 0. 0. 0. 0.],"geometry_msgs.msg.Vector3(x=0.58740234375, y=0.5107421875, z=0.49951171875)",[0. 0. 0. 0. 0. 0. 0. 0. 0.],False
1731182686121879200,"std_msgs.msg.Header(stamp=builtin_interfaces.msg.Time(sec=1731182686, nanosec=121496574), frame_id='RL_myo')","geometry_msgs.msg.Quaternion(x=0.839874931979756, y=0.21912434635227648, z=-0.44435243494277793, w=-0.22168791809233096)",[0. 0. 0. 0. 0. 0. 0. 0. 0.],"geometry_msgs.msg.Vector3(x=-4.25, y=5.25, z=4.75)",[0. 0. 0. 0. 0. 0. 0. 0. 0.],"geometry_msgs.msg.Vector3(x=0.615234375, y=0.484375, z=0.5009765625)",[0. 0. 0. 0. 0. 0. 0. 0. 0.],False
1731182686148850010,"std_msgs.msg.Header(stamp=builtin_interfaces.msg.Time(sec=1731182686, nanosec=148362401), frame_id='RL_myo')","geometry_msgs.msg.Quaternion(x=0.840727149041825, y=0.2184523352998905, z=-0.443496694129367, w=-0.2208327882411299)",[0. 0. 0. 0. 0. 0. 0. 0. 0.],"geometry_msgs.msg.Vector3(x=0.0, y=5.25, z=2.875)",[0. 0. 0. 0. 0. 0. 0. 0. 0.],"geometry_msgs.msg.Vector3(x=0.61328125, y=0.470703125, z=0.51171875)",[0. 0. 0. 0. 0. 0. 0. 0. 0.],False
1731182686163826738,"std_msgs.msg.Header(stamp=builtin_interfaces.msg.Time(sec=1731182686, nanosec=163355644), frame_id='RL_myo')","geometry_msgs.msg.Quaternion(x=0.8414176605858181, y=0.2181973115185188, z=-0.44274218119030356, w=-0.2199673036958718)",[0. 0. 0. 0. 0. 0. 0. 0. 0.],"geometry_msgs.msg.Vector3(x=2.8125, y=4.625, z=1.75)",[0. 0. 0. 0. 0. 0. 0. 0. 0.],"geometry_msgs.msg.Vector3(x=0.61328125, y=0.4658203125, z=0.51806640625)",[0. 0. 0. 0. 0. 0. 0. 0. 0.],False
1731182686182462715,"std_msgs.msg.Header(stamp=builtin_interfaces.msg.Time(sec=1731182686, nanosec=182006337), frame_id='RL_myo')","geometry_msgs.msg.Quaternion(x=0.8420376482397021, y=0.2181998109928193, z=-0.4419537989927285, w=-0.21917636958747247)",[0. 0. 0. 0. 0. 0. 0. 0. 0.],"geometry_msgs.msg.Vector3(x=4.0, y=4.4375, z=0.625)",[0. 0. 0. 0. 0. 0. 0. 0. 0.],"geometry_msgs.msg.Vector3(x=0.60986328125, y=0.4619140625, z=0.52099609375)",[0. 0. 0. 0. 0. 0. 0. 0. 0.],False
1731182686208727308,"std_msgs.msg.Header(stamp=builtin_interfaces.msg.Time(sec=1731182686, nanosec=208327305), frame_id='RL_myo')","geometry_msgs.msg.Quaternion(x=0.8427078126539773, y=0.2179553559055083, z=-0.44109867183677076, w=-0.2185657041438323)",[0. 0. 0. 0. 0. 0. 0. 0. 0.],"geometry_msgs.msg.Vector3(x=1.875, y=4.8125, z=0.875)",[0. 0. 0. 0. 0. 0. 0. 0. 0.],"geometry_msgs.msg.Vector3(x=0.60888671875, y=0.4716796875, z=0.52294921875)",[0. 0. 0. 0. 0. 0. 0. 0. 0.],False
1731182686231301289,"std_msgs.msg.Header(stamp=builtin_interfaces.msg.Time(sec=1731182686, nanosec=230871464), frame_id='RL_myo')","geometry_msgs.msg.Quaternion(x=0.8435019079552413, y=0.21734517324374922, z=-0.4401224499468339, w=-0.21807759168770458)",[0. 0. 0. 0. 0. 0. 0. 0. 0.],"geometry_msgs.msg.Vector3(x=-0.8125, y=4.5625, z=1.875)",[0. 0. 0. 0. 0. 0. 0. 0. 0.],"geometry_msgs.msg.Vector3(x=0.603515625, y=0.4794921875, z=0.52490234375)",[0. 0. 0. 0. 0. 0. 0. 0. 0.],False
1731182686242467969,"std_msgs.msg.Header(stamp=builtin_interfaces.msg.Time(sec=1731182686, nanosec=241971277), frame_id='RL_myo')","geometry_msgs.msg.Quaternion(x=0.8442764629642697, y=0.21656252823866606, z=-0.43916781022469065, w=-0.21778328657146576)",[0. 0. 0. 0. 0. 0. 0. 0. 0.],"geometry_msgs.msg.Vector3(x=-2.25, y=4.0, z=1.375)",[0. 0. 0. 0. 0. 0. 0. 0. 0.],"geometry_msgs.msg.Vector3(x=0.599609375, y=0.48291015625, z=0.52490234375)",[0. 0. 0. 0. 0. 0. 0. 0. 0.],False
1731182686262796344,"std_msgs.msg.Header(stamp=builtin_interfaces.msg.Time(sec=1731182686, nanosec=262396642), frame_id='RL_myo')","geometry_msgs.msg.Quaternion(x=0.8449420091614913, y=0.21588961109616375, z=-0.43824919640103355, w=-0.21772073587221263)",[0. 0. 0. 0. 0. 0. 0. 0. 0.],"geometry_msgs.msg.Vector3(x=-2.375, y=3.4375, z=0.25)",[0. 0. 0. 0. 0. 0. 0. 0. 0.],"geometry_msgs.msg.Vector3(x=0.5986328125, y=0.47607421875, z=0.52197265625)",[0. 0. 0. 0. 0. 0. 0. 0. 0.],False
1731182686285401176,"std_msgs.msg.Header(stamp=builtin_interfaces.msg.Time(sec=1731182686, nanosec=284956121), frame_id='RL_myo')","geometry_msgs.msg.Quaternion(x=0.8455723575753236, y=0.21520774742389134, z=-0.437312396566132, w=-0.21783223214857295)",[0. 0. 0. 0. 0. 0. 0. 0. 0.],"geometry_msgs.msg.Vector3(x=-2.75, y=3.25, z=-0.8125)",[0. 0. 0. 0. 0. 0. 0. 0. 0.],"geometry_msgs.msg.Vector3(x=0.59375, y=0.47998046875, z=0.52392578125)",[0. 0. 0. 0. 0. 0. 0. 0. 0.],False
1731182686301876105,"std_msgs.msg.Header(stamp=builtin_interfaces.msg.Time(sec=1731182686, nanosec=301401206), frame_id='RL_myo')","geometry_msgs.msg.Quaternion(x=0.8461212349341849, y=0.2144752232243184, z=-0.43651872410367815, w=-0.21801522406296678)",[0. 0. 0. 0. 0. 0. 0. 0. 0.],"geometry_msgs.msg.Vector3(x=-3.1875, y=2.3125, z=-0.75)",[0. 0. 0. 0. 0. 0. 0. 0. 0.],"geometry_msgs.msg.Vector3(x=0.59521484375, y=0.48291015625, z=0.525390625)",[0. 0. 0. 0. 0. 0. 0. 0. 0.],False
1731182686328878373,"std_msgs.msg.Header(stamp=builtin_interfaces.msg.Time(sec=1731182686, nanosec=328473594), frame_id='RL_myo')","geometry_msgs.msg.Quaternion(x=0.8466172819774177, y=0.21362270109732262, z=-0.43579031023853815, w=-0.2183834355789201)",[0. 0. 0. 0. 0. 0. 0. 0. 0.],"geometry_msgs.msg.Vector3(x=-4.4375, y=1.8125, z=-0.875)",[0. 0. 0. 0. 0. 0. 0. 0. 0.],"geometry_msgs.msg.Vector3(x=0.5986328125, y=0.4931640625, z=0.5244140625)",[0. 0. 0. 0. 0. 0. 0. 0. 0.],False
1731182686351353579,"std_msgs.msg.Header(stamp=builtin_interfaces.msg.Time(sec=1731182686, nanosec=350948267), frame_id='RL_myo')","geometry_msgs.msg.Quaternion(x=0.8471733544242556, y=0.2125868006815333, z=-0.43500032399003385, w=-0.21881242619675478)",[0. 0. 0. 0. 0. 0. 0. 0. 0.],"geometry_msgs.msg.Vector3(x=-6.375, y=1.9375, z=-0.375)",[0. 0. 0. 0. 0. 0. 0. 0. 0.],"geometry_msgs.msg.Vector3(x=0.59033203125, y=0.49462890625, z=0.517578125)",[0. 0. 0. 0. 0. 0. 0. 0. 0.],False
1731182686362564220,"std_msgs.msg.Header(stamp=builtin_interfaces.msg.Time(sec=1731182686, nanosec=362223730), frame_id='RL_myo')","geometry_msgs.msg.Quaternion(x=0.8478002565833266, y=0.21137021515824764, z=-0.43421533659710476, w=-0.21912188057121254)",[0. 0. 0. 0. 0. 0. 0. 0. 0.],"geometry_msgs.msg.Vector3(x=-7.0, y=2.0625, z=1.0625)",[0. 0. 0. 0. 0. 0. 0. 0. 0.],"geometry_msgs.msg.Vector3(x=0.5927734375, y=0.49755859375, z=0.5224609375)",[0. 0. 0. 0. 0. 0. 0. 0. 0.],False
1731182686388811110,"std_msgs.msg.Header(stamp=builtin_interfaces.msg.Time(sec=1731182686, nanosec=388380965), frame_id='RL_myo')","geometry_msgs.msg.Quaternion(x=0.8484042077104246, y=0.2103309999834621, z=-0.43354065376742057, w=-0.21912022343024634)",[0. 0. 0. 0. 0. 0. 0. 0. 0.],"geometry_msgs.msg.Vector3(x=-5.3125, y=2.625, z=2.1875)",[0. 0. 0. 0. 0. 0. 0. 0. 0.],"geometry_msgs.msg.Vector3(x=0.595703125, y=0.49609375, z=0.51416015625)",[0. 0. 0. 0. 0. 0. 0. 0. 0.],False
1731182686404110216,"std_msgs.msg.Header(stamp=builtin_interfaces.msg.Time(sec=1731182686, nanosec=403509751), frame_id='RL_myo')","geometry_msgs.msg.Quaternion(x=0.8489473258359886, y=0.20959703191608203, z=-0.4330491966932446, w=-0.21869137022577806)",[0. 0. 0. 0. 0. 0. 0. 0. 0.],"geometry_msgs.msg.Vector3(x=-3.0, y=2.4375, z=3.75)",[0. 0. 0. 0. 0. 0. 0. 0. 0.],"geometry_msgs.msg.Vector3(x=0.59228515625, y=0.5, z=0.5146484375)",[0. 0. 0. 0. 0. 0. 0. 0. 0.],False
1731182686421944858,"std_msgs.msg.Header(stamp=builtin_interfaces.msg.Time(sec=1731182686, nanosec=421469454), frame_id='RL_myo')","geometry_msgs.msg.Quaternion(x=0.8494185691672611, y=0.20916558428800774, z=-0.4326743002677814, w=-0.21801560171484205)",[0. 0. 0. 0. 0. 0. 0. 0. 0.],"geometry_msgs.msg.Vector3(x=-0.5, y=2.1875, z=4.375)",[0. 0. 0. 0. 0. 0. 0. 0. 0.],"geometry_msgs.msg.Vector3(x=0.59375, y=0.4990234375, z=0.517578125)",[0. 0. 0. 0. 0. 0. 0. 0. 0.],False
1731182686448791192,"std_msgs.msg.Header(stamp=builtin_interfaces.msg.Time(sec=1731182686, nanosec=448407365), frame_id='RL_myo')","geometry_msgs.msg.Quaternion(x=0.8499236093625604, y=0.20886453078913333, z=-0.43231661939784666, w=-0.21704332889718236)",[0. 0. 0. 0. 0. 0. 0. 0. 0.],"geometry_msgs.msg.Vector3(x=1.1875, y=2.375, z=5.3125)",[0. 0. 0. 0. 0. 0. 0. 0. 0.],"geometry_msgs.msg.Vector3(x=0.5908203125, y=0.48974609375, z=0.52490234375)",[0. 0. 0. 0. 0. 0. 0. 0. 0.],False
1731182686481515170,"std_msgs.msg.Header(stamp=builtin_interfaces.msg.Time(sec=1731182686, nanosec=481120318), frame_id='RL_myo')","geometry_msgs.msg.Quaternion(x=0.8504054187129453, y=0.2086187986191665, z=-0.4320691853203861, w=-0.2158820043054394)",[0. 0. 0. 0. 0. 0. 0. 0. 0.],"geometry_msgs.msg.Vector3(x=1.9375, y=2.375, z=6.25)",[0. 0. 0. 0. 0. 0. 0. 0. 0.],"geometry_msgs.msg.Vector3(x=0.59228515625, y=0.48876953125, z=0.52197265625)",[0. 0. 0. 0. 0. 0. 0. 0. 0.],False
1731182686483967768,"std_msgs.msg.Header(stamp=builtin_interfaces.msg.Time(sec=1731182686, nanosec=483581665), frame_id='RL_myo')","geometry_msgs.msg.Quaternion(x=0.8508460358699322, y=0.20831689529584496, z=-0.43195390214142826, w=-0.2146646705993222)",[0. 0. 0. 0. 0. 0. 0. 0. 0.],"geometry_msgs.msg.Vector3(x=3.0, y=1.8125, z=5.5625)",[0. 0. 0. 0. 0. 0. 0. 0. 0.],"geometry_msgs.msg.Vector3(x=0.60693359375, y=0.47705078125, z=0.5283203125)",[0. 0. 0. 0. 0. 0. 0. 0. 0.],False
1731182686505125141,"std_msgs.msg.Header(stamp=builtin_interfaces.msg.Time(sec=1731182686, nanosec=504666279), frame_id='RL_myo')","geometry_msgs.msg.Quaternion(x=0.8511420044620093, y=0.20837567610134813, z=-0.4318881910056061, w=-0.2135637055297648)",[0. 0. 0. 0. 0. 0. 0. 0. 0.],"geometry_msgs.msg.Vector3(x=4.5625, y=1.3125, z=4.0)",[0. 0. 0. 0. 0. 0. 0. 0. 0.],"geometry_msgs.msg.Vector3(x=0.60302734375, y=0.46728515625, z=0.52392578125)",[0. 0. 0. 0. 0. 0. 0. 0. 0.],False
1731182686525259621,"std_msgs.msg.Header(stamp=builtin_interfaces.msg.Time(sec=1731182686, nanosec=524903926), frame_id='RL_myo')","geometry_msgs.msg.Quaternion(x=0.8513353507021716, y=0.20837818234135458, z=-0.43207649466738407, w=-0.21240658305445634)",[0. 0. 0. 0. 0. 0. 0. 0. 0.],"geometry_msgs.msg.Vector3(x=4.875, y=0.4375, z=4.0625)",[0. 0. 0. 0. 0. 0. 0. 0. 0.],"geometry_msgs.msg.Vector3(x=0.60986328125, y=0.4658203125, z=0.52392578125)",[0. 0. 0. 0. 0. 0. 0. 0. 0.],False
1731182686541883925,"std_msgs.msg.Header(stamp=builtin_interfaces.msg.Time(sec=1731182686, nanosec=541425986), frame_id='RL_myo')","geometry_msgs.msg.Quaternion(x=0.8515782049923314, y=0.20819475754220487, z=-0.4320758395313012, w=-0.21161278932829794)",[0. 0. 0. 0. 0. 0. 0. 0. 0.],"geometry_msgs.msg.Vector3(x=3.0, y=0.25, z=3.3125)",[0. 0. 0. 0. 0. 0. 0. 0. 0.],"geometry_msgs.msg.Vector3(x=0.60205078125, y=0.470703125, z=0.5234375)",[0. 0. 0. 0. 0. 0. 0. 0. 0.],False
1731182686565073906,"std_msgs.msg.Header(stamp=builtin_interfaces.msg.Time(sec=1731182686, nanosec=564648761), frame_id='RL_myo')","geometry_msgs.msg.Quaternion(x=0.8518076148073647, y=0.2077028742612111, z=-0.43219043568722765, w=-0.21093774124206452)",[0. 0. 0. 0. 0. 0. 0. 0. 0.],"geometry_msgs.msg.Vector3(x=0.8125, y=-0.625, z=3.25)",[0. 0. 0. 0. 0. 0. 0. 0. 0.],"geometry_msgs.msg.Vector3(x=0.6005859375, y=0.46435546875, z=0.515625)",[0. 0. 0. 0. 0. 0. 0. 0. 0.],False
1731182686583806228,"std_msgs.msg.Header(stamp=builtin_interfaces.msg.Time(sec=1731182686, nanosec=583461770), frame_id='RL_myo')","geometry_msgs.msg.Quaternion(x=0.8520362599467037, y=0.2069666874985152, z=-0.43224360980963866, w=-0.21062873446103686)",[0. 0. 0. 0. 0. 0. 0. 0. 0.],"geometry_msgs.msg.Vector3(x=-1.125, y=-0.625, z=1.8125)",[0. 0. 0. 0. 0. 0. 0. 0. 0.],"geometry_msgs.msg.Vector3(x=0.6142578125, y=0.46435546875, z=0.5234375)",[0. 0. 0. 0. 0. 0. 0. 0. 0.],False
1731182686607911686,"std_msgs.msg.Header(stamp=builtin_interfaces.msg.Time(sec=1731182686, nanosec=607605126), frame_id='RL_myo')","geometry_msgs.msg.Quaternion(x=0.8523507147032677, y=0.20623652452433522, z=-0.43188210936199944, w=-0.21081413308879962)",[0. 0. 0. 0. 0. 0. 0. 0. 0.],"geometry_msgs.msg.Vector3(x=-3.4375, y=0.375, z=-0.125)",[0. 0. 0. 0. 0. 0. 0. 0. 0.],"geometry_msgs.msg.Vector3(x=0.59765625, y=0.4716796875, z=0.52099609375)",[0. 0. 0. 0. 0. 0. 0. 0. 0.],False
1731182686624986415,"std_msgs.msg.Header(stamp=builtin_interfaces.msg.Time(sec=1731182686, nanosec=624612470), frame_id='RL_myo')","geometry_msgs.msg.Quaternion(x=0.8526529234987783, y=0.2053813233767637, z=-0.43151440008134306, w=-0.21117960739482983)",[0. 0. 0. 0. 0. 0. 0. 0. 0.],"geometry_msgs.msg.Vector3(x=-4.5625, y=0.625, z=-0.625)",[0. 0. 0. 0. 0. 0. 0. 0. 0.],"geometry_msgs.msg.Vector3(x=0.60302734375, y=0.47314453125, z=0.5126953125)",[0. 0. 0. 0. 0. 0. 0. 0. 0.],False
1731182686651324474,"std_msgs.msg.Header(stamp=builtin_interfaces.msg.Time(sec=1731182686, nanosec=650997246), frame_id='RL_myo')","geometry_msgs.msg.Quaternion(x=0.8530598462961281, y=0.20441452670619153, z=-0.43092462184106073, w=-0.21167798704600546)",[0. 0. 0. 0. 0. 0. 0. 0. 0.],"geometry_msgs.msg.Vector3(x=-6.4375, y=1.375, z=-0.8125)",[0. 0. 0. 0. 0. 0. 0. 0. 0.],"geometry_msgs.msg.Vector3(x=0.59814453125, y=0.4814453125, z=0.515625)",[0. 0. 0. 0. 0. 0. 0. 0. 0.],False
1731182686661748647,"std_msgs.msg.Header(stamp=builtin_interfaces.msg.Time(sec=1731182686, nanosec=661369841), frame_id='RL_myo')","geometry_msgs.msg.Quaternion(x=0.8535527062457057, y=0.20325590044323513, z=-0.4302555081754848, w=-0.2121674204026082)",[0. 0. 0. 0. 0. 0. 0. 0. 0.],"geometry_msgs.msg.Vector3(x=-7.1875, y=1.375, z=0.0625)",[0. 0. 0. 0. 0. 0. 0. 0. 0.],"geometry_msgs.msg.Vector3(x=0.591796875, y=0.48095703125, z=0.52783203125)",[0. 0. 0. 0. 0. 0. 0. 0. 0.],False
1731182686685076286,"std_msgs.msg.Header(stamp=builtin_interfaces.msg.Time(sec=1731182686, nanosec=684655377), frame_id='RL_myo')","geometry_msgs.msg.Quaternion(x=0.8540928441641685, y=0.20203296749684826, z=-0.4295794638195825, w=-0.21253135734864823)",[0. 0. 0. 0. 0. 0. 0. 0. 0.],"geometry_msgs.msg.Vector3(x=-6.375, y=1.125, z=0.3125)",[0. 0. 0. 0. 0. 0. 0. 0. 0.],"geometry_msgs.msg.Vector3(x=0.59814453125, y=0.4697265625, z=0.53955078125)",[0. 0. 0. 0. 0. 0. 0. 0. 0.],False
1731182686703833569,"std_msgs.msg.Header(stamp=builtin_interfaces.msg.Time(sec=1731182686, nanosec=703500061), frame_id='RL_myo')","geometry_msgs.msg.Quaternion(x=0.8545618977136578, y=0.2011128814346477, z=-0.42895943269277814, w=-0.21277071462251346)",[0. 0. 0. 0. 0. 0. 0. 0. 0.],"geometry_msgs.msg.Vector3(x=-4.25, y=0.875, z=0.0625)",[0. 0. 0. 0. 0. 0. 0. 0. 0.],"geometry_msgs.msg.Vector3(x=0.599609375, y=0.46435546875, z=0.55029296875)",[0. 0. 0. 0. 0. 0. 0. 0. 0.],False
1731182686722579964,"std_msgs.msg.Header(stamp=builtin_interfaces.msg.Time(sec=1731182686, nanosec=722190038), frame_id='RL_myo')","geometry_msgs.msg.Quaternion(x=0.8548607391249518, y=0.2005010372715598, z=-0.4286510760298826, w=-0.21276913726899768)",[0. 0. 0. 0. 0. 0. 0. 0. 0.],"geometry_msgs.msg.Vector3(x=-1.6875, y=0.375, z=0.3125)",[0. 0. 0. 0. 0. 0. 0. 0. 0.],"geometry_msgs.msg.Vector3(x=0.60205078125, y=0.462890625, z=0.54052734375)",[0. 0. 0. 0. 0. 0. 0. 0. 0.],False
1731182686744424542,"std_msgs.msg.Header(stamp=builtin_interfaces.msg.Time(sec=1731182686, nanosec=743962660), frame_id='RL_myo')","geometry_msgs.msg.Quaternion(x=0.8549099923421514, y=0.20043723958389556, z=-0.4285841340919959, w=-0.21276620499070034)",[0. 0. 0. 0. 0. 0. 0. 0. 0.],"geometry_msgs.msg.Vector3(x=0.5, y=0.0, z=0.1875)",[0. 0. 0. 0. 0. 0. 0. 0. 0.],"geometry_msgs.msg.Vector3(x=0.59619140625, y=0.4658203125, z=0.5341796875)",[0. 0. 0. 0. 0. 0. 0. 0. 0.],False
1731182686771349794,"std_msgs.msg.Header(stamp=builtin_interfaces.msg.Time(sec=1731182686, nanosec=770927602), frame_id='RL_myo')","geometry_msgs.msg.Quaternion(x=0.854981433821919, y=0.20037864414886922, z=-0.42852831573841327, w=-0.21264672440288163)",[0. 0. 0. 0. 0. 0. 0. 0. 0.],"geometry_msgs.msg.Vector3(x=1.5, y=-0.5625, z=-0.4375)",[0. 0. 0. 0. 0. 0. 0. 0. 0.],"geometry_msgs.msg.Vector3(x=0.60205078125, y=0.46533203125, z=0.53369140625)",[0. 0. 0. 0. 0. 0. 0. 0. 0.],False
1731182686804057299,"std_msgs.msg.Header(stamp=builtin_interfaces.msg.Time(sec=1731182686, nanosec=803653009), frame_id='RL_myo')","geometry_msgs.msg.Quaternion(x=0.8548591149724329, y=0.20037858592421087, z=-0.4287723320492176, w=-0.21264666261344828)",[0. 0. 0. 0. 0. 0. 0. 0. 0.],"geometry_msgs.msg.Vector3(x=2.5625, y=-2.625, z=-1.4375)",[0. 0. 0. 0. 0. 0. 0. 0. 0.],"geometry_msgs.msg.Vector3(x=0.60693359375, y=0.458984375, z=0.54736328125)",[0. 0. 0. 0. 0. 0. 0. 0. 0.],False
1731182686806496658,"std_msgs.msg.Header(stamp=builtin_interfaces.msg.Time(sec=1731182686, nanosec=806170914), frame_id='RL_myo')","geometry_msgs.msg.Quaternion(x=0.854457096600148, y=0.2006896873791904, z=-0.42927328811978294, w=-0.21295812629744384)",[0. 0. 0. 0. 0. 0. 0. 0. 0.],"geometry_msgs.msg.Vector3(x=3.5625, y=-4.0, z=-3.5)",[0. 0. 0. 0. 0. 0. 0. 0. 0.],"geometry_msgs.msg.Vector3(x=0.61669921875, y=0.4697265625, z=0.5361328125)",[0. 0. 0. 0. 0. 0. 0. 0. 0.],False
1731182686824874043,"std_msgs.msg.Header(stamp=builtin_interfaces.msg.Time(sec=1731182686, nanosec=824569668), frame_id='RL_myo')","geometry_msgs.msg.Quaternion(x=0.8538190513849363, y=0.20135456791185252, z=-0.42999179476780874, w=-0.21343950408843537)",[0. 0. 0. 0. 0. 0. 0. 0. 0.],"geometry_msgs.msg.Vector3(x=4.8125, y=-5.4375, z=-5.1875)",[0. 0. 0. 0. 0. 0. 0. 0. 0.],"geometry_msgs.msg.Vector3(x=0.60888671875, y=0.47314453125, z=0.52587890625)",[0. 0. 0. 0. 0. 0. 0. 0. 0.],False
1731182686841846766,"std_msgs.msg.Header(stamp=builtin_interfaces.msg.Time(sec=1731182686, nanosec=841421243), frame_id='RL_myo')","geometry_msgs.msg.Quaternion(x=0.8529920685463278, y=0.20221557947005253, z=-0.43092121673968337, w=-0.2140567573804631)",[0. 0. 0. 0. 0. 0. 0. 0. 0.],"geometry_msgs.msg.Vector3(x=5.0, y=-6.5, z=-5.0625)",[0. 0. 0. 0. 0. 0. 0. 0. 0.],"geometry_msgs.msg.Vector3(x=0.59521484375, y=0.4853515625, z=0.50830078125)",[0. 0. 0. 0. 0. 0. 0. 0. 0.],False
1731182686864314103,"std_msgs.msg.Header(stamp=builtin_interfaces.msg.Time(sec=1731182686, nanosec=863848104), frame_id='RL_myo')","geometry_msgs.msg.Quaternion(x=0.8521999749777932, y=0.20288731677597655, z=-0.4318374747864122, w=-0.21472851396446616)",[0. 0. 0. 0. 0. 0. 0. 0. 0.],"geometry_msgs.msg.Vector3(x=3.4375, y=-6.375, z=-4.3125)",[0. 0. 0. 0. 0. 0. 0. 0. 0.],"geometry_msgs.msg.Vector3(x=0.5927734375, y=0.49462890625, z=0.50048828125)",[0. 0. 0. 0. 0. 0. 0. 0. 0.],False
1731182686884933837,"std_msgs.msg.Header(stamp=builtin_interfaces.msg.Time(sec=1731182686, nanosec=884520146), frame_id='RL_myo')","geometry_msgs.msg.Quaternion(x=0.8517203788921204, y=0.20307250254938258, z=-0.4323912257468669, w=-0.21534108475930921)",[0. 0. 0. 0. 0. 0. 0. 0. 0.],"geometry_msgs.msg.Vector3(x=0.1875, y=-4.875, z=-2.8125)",[0. 0. 0. 0. 0. 0. 0. 0. 0.],"geometry_msgs.msg.Vector3(x=0.5908203125, y=0.501953125, z=0.5)",[0. 0. 0. 0. 0. 0. 0. 0. 0.],False
1731182686901621514,"std_msgs.msg.Header(stamp=builtin_interfaces.msg.Time(sec=1731182686, nanosec=901319041), frame_id='RL_myo')","geometry_msgs.msg.Quaternion(x=0.8515606822678813, y=0.20281939128269563, z=-0.4326162640420544, w=-0.21575881678733946)",[0. 0. 0. 0. 0. 0. 0. 0. 0.],"geometry_msgs.msg.Vector3(x=-2.0, y=-2.9375, z=-0.5625)",[0. 0. 0. 0. 0. 0. 0. 0. 0.],"geometry_msgs.msg.Vector3(x=0.58251953125, y=0.49755859375, z=0.5029296875)",[0. 0. 0. 0. 0. 0. 0. 0. 0.],False
1731182686923595973,"std_msgs.msg.Header(stamp=builtin_interfaces.msg.Time(sec=1731182686, nanosec=923153377), frame_id='RL_myo')","geometry_msgs.msg.Quaternion(x=0.8515284114425695, y=0.20246002012436407, z=-0.4328139893584159, w=-0.21582714234541794)",[0. 0. 0. 0. 0. 0. 0. 0. 0.],"geometry_msgs.msg.Vector3(x=-1.875, y=-1.8125, z=1.5625)",[0. 0. 0. 0. 0. 0. 0. 0. 0.],"geometry_msgs.msg.Vector3(x=0.5888671875, y=0.49462890625, z=0.5009765625)",[0. 0. 0. 0. 0. 0. 0. 0. 0.],False
1731182686946157519,"std_msgs.msg.Header(stamp=builtin_interfaces.msg.Time(sec=1731182686, nanosec=945681049), frame_id='RL_myo')","geometry_msgs.msg.Quaternion(x=0.8517090619980416, y=0.20209321372190883, z=-0.43281273890125505, w=-0.21546029732356936)",[0. 0. 0. 0. 0. 0. 0. 0. 0.],"geometry_msgs.msg.Vector3(x=-0.625, y=-0.0625, z=2.75)",[0. 0. 0. 0. 0. 0. 0. 0. 0.],"geometry_msgs.msg.Vector3(x=0.59716796875, y=0.4833984375, z=0.50732421875)",[0. 0. 0. 0. 0. 0. 0. 0. 0.],False
1731182686961375298,"std_msgs.msg.Header(stamp=builtin_interfaces.msg.Time(sec=1731182686, nanosec=960843643), frame_id='RL_myo')","geometry_msgs.msg.Quaternion(x=0.852112587777721, y=0.20166033880220544, z=-0.4326175791253124, w=-0.2146608388521055)",[0. 0. 0. 0. 0. 0. 0. 0. 0.],"geometry_msgs.msg.Vector3(x=-0.25, y=1.6875, z=4.75)",[0. 0. 0. 0. 0. 0. 0. 0. 0.],"geometry_msgs.msg.Vector3(x=0.595703125, y=0.4775390625, z=0.51318359375)",[0. 0. 0. 0. 0. 0. 0. 0. 0.],False
1731182686983637213,"std_msgs.msg.Header(stamp=builtin_interfaces.msg.Time(sec=1731182686, nanosec=983142435), frame_id='RL_myo')","geometry_msgs.msg.Quaternion(x=0.8528503034152777, y=0.20068502094249144, z=-0.4319488726307822, w=-0.21399077963028437)",[0. 0. 0. 0. 0. 0. 0. 0. 0.],"geometry_msgs.msg.Vector3(x=-3.625, y=3.25, z=5.75)",[0. 0. 0. 0. 0. 0. 0. 0. 0.],"geometry_msgs.msg.Vector3(x=0.5908203125, y=0.4775390625, z=0.5263671875)",[0. 0. 0. 0. 0. 0. 0. 0. 0.],False
1731182687004935356,"std_msgs.msg.Header(stamp=builtin_interfaces.msg.Time(sec=1731182687, nanosec=4553584), frame_id='RL_myo')","geometry_msgs.msg.Quaternion(x=0.8538350603526036, y=0.19910000478019824, z=-0.4309764358531513, w=-0.2135045422198447)",[0. 0. 0. 0. 0. 0. 0. 0. 0.],"geometry_msgs.msg.Vector3(x=-7.25, y=4.1875, z=6.0)",[0. 0. 0. 0. 0. 0. 0. 0. 0.],"geometry_msgs.msg.Vector3(x=0.5908203125, y=0.46533203125, z=0.5341796875)",[0. 0. 0. 0. 0. 0. 0. 0. 0.],False
1731182687021176994,"std_msgs.msg.Header(stamp=builtin_interfaces.msg.Time(sec=1731182687, nanosec=20738702), frame_id='RL_myo')","geometry_msgs.msg.Quaternion(x=0.8548944423788024, y=0.19715186697726203, z=-0.42988873037797415, w=-0.2132658276218432)",[0. 0. 0. 0. 0. 0. 0. 0. 0.],"geometry_msgs.msg.Vector3(x=-9.0, y=3.9375, z=4.75)",[0. 0. 0. 0. 0. 0. 0. 0. 0.],"geometry_msgs.msg.Vector3(x=0.59619140625, y=0.45263671875, z=0.54638671875)",[0. 0. 0. 0. 0. 0. 0. 0. 0.],False
1731182687044252234,"std_msgs.msg.Header(stamp=builtin_interfaces.msg.Time(sec=1731182687, nanosec=43818364), frame_id='RL_myo')","geometry_msgs.msg.Quaternion(x=0.8557958696726404, y=0.19537854495557536, z=-0.4289660774594763, w=-0.21314023086062767)",[0. 0. 0. 0. 0. 0. 0. 0. 0.],"geometry_msgs.msg.Vector3(x=-7.625, y=3.0, z=3.3125)",[0. 0. 0. 0. 0. 0. 0. 0. 0.],"geometry_msgs.msg.Vector3(x=0.6015625, y=0.43505859375, z=0.5478515625)",[0. 0. 0. 0. 0. 0. 0. 0. 0.],False
1731182687064898714,"std_msgs.msg.Header(stamp=builtin_interfaces.msg.Time(sec=1731182687, nanosec=64511572), frame_id='RL_myo')","geometry_msgs.msg.Quaternion(x=0.8565427594526859, y=0.19422212360710087, z=-0.42817982309987823, w=-0.2127775999039452)",[0. 0. 0. 0. 0. 0. 0. 0. 0.],"geometry_msgs.msg.Vector3(x=-3.6875, y=2.9375, z=2.4375)",[0. 0. 0. 0. 0. 0. 0. 0. 0.],"geometry_msgs.msg.Vector3(x=0.60546875, y=0.43896484375, z=0.55419921875)",[0. 0. 0. 0. 0. 0. 0. 0. 0.],False
1731182687081716308,"std_msgs.msg.Header(stamp=builtin_interfaces.msg.Time(sec=1731182687, nanosec=81307988), frame_id='RL_myo')","geometry_msgs.msg.Quaternion(x=0.8570084945037999, y=0.19360664799986135, z=-0.42774129545492695, w=-0.21234474413351753)",[0. 0. 0. 0. 0. 0. 0. 0. 0.],"geometry_msgs.msg.Vector3(x=-0.9375, y=2.125, z=1.9375)",[0. 0. 0. 0. 0. 0. 0. 0. 0.],"geometry_msgs.msg.Vector3(x=0.6181640625, y=0.44677734375, z=0.55126953125)",[0. 0. 0. 0. 0. 0. 0. 0. 0.],False
1731182687104342656,"std_msgs.msg.Header(stamp=builtin_interfaces.msg.Time(sec=1731182687, nanosec=103870500), frame_id='RL_myo')","geometry_msgs.msg.Quaternion(x=0.8572231443426811, y=0.19323378248408177, z=-0.4276045104496137, w=-0.21209330200005816)",[0. 0. 0. 0. 0. 0. 0. 0. 0.],"geometry_msgs.msg.Vector3(x=-0.75, y=1.0, z=1.0625)",[0. 0. 0. 0. 0. 0. 0. 0. 0.],"geometry_msgs.msg.Vector3(x=0.6171875, y=0.46240234375, z=0.5302734375)",[0. 0. 0. 0. 0. 0. 0. 0. 0.],False
1731182687124467487,"std_msgs.msg.Header(stamp=builtin_interfaces.msg.Time(sec=1731182687, nanosec=124101331), frame_id='RL_myo')","geometry_msgs.msg.Quaternion(x=0.8573477179328217, y=0.19274607341296013, z=-0.4274836916353302, w=-0.21227702448710428)",[0. 0. 0. 0. 0. 0. 0. 0. 0.],"geometry_msgs.msg.Vector3(x=-2.75, y=0.0, z=0.0625)",[0. 0. 0. 0. 0. 0. 0. 0. 0.],"geometry_msgs.msg.Vector3(x=0.6064453125, y=0.47021484375, z=0.52294921875)",[0. 0. 0. 0. 0. 0. 0. 0. 0.],False
1731182687141707236,"std_msgs.msg.Header(stamp=builtin_interfaces.msg.Time(sec=1731182687, nanosec=141365563), frame_id='RL_myo')","geometry_msgs.msg.Quaternion(x=0.8574192717833605, y=0.1920770535522662, z=-0.42736686653097167, w=-0.21282894367230767)",[0. 0. 0. 0. 0. 0. 0. 0. 0.],"geometry_msgs.msg.Vector3(x=-4.8125, y=-0.125, z=-1.5)",[0. 0. 0. 0. 0. 0. 0. 0. 0.],"geometry_msgs.msg.Vector3(x=0.6064453125, y=0.466796875, z=0.513671875)",[0. 0. 0. 0. 0. 0. 0. 0. 0.],False
1731182687163569214,"std_msgs.msg.Header(stamp=builtin_interfaces.msg.Time(sec=1731182687, nanosec=163143311), frame_id='RL_myo')","geometry_msgs.msg.Quaternion(x=0.8575352034228924, y=0.19116016064914582, z=-0.42711966929205697, w=-0.21368190371413137)",[0. 0. 0. 0. 0. 0. 0. 0. 0.],"geometry_msgs.msg.Vector3(x=-6.6875, y=-0.75, z=-2.0625)",[0. 0. 0. 0. 0. 0. 0. 0. 0.],"geometry_msgs.msg.Vector3(x=0.599609375, y=0.46923828125, z=0.5224609375)",[0. 0. 0. 0. 0. 0. 0. 0. 0.],False
1731182687184956301,"std_msgs.msg.Header(stamp=builtin_interfaces.msg.Time(sec=1731182687, nanosec=184563561), frame_id='RL_myo')","geometry_msgs.msg.Quaternion(x=0.8575889876095869, y=0.190243034259418, z=-0.42705502429039066, w=-0.21441250540690904)",[0. 0. 0. 0. 0. 0. 0. 0. 0.],"geometry_msgs.msg.Vector3(x=-6.1875, y=-1.375, z=-2.1875)",[0. 0. 0. 0. 0. 0. 0. 0. 0.],"geometry_msgs.msg.Vector3(x=0.6083984375, y=0.46142578125, z=0.521484375)",[0. 0. 0. 0. 0. 0. 0. 0. 0.],False
1731182687201033913,"std_msgs.msg.Header(stamp=builtin_interfaces.msg.Time(sec=1731182687, nanosec=200673461), frame_id='RL_myo')","geometry_msgs.msg.Quaternion(x=0.8576293085179999, y=0.189519536185922, z=-0.42695302918535405, w=-0.21509399211568087)",[0. 0. 0. 0. 0. 0. 0. 0. 0.],"geometry_msgs.msg.Vector3(x=-4.75, y=-0.9375, z=-2.5625)",[0. 0. 0. 0. 0. 0. 0. 0. 0.],"geometry_msgs.msg.Vector3(x=0.61181640625, y=0.4599609375, z=0.52392578125)",[0. 0. 0. 0. 0. 0. 0. 0. 0.],False
1731182687224183305,"std_msgs.msg.Header(stamp=builtin_interfaces.msg.Time(sec=1731182687, nanosec=223698488), frame_id='RL_myo')","geometry_msgs.msg.Quaternion(x=0.8575511236691468, y=0.18927160387886294, z=-0.42688345615245643, w=-0.21576108342850064)",[0. 0. 0. 0. 0. 0. 0. 0. 0.],"geometry_msgs.msg.Vector3(x=-2.375, y=-1.0, z=-3.375)",[0. 0. 0. 0. 0. 0. 0. 0. 0.],"geometry_msgs.msg.Vector3(x=0.60498046875, y=0.4609375, z=0.53173828125)",[0. 0. 0. 0. 0. 0. 0. 0. 0.],False
1731182687244703592,"std_msgs.msg.Header(stamp=builtin_interfaces.msg.Time(sec=1731182687, nanosec=244210323), frame_id='RL_myo')","geometry_msgs.msg.Quaternion(x=0.8573561991185478, y=0.1892689950499478, z=-0.42699964184760875, w=-0.21630742291422606)",[0. 0. 0. 0. 0. 0. 0. 0. 0.],"geometry_msgs.msg.Vector3(x=-0.375, y=-1.9375, z=-3.5625)",[0. 0. 0. 0. 0. 0. 0. 0. 0.],"geometry_msgs.msg.Vector3(x=0.60546875, y=0.45947265625, z=0.52685546875)",[0. 0. 0. 0. 0. 0. 0. 0. 0.],False
1731182687261951519,"std_msgs.msg.Header(stamp=builtin_interfaces.msg.Time(sec=1731182687, nanosec=261459573), frame_id='RL_myo')","geometry_msgs.msg.Quaternion(x=0.8571114339962099, y=0.1892688568555328, z=-0.4272434691998483, w=-0.21679554322826589)",[0. 0. 0. 0. 0. 0. 0. 0. 0.],"geometry_msgs.msg.Vector3(x=0.0, y=-2.6875, z=-3.0)",[0. 0. 0. 0. 0. 0. 0. 0. 0.],"geometry_msgs.msg.Vector3(x=0.609375, y=0.46728515625, z=0.533203125)",[0. 0. 0. 0. 0. 0. 0. 0. 0.],False
1731182687291113348,"std_msgs.msg.Header(stamp=builtin_interfaces.msg.Time(sec=1731182687, nanosec=290728839), frame_id='RL_myo')","geometry_msgs.msg.Quaternion(x=0.8568248370444813, y=0.18915088830323748, z=-0.42755791305717283, w=-0.21741060475512486)",[0. 0. 0. 0. 0. 0. 0. 0. 0.],"geometry_msgs.msg.Vector3(x=-1.125, y=-2.6875, z=-3.125)",[0. 0. 0. 0. 0. 0. 0. 0. 0.],"geometry_msgs.msg.Vector3(x=0.60400390625, y=0.46728515625, z=0.52197265625)",[0. 0. 0. 0. 0. 0. 0. 0. 0.],False
1731182687304604181,"std_msgs.msg.Header(stamp=builtin_interfaces.msg.Time(sec=1731182687, nanosec=304127715), frame_id='RL_myo')","geometry_msgs.msg.Quaternion(x=0.8565749949542056, y=0.18902755874114113, z=-0.42761610479187434, w=-0.21838572979522214)",[0. 0. 0. 0. 0. 0. 0. 0. 0.],"geometry_msgs.msg.Vector3(x=-2.875, y=-2.3125, z=-4.4375)",[0. 0. 0. 0. 0. 0. 0. 0. 0.],"geometry_msgs.msg.Vector3(x=0.59814453125, y=0.47607421875, z=0.5185546875)",[0. 0. 0. 0. 0. 0. 0. 0. 0.],False
1731182687322115160,"std_msgs.msg.Header(stamp=builtin_interfaces.msg.Time(sec=1731182687, nanosec=321508536), frame_id='RL_myo')","geometry_msgs.msg.Quaternion(x=0.8563339513951925, y=0.18890617103122742, z=-0.42749558058246107, w=-0.21966827448833198)",[0. 0. 0. 0. 0. 0. 0. 0. 0.],"geometry_msgs.msg.Vector3(x=-4.75, y=-1.5625, z=-5.25)",[0. 0. 0. 0. 0. 0. 0. 0. 0.],"geometry_msgs.msg.Vector3(x=0.5888671875, y=0.4912109375, z=0.5126953125)",[0. 0. 0. 0. 0. 0. 0. 0. 0.],False
1731182687350006033,"std_msgs.msg.Header(stamp=builtin_interfaces.msg.Time(sec=1731182687, nanosec=349579381), frame_id='RL_myo')","geometry_msgs.msg.Quaternion(x=0.856288750801729, y=0.18842136814633526, z=-0.427137264103678, w=-0.2209541148978729)",[0. 0. 0. 0. 0. 0. 0. 0. 0.],"geometry_msgs.msg.Vector3(x=-6.5625, y=-0.8125, z=-4.25)",[0. 0. 0. 0. 0. 0. 0. 0. 0.],"geometry_msgs.msg.Vector3(x=0.5859375, y=0.48681640625, z=0.517578125)",[0. 0. 0. 0. 0. 0. 0. 0. 0.],False
1731182687364530622,"std_msgs.msg.Header(stamp=builtin_interfaces.msg.Time(sec=1731182687, nanosec=364071950), frame_id='RL_myo')","geometry_msgs.msg.Quaternion(x=0.8563808222913757, y=0.18786545299785148, z=-0.42669505585054573, w=-0.2219229327810877)",[0. 0. 0. 0. 0. 0. 0. 0. 0.],"geometry_msgs.msg.Vector3(x=-5.75, y=-0.125, z=-2.9375)",[0. 0. 0. 0. 0. 0. 0. 0. 0.],"geometry_msgs.msg.Vector3(x=0.58642578125, y=0.48046875, z=0.53076171875)",[0. 0. 0. 0. 0. 0. 0. 0. 0.],False
1731182687389200407,"std_msgs.msg.Header(stamp=builtin_interfaces.msg.Time(sec=1731182687, nanosec=388827527), frame_id='RL_myo')","geometry_msgs.msg.Quaternion(x=0.8564987633803983, y=0.18737627047515304, z=-0.42638782590860563, w=-0.22247117455437554)",[0. 0. 0. 0. 0. 0. 0. 0. 0.],"geometry_msgs.msg.Vector3(x=-3.75, y=-0.3125, z=-1.8125)",[0. 0. 0. 0. 0. 0. 0. 0. 0.],"geometry_msgs.msg.Vector3(x=0.5908203125, y=0.46875, z=0.53662109375)",[0. 0. 0. 0. 0. 0. 0. 0. 0.],False
1731182687403500809,"std_msgs.msg.Header(stamp=builtin_interfaces.msg.Time(sec=1731182687, nanosec=403131630), frame_id='RL_myo')","geometry_msgs.msg.Quaternion(x=0.8565539029110589, y=0.18725291250756226, z=-0.4261407546048891, w=-0.22283584861965772)",[0. 0. 0. 0. 0. 0. 0. 0. 0.],"geometry_msgs.msg.Vector3(x=-1.125, y=-0.1875, z=-1.625)",[0. 0. 0. 0. 0. 0. 0. 0. 0.],"geometry_msgs.msg.Vector3(x=0.59375, y=0.46435546875, z=0.53759765625)",[0. 0. 0. 0. 0. 0. 0. 0. 0.],False
1731182687426007365,"std_msgs.msg.Header(stamp=builtin_interfaces.msg.Time(sec=1731182687, nanosec=425620851), frame_id='RL_myo')","geometry_msgs.msg.Quaternion(x=0.8565759698207999, y=0.18731877236568584, z=-0.425968625721773, w=-0.22302469671691627)",[0. 0. 0. 0. 0. 0. 0. 0. 0.],"geometry_msgs.msg.Vector3(x=0.625, y=-0.0625, z=-1.5625)",[0. 0. 0. 0. 0. 0. 0. 0. 0.],"geometry_msgs.msg.Vector3(x=0.5947265625, y=0.46435546875, z=0.54443359375)",[0. 0. 0. 0. 0. 0. 0. 0. 0.],False
1731182687441940368,"std_msgs.msg.Header(stamp=builtin_interfaces.msg.Time(sec=1731182687, nanosec=441465689), frame_id='RL_myo')","geometry_msgs.msg.Quaternion(x=0.8566144887661814, y=0.18731384866572218, z=-0.4258963949134602, w=-0.22301883448176893)",[0. 0. 0. 0. 0. 0. 0. 0. 0.],"geometry_msgs.msg.Vector3(x=0.5625, y=0.0, z=-0.75)",[0. 0. 0. 0. 0. 0. 0. 0. 0.],"geometry_msgs.msg.Vector3(x=0.59326171875, y=0.47412109375, z=0.54931640625)",[0. 0. 0. 0. 0. 0. 0. 0. 0.],False
1731182687464473590,"std_msgs.msg.Header(stamp=builtin_interfaces.msg.Time(sec=1731182687, nanosec=463958903), frame_id='RL_myo')","geometry_msgs.msg.Quaternion(x=0.8567635120827074, y=0.18707559767282883, z=-0.4256656503002637, w=-0.2230868872737975)",[0. 0. 0. 0. 0. 0. 0. 0. 0.],"geometry_msgs.msg.Vector3(x=-1.0625, y=0.1875, z=0.125)",[0. 0. 0. 0. 0. 0. 0. 0. 0.],"geometry_msgs.msg.Vector3(x=0.59765625, y=0.47216796875, z=0.54443359375)",[0. 0. 0. 0. 0. 0. 0. 0. 0.],False
1731182687492507977,"std_msgs.msg.Header(stamp=builtin_interfaces.msg.Time(sec=1731182687, nanosec=492062054), frame_id='RL_myo')","geometry_msgs.msg.Quaternion(x=0.8570766270362282, y=0.18652799973100082, z=-0.42524233446527576, w=-0.22314998920698265)",[0. 0. 0. 0. 0. 0. 0. 0. 0.],"geometry_msgs.msg.Vector3(x=-2.6875, y=0.9375, z=0.625)",[0. 0. 0. 0. 0. 0. 0. 0. 0.],"geometry_msgs.msg.Vector3(x=0.59228515625, y=0.4609375, z=0.5478515625)",[0. 0. 0. 0. 0. 0. 0. 0. 0.],False
1731182687508617183,"std_msgs.msg.Header(stamp=builtin_interfaces.msg.Time(sec=1731182687, nanosec=508181275), frame_id='RL_myo')","geometry_msgs.msg.Quaternion(x=0.8573286100351579, y=0.1859803698403194, z=-0.4249410353883504, w=-0.2232130661326052)",[0. 0. 0. 0. 0. 0. 0. 0. 0.],"geometry_msgs.msg.Vector3(x=-2.375, y=0.625, z=0.8125)",[0. 0. 0. 0. 0. 0. 0. 0. 0.],"geometry_msgs.msg.Vector3(x=0.5908203125, y=0.45751953125, z=0.53662109375)",[0. 0. 0. 0. 0. 0. 0. 0. 0.],False
1731182687524251633,"std_msgs.msg.Header(stamp=builtin_interfaces.msg.Time(sec=1731182687, nanosec=523838834), frame_id='RL_myo')","geometry_msgs.msg.Quaternion(x=0.8575482692364925, y=0.18548677510389328, z=-0.4246847585300722, w=-0.22326772732150102)",[0. 0. 0. 0. 0. 0. 0. 0. 0.],"geometry_msgs.msg.Vector3(x=-2.5625, y=0.6875, z=0.4375)",[0. 0. 0. 0. 0. 0. 0. 0. 0.],"geometry_msgs.msg.Vector3(x=0.5927734375, y=0.45654296875, z=0.53515625)",[0. 0. 0. 0. 0. 0. 0. 0. 0.],False
1731182687546134422,"std_msgs.msg.Header(stamp=builtin_interfaces.msg.Time(sec=1731182687, nanosec=545683720), frame_id='RL_myo')","geometry_msgs.msg.Quaternion(x=0.8578588842369789, y=0.18493862819196344, z=-0.4241991636746356, w=-0.22345225010256703)",[0. 0. 0. 0. 0. 0. 0. 0. 0.],"geometry_msgs.msg.Vector3(x=-3.3125, y=1.25, z=0.25)",[0. 0. 0. 0. 0. 0. 0. 0. 0.],"geometry_msgs.msg.Vector3(x=0.5849609375, y=0.45751953125, z=0.5380859375)",[0. 0. 0. 0. 0. 0. 0. 0. 0.],False
1731182687568610672,"std_msgs.msg.Header(stamp=builtin_interfaces.msg.Time(sec=1731182687, nanosec=568217722), frame_id='RL_myo')","geometry_msgs.msg.Quaternion(x=0.8582575304856964, y=0.18415212072223497, z=-0.4236658501601037, w=-0.22358277036975363)",[0. 0. 0. 0. 0. 0. 0. 0. 0.],"geometry_msgs.msg.Vector3(x=-4.1875, y=2.0, z=0.0625)",[0. 0. 0. 0. 0. 0. 0. 0. 0.],"geometry_msgs.msg.Vector3(x=0.59521484375, y=0.4462890625, z=0.53564453125)",[0. 0. 0. 0. 0. 0. 0. 0. 0.],False
1731182687583561978,"std_msgs.msg.Header(stamp=builtin_interfaces.msg.Time(sec=1731182687, nanosec=583160459), frame_id='RL_myo')","geometry_msgs.msg.Quaternion(x=0.8587186709948742, y=0.18335282448422788, z=-0.4229200135989397, w=-0.22388087889751926)",[0. 0. 0. 0. 0. 0. 0. 0. 0.],"geometry_msgs.msg.Vector3(x=-5.1875, y=2.4375, z=-0.1875)",[0. 0. 0. 0. 0. 0. 0. 0. 0.],"geometry_msgs.msg.Vector3(x=0.58935546875, y=0.45361328125, z=0.54931640625)",[0. 0. 0. 0. 0. 0. 0. 0. 0.],False
1731182687606756030,"std_msgs.msg.Header(stamp=builtin_interfaces.msg.Time(sec=1731182687, nanosec=606364384), frame_id='RL_myo')","geometry_msgs.msg.Quaternion(x=0.8592249504728287, y=0.18262421338457793, z=-0.4220743434339426, w=-0.22412971642652746)",[0. 0. 0. 0. 0. 0. 0. 0. 0.],"geometry_msgs.msg.Vector3(x=-4.8125, y=3.0625, z=0.3125)",[0. 0. 0. 0. 0. 0. 0. 0. 0.],"geometry_msgs.msg.Vector3(x=0.58935546875, y=0.46044921875, z=0.5517578125)",[0. 0. 0. 0. 0. 0. 0. 0. 0.],False
1731182687635145537,"std_msgs.msg.Header(stamp=builtin_interfaces.msg.Time(sec=1731182687, nanosec=634594541), frame_id='RL_myo')","geometry_msgs.msg.Quaternion(x=0.8597391387427135, y=0.181945362245636, z=-0.4213246680917898, w=-0.22412055356121283)",[0. 0. 0. 0. 0. 0. 0. 0. 0.],"geometry_msgs.msg.Vector3(x=-4.625, y=3.1875, z=1.75)",[0. 0. 0. 0. 0. 0. 0. 0. 0.],"geometry_msgs.msg.Vector3(x=0.58544921875, y=0.46484375, z=0.544921875)",[0. 0. 0. 0. 0. 0. 0. 0. 0.],False
1731182687645262111,"std_msgs.msg.Header(stamp=builtin_interfaces.msg.Time(sec=1731182687, nanosec=644703140), frame_id='RL_myo')","geometry_msgs.msg.Quaternion(x=0.8602288432558064, y=0.18127427731444196, z=-0.42077604976625016, w=-0.2238157491286393)",[0. 0. 0. 0. 0. 0. 0. 0. 0.],"geometry_msgs.msg.Vector3(x=-3.5625, y=2.8125, z=3.3125)",[0. 0. 0. 0. 0. 0. 0. 0. 0.],"geometry_msgs.msg.Vector3(x=0.59228515625, y=0.4609375, z=0.54150390625)",[0. 0. 0. 0. 0. 0. 0. 0. 0.],False
1731182687673628267,"std_msgs.msg.Header(stamp=builtin_interfaces.msg.Time(sec=1731182687, nanosec=673308244), frame_id='RL_myo')","geometry_msgs.msg.Quaternion(x=0.8606724763269554, y=0.18072840241146834, z=-0.4202957713628406, w=-0.22345379305247742)",[0. 0. 0. 0. 0. 0. 0. 0. 0.],"geometry_msgs.msg.Vector3(x=-2.375, y=2.875, z=3.125)",[0. 0. 0. 0. 0. 0. 0. 0. 0.],"geometry_msgs.msg.Vector3(x=0.5927734375, y=0.455078125, z=0.5458984375)",[0. 0. 0. 0. 0. 0. 0. 0. 0.],False
1731182687680379193,"std_msgs.msg.Header(stamp=builtin_interfaces.msg.Time(sec=1731182687, nanosec=679969432), frame_id='RL_myo')","geometry_msgs.msg.Quaternion(x=0.8610883421878253, y=0.1803597994871721, z=-0.4198629646945031, w=-0.22296255415453117)",[0. 0. 0. 0. 0. 0. 0. 0. 0.],"geometry_msgs.msg.Vector3(x=-1.625, y=3.0625, z=3.0)",[0. 0. 0. 0. 0. 0. 0. 0. 0.],"geometry_msgs.msg.Vector3(x=0.5986328125, y=0.45703125, z=0.54052734375)",[0. 0. 0. 0. 0. 0. 0. 0. 0.],False
1731182687704443654,"std_msgs.msg.Header(stamp=builtin_interfaces.msg.Time(sec=1731182687, nanosec=703934365), frame_id='RL_myo')","geometry_msgs.msg.Quaternion(x=0.8614855880224113, y=0.17993903312243648, z=-0.4194508261931423, w=-0.22254332251167008)",[0. 0. 0. 0. 0. 0. 0. 0. 0.],"geometry_msgs.msg.Vector3(x=-1.875, y=2.9375, z=2.8125)",[0. 0. 0. 0. 0. 0. 0. 0. 0.],"geometry_msgs.msg.Vector3(x=0.59619140625, y=0.45703125, z=0.54248046875)",[0. 0. 0. 0. 0. 0. 0. 0. 0.],False
1731182687726810861,"std_msgs.msg.Header(stamp=builtin_interfaces.msg.Time(sec=1731182687, nanosec=726343601), frame_id='RL_myo')","geometry_msgs.msg.Quaternion(x=0.8618440420982691, y=0.17938807646790458, z=-0.4190808210373028, w=-0.2222971672324289)",[0. 0. 0. 0. 0. 0. 0. 0. 0.],"geometry_msgs.msg.Vector3(x=-2.1875, y=2.1875, z=2.125)",[0. 0. 0. 0. 0. 0. 0. 0. 0.],"geometry_msgs.msg.Vector3(x=0.603515625, y=0.4501953125, z=0.55029296875)",[0. 0. 0. 0. 0. 0. 0. 0. 0.],False
1731182687747308613,"std_msgs.msg.Header(stamp=builtin_interfaces.msg.Time(sec=1731182687, nanosec=747050020), frame_id='RL_myo')","geometry_msgs.msg.Quaternion(x=0.8620914665402335, y=0.17883942204495074, z=-0.41883826418855014, w=-0.22223697462992)",[0. 0. 0. 0. 0. 0. 0. 0. 0.],"geometry_msgs.msg.Vector3(x=-2.0625, y=0.875, z=0.6875)",[0. 0. 0. 0. 0. 0. 0. 0. 0.],"geometry_msgs.msg.Vector3(x=0.6005859375, y=0.44091796875, z=0.5498046875)",[0. 0. 0. 0. 0. 0. 0. 0. 0.],False
1731182687764182605,"std_msgs.msg.Header(stamp=builtin_interfaces.msg.Time(sec=1731182687, nanosec=763929411), frame_id='RL_myo')","geometry_msgs.msg.Quaternion(x=0.862089179768125, y=0.17877791047442923, z=-0.4188371531838625, w=-0.22229742231064228)",[0. 0. 0. 0. 0. 0. 0. 0. 0.],"geometry_msgs.msg.Vector3(x=0.1875, y=-0.1875, z=-1.125)",[0. 0. 0. 0. 0. 0. 0. 0. 0.],"geometry_msgs.msg.Vector3(x=0.59912109375, y=0.4453125, z=0.5478515625)",[0. 0. 0. 0. 0. 0. 0. 0. 0.],False
1731182687785895013,"std_msgs.msg.Header(stamp=builtin_interfaces.msg.Time(sec=1731182687, nanosec=785449908), frame_id='RL_myo')","geometry_msgs.msg.Quaternion(x=0.8617240032533693, y=0.17944953743907818, z=-0.4192038854189078, w=-0.22248080406987752)",[0. 0. 0. 0. 0. 0. 0. 0. 0.],"geometry_msgs.msg.Vector3(x=4.25, y=-1.8125, z=-3.25)",[0. 0. 0. 0. 0. 0. 0. 0. 0.],"geometry_msgs.msg.Vector3(x=0.60595703125, y=0.44921875, z=0.54638671875)",[0. 0. 0. 0. 0. 0. 0. 0. 0.],False
1731182687800410977,"std_msgs.msg.Header(stamp=builtin_interfaces.msg.Time(sec=1731182687, nanosec=799953504), frame_id='RL_myo')","geometry_msgs.msg.Quaternion(x=0.8611485130810476, y=0.18072583083372187, z=-0.41967943695125687, w=-0.22277922409425358)",[0. 0. 0. 0. 0. 0. 0. 0. 0.],"geometry_msgs.msg.Vector3(x=6.625, y=-2.6875, z=-4.8125)",[0. 0. 0. 0. 0. 0. 0. 0. 0.],"geometry_msgs.msg.Vector3(x=0.6005859375, y=0.46875, z=0.548828125)",[0. 0. 0. 0. 0. 0. 0. 0. 0.],False
1731182687823579480,"std_msgs.msg.Header(stamp=builtin_interfaces.msg.Time(sec=1731182687, nanosec=823060285), frame_id='RL_myo')","geometry_msgs.msg.Quaternion(x=0.8604857210608076, y=0.1820704288497935, z=-0.42029399029824943, w=-0.22308663005229476)",[0. 0. 0. 0. 0. 0. 0. 0. 0.],"geometry_msgs.msg.Vector3(x=7.0, y=-3.6875, z=-4.0625)",[0. 0. 0. 0. 0. 0. 0. 0. 0.],"geometry_msgs.msg.Vector3(x=0.595703125, y=0.48193359375, z=0.54931640625)",[0. 0. 0. 0. 0. 0. 0. 0. 0.],False
1731182687845914173,"std_msgs.msg.Header(stamp=builtin_interfaces.msg.Time(sec=1731182687, nanosec=845645030), frame_id='RL_myo')","geometry_msgs.msg.Quaternion(x=0.8598576468056244, y=0.18322633842351535, z=-0.421078783738785, w=-0.22308203428978968)",[0. 0. 0. 0. 0. 0. 0. 0. 0.],"geometry_msgs.msg.Vector3(x=7.1875, y=-4.875, z=-2.125)",[0. 0. 0. 0. 0. 0. 0. 0. 0.],"geometry_msgs.msg.Vector3(x=0.5849609375, y=0.47802734375, z=0.546875)",[0. 0. 0. 0. 0. 0. 0. 0. 0.],False
1731182687860618089,"std_msgs.msg.Header(stamp=builtin_interfaces.msg.Time(sec=1731182687, nanosec=860058954), frame_id='RL_myo')","geometry_msgs.msg.Quaternion(x=0.8591449771807769, y=0.18451230932207222, z=-0.4220650410063279, w=-0.22290405347145476)",[0. 0. 0. 0. 0. 0. 0. 0. 0.],"geometry_msgs.msg.Vector3(x=8.125, y=-5.0625, z=-1.0625)",[0. 0. 0. 0. 0. 0. 0. 0. 0.],"geometry_msgs.msg.Vector3(x=0.5869140625, y=0.48291015625, z=0.53515625)",[0. 0. 0. 0. 0. 0. 0. 0. 0.],False
1731182687884520155,"std_msgs.msg.Header(stamp=builtin_interfaces.msg.Time(sec=1731182687, nanosec=884025713), frame_id='RL_myo')","geometry_msgs.msg.Quaternion(x=0.8585409884631423, y=0.18579544780902923, z=-0.42292268655347026, w=-0.22253948840726692)",[0. 0. 0. 0. 0. 0. 0. 0. 0.],"geometry_msgs.msg.Vector3(x=8.625, y=-4.6875, z=0.0625)",[0. 0. 0. 0. 0. 0. 0. 0. 0.],"geometry_msgs.msg.Vector3(x=0.580078125, y=0.48193359375, z=0.53466796875)",[0. 0. 0. 0. 0. 0. 0. 0. 0.],False
1731182687906813929,"std_msgs.msg.Header(stamp=builtin_interfaces.msg.Time(sec=1731182687, nanosec=906242813), frame_id='RL_myo')","geometry_msgs.msg.Quaternion(x=0.8580513465825969, y=0.1868327764894956, z=-0.4237154963704928, w=-0.22205084641254)",[0. 0. 0. 0. 0. 0. 0. 0. 0.],"geometry_msgs.msg.Vector3(x=7.375, y=-4.125, z=1.1875)",[0. 0. 0. 0. 0. 0. 0. 0. 0.],"geometry_msgs.msg.Vector3(x=0.58056640625, y=0.48681640625, z=0.53515625)",[0. 0. 0. 0. 0. 0. 0. 0. 0.],False
1731182687927153645,"std_msgs.msg.Header(stamp=builtin_interfaces.msg.Time(sec=1731182687, nanosec=926573106), frame_id='RL_myo')","geometry_msgs.msg.Quaternion(x=0.8577820113382127, y=0.18743763745692696, z=-0.42425236664379656, w=-0.221556048182561)",[0. 0. 0. 0. 0. 0. 0. 0. 0.],"geometry_msgs.msg.Vector3(x=5.375, y=-3.25, z=2.125)",[0. 0. 0. 0. 0. 0. 0. 0. 0.],"geometry_msgs.msg.Vector3(x=0.58203125, y=0.4833984375, z=0.5390625)",[0. 0. 0. 0. 0. 0. 0. 0. 0.],False
1731182687944438889,"std_msgs.msg.Header(stamp=builtin_interfaces.msg.Time(sec=1731182687, nanosec=943866338), frame_id='RL_myo')","geometry_msgs.msg.Quaternion(x=0.857672487281923, y=0.1877455572786219, z=-0.4246858216985212, w=-0.22088789720134352)",[0. 0. 0. 0. 0. 0. 0. 0. 0.],"geometry_msgs.msg.Vector3(x=4.1875, y=-2.375, z=2.9375)",[0. 0. 0. 0. 0. 0. 0. 0. 0.],"geometry_msgs.msg.Vector3(x=0.58837890625, y=0.46826171875, z=0.5419921875)",[0. 0. 0. 0. 0. 0. 0. 0. 0.],False
1731182687966215952,"std_msgs.msg.Header(stamp=builtin_interfaces.msg.Time(sec=1731182687, nanosec=965616900), frame_id='RL_myo')","geometry_msgs.msg.Quaternion(x=0.8577506137635701, y=0.1878103350566075, z=-0.4248773943220815, w=-0.22015985653207126)",[0. 0. 0. 0. 0. 0. 0. 0. 0.],"geometry_msgs.msg.Vector3(x=3.5, y=-1.5, z=3.75)",[0. 0. 0. 0. 0. 0. 0. 0. 0.],"geometry_msgs.msg.Vector3(x=0.5849609375, y=0.45849609375, z=0.54833984375)",[0. 0. 0. 0. 0. 0. 0. 0. 0.],False
1731182687987158529,"std_msgs.msg.Header(stamp=builtin_interfaces.msg.Time(sec=1731182687, nanosec=986760044), frame_id='RL_myo')","geometry_msgs.msg.Quaternion(x=0.8579253790335123, y=0.18774747196265537, z=-0.4249953339648795, w=-0.21930320765988973)",[0. 0. 0. 0. 0. 0. 0. 0. 0.],"geometry_msgs.msg.Vector3(x=3.375, y=-0.6875, z=4.25)",[0. 0. 0. 0. 0. 0. 0. 0. 0.],"geometry_msgs.msg.Vector3(x=0.58203125, y=0.45166015625, z=0.54541015625)",[0. 0. 0. 0. 0. 0. 0. 0. 0.],False
1731182688004124208,"std_msgs.msg.Header(stamp=builtin_interfaces.msg.Time(sec=1731182688, nanosec=3736908), frame_id='RL_myo')","geometry_msgs.msg.Quaternion(x=0.8581492634413662, y=0.18768200462889056, z=-0.42504633503596545, w=-0.21838250815029933)",[0. 0. 0. 0. 0. 0. 0. 0. 0.],"geometry_msgs.msg.Vector3(x=2.875, y=-0.0625, z=4.75)",[0. 0. 0. 0. 0. 0. 0. 0. 0.],"geometry_msgs.msg.Vector3(x=0.58203125, y=0.4521484375, z=0.5400390625)",[0. 0. 0. 0. 0. 0. 0. 0. 0.],False
1731182688032105472,"std_msgs.msg.Header(stamp=builtin_interfaces.msg.Time(sec=1731182688, nanosec=31726321), frame_id='RL_myo')","geometry_msgs.msg.Quaternion(x=0.858385803336835, y=0.187680343093058, z=-0.42516464064593235, w=-0.21722092392461576)",[0. 0. 0. 0. 0. 0. 0. 0. 0.],"geometry_msgs.msg.Vector3(x=4.3125, y=-0.25, z=5.4375)",[0. 0. 0. 0. 0. 0. 0. 0. 0.],"geometry_msgs.msg.Vector3(x=0.59033203125, y=0.44873046875, z=0.54736328125)",[0. 0. 0. 0. 0. 0. 0. 0. 0.],False
1731182688055029847,"std_msgs.msg.Header(stamp=builtin_interfaces.msg.Time(sec=1731182688, nanosec=54573661), frame_id='RL_myo')","geometry_msgs.msg.Quaternion(x=0.8585379051575511, y=0.18787001792086894, z=-0.42548469620740004, w=-0.2158246859545785)",[0. 0. 0. 0. 0. 0. 0. 0. 0.],"geometry_msgs.msg.Vector3(x=5.375, y=-1.125, z=7.125)",[0. 0. 0. 0. 0. 0. 0. 0. 0.],"geometry_msgs.msg.Vector3(x=0.58349609375, y=0.45556640625, z=0.5419921875)",[0. 0. 0. 0. 0. 0. 0. 0. 0.],False
1731182688065081720,"std_msgs.msg.Header(stamp=builtin_interfaces.msg.Time(sec=1731182688, nanosec=64644170), frame_id='RL_myo')","geometry_msgs.msg.Quaternion(x=0.8585532436519028, y=0.18793441185868112, z=-0.4262247476483177, w=-0.2142415672698833)",[0. 0. 0. 0. 0. 0. 0. 0. 0.],"geometry_msgs.msg.Vector3(x=5.6875, y=-1.9375, z=7.875)",[0. 0. 0. 0. 0. 0. 0. 0. 0.],"geometry_msgs.msg.Vector3(x=0.6103515625, y=0.46337890625, z=0.5341796875)",[0. 0. 0. 0. 0. 0. 0. 0. 0.],False
1731182688086821674,"std_msgs.msg.Header(stamp=builtin_interfaces.msg.Time(sec=1731182688, nanosec=86384453), frame_id='RL_myo')","geometry_msgs.msg.Quaternion(x=0.8583680445648887, y=0.18830017901462573, z=-0.4270171968837347, w=-0.21308133709564292)",[0. 0. 0. 0. 0. 0. 0. 0. 0.],"geometry_msgs.msg.Vector3(x=6.25, y=-1.6875, z=3.875)",[0. 0. 0. 0. 0. 0. 0. 0. 0.],"geometry_msgs.msg.Vector3(x=0.630859375, y=0.4560546875, z=0.5244140625)",[0. 0. 0. 0. 0. 0. 0. 0. 0.],False
1731182688109442121,"std_msgs.msg.Header(stamp=builtin_interfaces.msg.Time(sec=1731182688, nanosec=108889127), frame_id='RL_myo')","geometry_msgs.msg.Quaternion(x=0.8580965079316947, y=0.18908762938846221, z=-0.42749185159354075, w=-0.21252521805378483)",[0. 0. 0. 0. 0. 0. 0. 0. 0.],"geometry_msgs.msg.Vector3(x=6.5625, y=-1.1875, z=0.375)",[0. 0. 0. 0. 0. 0. 0. 0. 0.],"geometry_msgs.msg.Vector3(x=0.6171875, y=0.46240234375, z=0.52294921875)",[0. 0. 0. 0. 0. 0. 0. 0. 0.],False
1731182688123648752,"std_msgs.msg.Header(stamp=builtin_interfaces.msg.Time(sec=1731182688, nanosec=123184226), frame_id='RL_myo')","geometry_msgs.msg.Quaternion(x=0.8577995995905224, y=0.19000499171234497, z=-0.42780115223637194, w=-0.21228312276759903)",[0. 0. 0. 0. 0. 0. 0. 0. 0.],"geometry_msgs.msg.Vector3(x=5.125, y=-0.6875, z=-0.75)",[0. 0. 0. 0. 0. 0. 0. 0. 0.],"geometry_msgs.msg.Vector3(x=0.603515625, y=0.47900390625, z=0.51513671875)",[0. 0. 0. 0. 0. 0. 0. 0. 0.],False
1731182688146889460,"std_msgs.msg.Header(stamp=builtin_interfaces.msg.Time(sec=1731182688, nanosec=146428329), frame_id='RL_myo')","geometry_msgs.msg.Quaternion(x=0.8577785347187293, y=0.190061360261429, z=-0.4277906467798188, w=-0.21233894423555283)",[0. 0. 0. 0. 0. 0. 0. 0. 0.],"geometry_msgs.msg.Vector3(x=0.625, y=0.0, z=0.3125)",[0. 0. 0. 0. 0. 0. 0. 0. 0.],"geometry_msgs.msg.Vector3(x=0.59033203125, y=0.49609375, z=0.5166015625)",[0. 0. 0. 0. 0. 0. 0. 0. 0.],False
1731182688167488884,"std_msgs.msg.Header(stamp=builtin_interfaces.msg.Time(sec=1731182688, nanosec=167051232), frame_id='RL_myo')","geometry_msgs.msg.Quaternion(x=0.8578162110009767, y=0.18970348539853676, z=-0.42768736235120564, w=-0.21271449376251628)",[0. 0. 0. 0. 0. 0. 0. 0. 0.],"geometry_msgs.msg.Vector3(x=-4.8125, y=0.25, z=0.375)",[0. 0. 0. 0. 0. 0. 0. 0. 0.],"geometry_msgs.msg.Vector3(x=0.59326171875, y=0.49609375, z=0.5029296875)",[0. 0. 0. 0. 0. 0. 0. 0. 0.],False
1731182688190075942,"std_msgs.msg.Header(stamp=builtin_interfaces.msg.Time(sec=1731182688, nanosec=189604486), frame_id='RL_myo')","geometry_msgs.msg.Quaternion(x=0.8580486422440187, y=0.18915156795520088, z=-0.42713219507921774, w=-0.2133829885677258)",[0. 0. 0. 0. 0. 0. 0. 0. 0.],"geometry_msgs.msg.Vector3(x=-6.375, y=1.5, z=-0.625)",[0. 0. 0. 0. 0. 0. 0. 0. 0.],"geometry_msgs.msg.Vector3(x=0.5908203125, y=0.49072265625, z=0.51513671875)",[0. 0. 0. 0. 0. 0. 0. 0. 0.],False
1731182688206017407,"std_msgs.msg.Header(stamp=builtin_interfaces.msg.Time(sec=1731182688, nanosec=205620223), frame_id='RL_myo')","geometry_msgs.msg.Quaternion(x=0.8583560974656602, y=0.18878585006480034, z=-0.4265229616077674, w=-0.2136887362033191)",[0. 0. 0. 0. 0. 0. 0. 0. 0.],"geometry_msgs.msg.Vector3(x=-3.6875, y=2.25, z=-0.125)",[0. 0. 0. 0. 0. 0. 0. 0. 0.],"geometry_msgs.msg.Vector3(x=0.587890625, y=0.47802734375, z=0.52685546875)",[0. 0. 0. 0. 0. 0. 0. 0. 0.],False
1731182688227385285,"std_msgs.msg.Header(stamp=builtin_interfaces.msg.Time(sec=1731182688, nanosec=226815115), frame_id='RL_myo')","geometry_msgs.msg.Quaternion(x=0.858540940486141, y=0.18890830447921275, z=-0.42621863979914143, w=-0.21344502124840292)",[0. 0. 0. 0. 0. 0. 0. 0. 0.],"geometry_msgs.msg.Vector3(x=0.1875, y=2.25, z=1.0)",[0. 0. 0. 0. 0. 0. 0. 0. 0.],"geometry_msgs.msg.Vector3(x=0.60107421875, y=0.4736328125, z=0.52197265625)",[0. 0. 0. 0. 0. 0. 0. 0. 0.],False
1731182688243685977,"std_msgs.msg.Header(stamp=builtin_interfaces.msg.Time(sec=1731182688, nanosec=243166282), frame_id='RL_myo')","geometry_msgs.msg.Quaternion(x=0.8586364414985236, y=0.1892686668387064, z=-0.42614441530727126, w=-0.21288910349352078)",[0. 0. 0. 0. 0. 0. 0. 0. 0.],"geometry_msgs.msg.Vector3(x=2.75, y=1.6875, z=2.25)",[0. 0. 0. 0. 0. 0. 0. 0. 0.],"geometry_msgs.msg.Vector3(x=0.60498046875, y=0.47314453125, z=0.52197265625)",[0. 0. 0. 0. 0. 0. 0. 0. 0.],False
1731182688266175970,"std_msgs.msg.Header(stamp=builtin_interfaces.msg.Time(sec=1731182688, nanosec=265673714), frame_id='RL_myo')","geometry_msgs.msg.Quaternion(x=0.8587029383098752, y=0.1895750462996995, z=-0.4262691961870899, w=-0.2120970012528834)",[0. 0. 0. 0. 0. 0. 0. 0. 0.],"geometry_msgs.msg.Vector3(x=3.5, y=0.8125, z=2.9375)",[0. 0. 0. 0. 0. 0. 0. 0. 0.],"geometry_msgs.msg.Vector3(x=0.60498046875, y=0.4697265625, z=0.5244140625)",[0. 0. 0. 0. 0. 0. 0. 0. 0.],False
1731182688287740584,"std_msgs.msg.Header(stamp=builtin_interfaces.msg.Time(sec=1731182688, nanosec=287187946), frame_id='RL_myo')","geometry_msgs.msg.Quaternion(x=0.8586612415070084, y=0.19000657128314735, z=-0.42646190605697093, w=-0.21149141326569404)",[0. 0. 0. 0. 0. 0. 0. 0. 0.],"geometry_msgs.msg.Vector3(x=3.625, y=0.0625, z=2.3125)",[0. 0. 0. 0. 0. 0. 0. 0. 0.],"geometry_msgs.msg.Vector3(x=0.60546875, y=0.4736328125, z=0.52294921875)",[0. 0. 0. 0. 0. 0. 0. 0. 0.],False
1731182688309594676,"std_msgs.msg.Header(stamp=builtin_interfaces.msg.Time(sec=1731182688, nanosec=309158759), frame_id='RL_myo')","geometry_msgs.msg.Quaternion(x=0.8585240163012232, y=0.19036943031732653, z=-0.42675955651771313, w=-0.21112146824867986)",[0. 0. 0. 0. 0. 0. 0. 0. 0.],"geometry_msgs.msg.Vector3(x=2.875, y=-0.6875, z=1.1875)",[0. 0. 0. 0. 0. 0. 0. 0. 0.],"geometry_msgs.msg.Vector3(x=0.6083984375, y=0.4736328125, z=0.517578125)",[0. 0. 0. 0. 0. 0. 0. 0. 0.],False
1731182688326764015,"std_msgs.msg.Header(stamp=builtin_interfaces.msg.Time(sec=1731182688, nanosec=326312523), frame_id='RL_myo')","geometry_msgs.msg.Quaternion(x=0.8583427087371355, y=0.19043086476995397, z=-0.4271266639936339, w=-0.2110608751200323)",[0. 0. 0. 0. 0. 0. 0. 0. 0.],"geometry_msgs.msg.Vector3(x=1.125, y=-1.5, z=-0.25)",[0. 0. 0. 0. 0. 0. 0. 0. 0.],"geometry_msgs.msg.Vector3(x=0.6171875, y=0.4697265625, z=0.5205078125)",[0. 0. 0. 0. 0. 0. 0. 0. 0.],False
1731182688356451436,"std_msgs.msg.Header(stamp=builtin_interfaces.msg.Time(sec=1731182688, nanosec=355754237), frame_id='RL_myo')","geometry_msgs.msg.Quaternion(x=0.858179292725461, y=0.19025212342996176, z=-0.4274416491434142, w=-0.21124882874273263)",[0. 0. 0. 0. 0. 0. 0. 0. 0.],"geometry_msgs.msg.Vector3(x=-0.625, y=-2.125, z=-0.8125)",[0. 0. 0. 0. 0. 0. 0. 0. 0.],"geometry_msgs.msg.Vector3(x=0.607421875, y=0.4609375, z=0.5166015625)",[0. 0. 0. 0. 0. 0. 0. 0. 0.],False
1731182688364270810,"std_msgs.msg.Header(stamp=builtin_interfaces.msg.Time(sec=1731182688, nanosec=363776612), frame_id='RL_myo')","geometry_msgs.msg.Quaternion(x=0.8579611954912251, y=0.19012229664616676, z=-0.427790426065163, w=-0.2115453868942581)",[0. 0. 0. 0. 0. 0. 0. 0. 0.],"geometry_msgs.msg.Vector3(x=-0.5625, y=-2.5625, z=-1.5)",[0. 0. 0. 0. 0. 0. 0. 0. 0.],"geometry_msgs.msg.Vector3(x=0.6044921875, y=0.45849609375, z=0.51416015625)",[0. 0. 0. 0. 0. 0. 0. 0. 0.],False
1731182688386848541,"std_msgs.msg.Header(stamp=builtin_interfaces.msg.Time(sec=1731182688, nanosec=386414098), frame_id='RL_myo')","geometry_msgs.msg.Quaternion(x=0.8577294855967004, y=0.1901250514220253, z=-0.4280407658499722, w=-0.21197569938641858)",[0. 0. 0. 0. 0. 0. 0. 0. 0.],"geometry_msgs.msg.Vector3(x=0.0625, y=-2.8125, z=-2.375)",[0. 0. 0. 0. 0. 0. 0. 0. 0.],"geometry_msgs.msg.Vector3(x=0.6015625, y=0.46435546875, z=0.52685546875)",[0. 0. 0. 0. 0. 0. 0. 0. 0.],False
1731182688408630048,"std_msgs.msg.Header(stamp=builtin_interfaces.msg.Time(sec=1731182688, nanosec=408223932), frame_id='RL_myo')","geometry_msgs.msg.Quaternion(x=0.8573684143207074, y=0.19030929848736142, z=-0.4283485108352477, w=-0.21264836303077844)",[0. 0. 0. 0. 0. 0. 0. 0. 0.],"geometry_msgs.msg.Vector3(x=0.125, y=-3.3125, z=-3.5)",[0. 0. 0. 0. 0. 0. 0. 0. 0.],"geometry_msgs.msg.Vector3(x=0.59814453125, y=0.4697265625, z=0.5283203125)",[0. 0. 0. 0. 0. 0. 0. 0. 0.],False
1731182688424311856,"std_msgs.msg.Header(stamp=builtin_interfaces.msg.Time(sec=1731182688, nanosec=423830167), frame_id='RL_myo')","geometry_msgs.msg.Quaternion(x=0.8570280409353981, y=0.1904371118665652, z=-0.42854453923562635, w=-0.21350930041962982)",[0. 0. 0. 0. 0. 0. 0. 0. 0.],"geometry_msgs.msg.Vector3(x=-0.625, y=-3.5625, z=-4.125)",[0. 0. 0. 0. 0. 0. 0. 0. 0.],"geometry_msgs.msg.Vector3(x=0.5947265625, y=0.4775390625, z=0.52783203125)",[0. 0. 0. 0. 0. 0. 0. 0. 0.],False
1731182688452641875,"std_msgs.msg.Header(stamp=builtin_interfaces.msg.Time(sec=1731182688, nanosec=452193431), frame_id='RL_myo')","geometry_msgs.msg.Quaternion(x=0.8567242767981014, y=0.19049846593665393, z=-0.42872836422270333, w=-0.21430314447407622)",[0. 0. 0. 0. 0. 0. 0. 0. 0.],"geometry_msgs.msg.Vector3(x=-1.375, y=-3.125, z=-3.75)",[0. 0. 0. 0. 0. 0. 0. 0. 0.],"geometry_msgs.msg.Vector3(x=0.5947265625, y=0.482421875, z=0.5224609375)",[0. 0. 0. 0. 0. 0. 0. 0. 0.],False
1731182688469328347,"std_msgs.msg.Header(stamp=builtin_interfaces.msg.Time(sec=1731182688, nanosec=468902996), frame_id='RL_myo')","geometry_msgs.msg.Quaternion(x=0.8564971441301014, y=0.19054971025256015, z=-0.4287063308180597, w=-0.2152076484146467)",[0. 0. 0. 0. 0. 0. 0. 0. 0.],"geometry_msgs.msg.Vector3(x=-2.3125, y=-2.1875, z=-3.6875)",[0. 0. 0. 0. 0. 0. 0. 0. 0.],"geometry_msgs.msg.Vector3(x=0.587890625, y=0.48681640625, z=0.5224609375)",[0. 0. 0. 0. 0. 0. 0. 0. 0.],False
1731182688483604527,"std_msgs.msg.Header(stamp=builtin_interfaces.msg.Time(sec=1731182688, nanosec=483178792), frame_id='RL_myo')","geometry_msgs.msg.Quaternion(x=0.8563215610346955, y=0.19042931364420884, z=-0.42864906080874315, w=-0.21612506397889214)",[0. 0. 0. 0. 0. 0. 0. 0. 0.],"geometry_msgs.msg.Vector3(x=-3.0625, y=-2.25, z=-3.0)",[0. 0. 0. 0. 0. 0. 0. 0. 0.],"geometry_msgs.msg.Vector3(x=0.5859375, y=0.490234375, z=0.52685546875)",[0. 0. 0. 0. 0. 0. 0. 0. 0.],False
1731182688506116420,"std_msgs.msg.Header(stamp=builtin_interfaces.msg.Time(sec=1731182688, nanosec=505601595), frame_id='RL_myo')","geometry_msgs.msg.Quaternion(x=0.8561681567145012, y=0.19031384562884543, z=-0.4286639313185957, w=-0.21680397038924276)",[0. 0. 0. 0. 0. 0. 0. 0. 0.],"geometry_msgs.msg.Vector3(x=-2.75, y=-2.25, z=-1.9375)",[0. 0. 0. 0. 0. 0. 0. 0. 0.],"geometry_msgs.msg.Vector3(x=0.583984375, y=0.48876953125, z=0.51904296875)",[0. 0. 0. 0. 0. 0. 0. 0. 0.],False
1731182688529147858,"std_msgs.msg.Header(stamp=builtin_interfaces.msg.Time(sec=1731182688, nanosec=528799469), frame_id='RL_myo')","geometry_msgs.msg.Quaternion(x=0.8560437144142082, y=0.19025228219815238, z=-0.4287237825344313, w=-0.21723062956150926)",[0. 0. 0. 0. 0. 0. 0. 0. 0.],"geometry_msgs.msg.Vector3(x=-1.5625, y=-1.625, z=-0.9375)",[0. 0. 0. 0. 0. 0. 0. 0. 0.],"geometry_msgs.msg.Vector3(x=0.59130859375, y=0.48681640625, z=0.517578125)",[0. 0. 0. 0. 0. 0. 0. 0. 0.],False
1731182688542901337,"std_msgs.msg.Header(stamp=builtin_interfaces.msg.Time(sec=1731182688, nanosec=542536298), frame_id='RL_myo')","geometry_msgs.msg.Quaternion(x=0.8560337722487908, y=0.1903111088678595, z=-0.42871880329950135, w=-0.2172281066262707)",[0. 0. 0. 0. 0. 0. 0. 0. 0.],"geometry_msgs.msg.Vector3(x=-0.3125, y=-0.5, z=-0.3125)",[0. 0. 0. 0. 0. 0. 0. 0. 0.],"geometry_msgs.msg.Vector3(x=0.58837890625, y=0.4912109375, z=0.51708984375)",[0. 0. 0. 0. 0. 0. 0. 0. 0.],False
1731182688574319260,"std_msgs.msg.Header(stamp=builtin_interfaces.msg.Time(sec=1731182688, nanosec=573837430), frame_id='RL_myo')","geometry_msgs.msg.Quaternion(x=0.8560362772910246, y=0.19043373869147928, z=-0.42865902141995477, w=-0.21722874230864575)",[0. 0. 0. 0. 0. 0. 0. 0. 0.],"geometry_msgs.msg.Vector3(x=-0.0625, y=0.0, z=1.0625)",[0. 0. 0. 0. 0. 0. 0. 0. 0.],"geometry_msgs.msg.Vector3(x=0.59033203125, y=0.4912109375, z=0.51806640625)",[0. 0. 0. 0. 0. 0. 0. 0. 0.],False
1731182688588938757,"std_msgs.msg.Header(stamp=builtin_interfaces.msg.Time(sec=1731182688, nanosec=588509032), frame_id='RL_myo')","geometry_msgs.msg.Quaternion(x=0.856195518368684, y=0.1903063605840859, z=-0.42858603721021526, w=-0.216856478240942)",[0. 0. 0. 0. 0. 0. 0. 0. 0.],"geometry_msgs.msg.Vector3(x=-0.3125, y=0.3125, z=3.0)",[0. 0. 0. 0. 0. 0. 0. 0. 0.],"geometry_msgs.msg.Vector3(x=0.59912109375, y=0.486328125, z=0.5234375)",[0. 0. 0. 0. 0. 0. 0. 0. 0.],False
1731182688611871830,"std_msgs.msg.Header(stamp=builtin_interfaces.msg.Time(sec=1731182688, nanosec=611420559), frame_id='RL_myo')","geometry_msgs.msg.Quaternion(x=0.8563959316746339, y=0.19000502710449257, z=-0.4285946997519264, w=-0.21631153744244191)",[0. 0. 0. 0. 0. 0. 0. 0. 0.],"geometry_msgs.msg.Vector3(x=-0.375, y=0.3125, z=3.625)",[0. 0. 0. 0. 0. 0. 0. 0. 0.],"geometry_msgs.msg.Vector3(x=0.6025390625, y=0.4765625, z=0.5234375)",[0. 0. 0. 0. 0. 0. 0. 0. 0.],False
1731182688632766246,"std_msgs.msg.Header(stamp=builtin_interfaces.msg.Time(sec=1731182688, nanosec=632117364), frame_id='RL_myo')","geometry_msgs.msg.Quaternion(x=0.8565537353935038, y=0.18981631160565746, z=-0.42864307279952807, w=-0.21575583971897075)",[0. 0. 0. 0. 0. 0. 0. 0. 0.],"geometry_msgs.msg.Vector3(x=0.6875, y=0.125, z=3.625)",[0. 0. 0. 0. 0. 0. 0. 0. 0.],"geometry_msgs.msg.Vector3(x=0.5966796875, y=0.4716796875, z=0.525390625)",[0. 0. 0. 0. 0. 0. 0. 0. 0.],False
1731182688648734202,"std_msgs.msg.Header(stamp=builtin_interfaces.msg.Time(sec=1731182688, nanosec=648201371), frame_id='RL_myo')","geometry_msgs.msg.Quaternion(x=0.8566378018157665, y=0.18982141529369675, z=-0.42877666959428284, w=-0.21515128260780741)",[0. 0. 0. 0. 0. 0. 0. 0. 0.],"geometry_msgs.msg.Vector3(x=1.875, y=-0.3125, z=3.3125)",[0. 0. 0. 0. 0. 0. 0. 0. 0.],"geometry_msgs.msg.Vector3(x=0.60205078125, y=0.47216796875, z=0.5283203125)",[0. 0. 0. 0. 0. 0. 0. 0. 0.],False
1731182688670056620,"std_msgs.msg.Header(stamp=builtin_interfaces.msg.Time(sec=1731182688, nanosec=669647213), frame_id='RL_myo')","geometry_msgs.msg.Quaternion(x=0.856653061397708, y=0.19000790738375953, z=-0.4289063813638542, w=-0.21466681987429562)",[0. 0. 0. 0. 0. 0. 0. 0. 0.],"geometry_msgs.msg.Vector3(x=2.3125, y=-0.125, z=2.125)",[0. 0. 0. 0. 0. 0. 0. 0. 0.],"geometry_msgs.msg.Vector3(x=0.60595703125, y=0.47412109375, z=0.52490234375)",[0. 0. 0. 0. 0. 0. 0. 0. 0.],False
1731182688699919979,"std_msgs.msg.Header(stamp=builtin_interfaces.msg.Time(sec=1731182688, nanosec=699488212), frame_id='RL_myo')","geometry_msgs.msg.Quaternion(x=0.8566357258862998, y=0.19024820502939768, z=-0.42901977322798723, w=-0.2142962617446953)",[0. 0. 0. 0. 0. 0. 0. 0. 0.],"geometry_msgs.msg.Vector3(x=2.1875, y=-0.25, z=1.5625)",[0. 0. 0. 0. 0. 0. 0. 0. 0.],"geometry_msgs.msg.Vector3(x=0.60205078125, y=0.4755859375, z=0.52197265625)",[0. 0. 0. 0. 0. 0. 0. 0. 0.],False
1731182688710764810,"std_msgs.msg.Header(stamp=builtin_interfaces.msg.Time(sec=1731182688, nanosec=710224591), frame_id='RL_myo')","geometry_msgs.msg.Quaternion(x=0.8566256384561932, y=0.19030699969407983, z=-0.42919782612211976, w=-0.21392752852076646)",[0. 0. 0. 0. 0. 0. 0. 0. 0.],"geometry_msgs.msg.Vector3(x=1.4375, y=-0.5625, z=1.9375)",[0. 0. 0. 0. 0. 0. 0. 0. 0.],"geometry_msgs.msg.Vector3(x=0.60595703125, y=0.4755859375, z=0.52197265625)",[0. 0. 0. 0. 0. 0. 0. 0. 0.],False
1731182688730203329,"std_msgs.msg.Header(stamp=builtin_interfaces.msg.Time(sec=1731182688, nanosec=729663095), frame_id='RL_myo')","geometry_msgs.msg.Quaternion(x=0.8566365205139361, y=0.19030941723993253, z=-0.42938638559426723, w=-0.21350299599271455)",[0. 0. 0. 0. 0. 0. 0. 0. 0.],"geometry_msgs.msg.Vector3(x=1.25, y=-0.625, z=2.125)",[0. 0. 0. 0. 0. 0. 0. 0. 0.],"geometry_msgs.msg.Vector3(x=0.607421875, y=0.4716796875, z=0.517578125)",[0. 0. 0. 0. 0. 0. 0. 0. 0.],False
1731182688752333182,"std_msgs.msg.Header(stamp=builtin_interfaces.msg.Time(sec=1731182688, nanosec=751766246), frame_id='RL_myo')","geometry_msgs.msg.Quaternion(x=0.8565750715393495, y=0.19030932542822374, z=-0.4296303212601882, w=-0.21325875017518078)",[0. 0. 0. 0. 0. 0. 0. 0. 0.],"geometry_msgs.msg.Vector3(x=1.1875, y=-0.75, z=1.1875)",[0. 0. 0. 0. 0. 0. 0. 0. 0.],"geometry_msgs.msg.Vector3(x=0.6083984375, y=0.4677734375, z=0.51708984375)",[0. 0. 0. 0. 0. 0. 0. 0. 0.],False
