timestamp,_header,_orientation,_orientation_covariance,_angular_velocity,_angular_velocity_covariance,_linear_acceleration,_linear_acceleration_covariance,_check_fields,time,orientation,angular_velocity,linear_acceleration
29138931967,"std_msgs.msg.Header(stamp=builtin_interfaces.msg.Time(sec=1730344263, nanosec=534738743), frame_id='RU_myo')","geometry_msgs.msg.Quaternion(x=-0.44986757648935316, y=-0.7364742973133936, z=0.059994549951028917, w=-0.5016227935376467)",[0. 0. 0. 0. 0. 0. 0. 0. 0.],"geometry_msgs.msg.Vector3(x=12.6875, y=26.875, z=-38.1875)",[0. 0. 0. 0. 0. 0. 0. 0. 0.],"geometry_msgs.msg.Vector3(x=0.8896484375, y=0.63330078125, z=0.13720703125)",[0. 0. 0. 0. 0. 0. 0. 0. 0.],False,29.138931967,"[-0.44986757648935316, -0.7364742973133936, 0.059994549951028917, -0.5016227935376467]","[12.6875, 26.875, -38.1875]","[0.8896484375, 0.63330078125, 0.13720703125]"
29159940041,"std_msgs.msg.Header(stamp=builtin_interfaces.msg.Time(sec=1730344263, nanosec=555788226), frame_id='RU_myo')","geometry_msgs.msg.Quaternion(x=-0.45926812730222644, y=-0.7297633220136507, z=0.05523423989481926, w=-0.5034555192180818)",[0. 0. 0. 0. 0. 0. 0. 0. 0.],"geometry_msgs.msg.Vector3(x=-27.4375, y=23.25, z=-38.0625)",[0. 0. 0. 0. 0. 0. 0. 0. 0.],"geometry_msgs.msg.Vector3(x=0.91259765625, y=0.7529296875, z=0.25927734375)",[0. 0. 0. 0. 0. 0. 0. 0. 0.],False,29.159940041,"[-0.45926812730222644, -0.7297633220136507, 0.05523423989481926, -0.5034555192180818]","[-27.4375, 23.25, -38.0625]","[0.91259765625, 0.7529296875, 0.25927734375]"
29182266814,"std_msgs.msg.Header(stamp=builtin_interfaces.msg.Time(sec=1730344263, nanosec=578140104), frame_id='RU_myo')","geometry_msgs.msg.Quaternion(x=-0.47330628216370385, y=-0.7198771886680705, z=0.05065689415807533, w=-0.5051651963209512)",[0. 0. 0. 0. 0. 0. 0. 0. 0.],"geometry_msgs.msg.Vector3(x=-56.4375, y=32.875, z=-62.0625)",[0. 0. 0. 0. 0. 0. 0. 0. 0.],"geometry_msgs.msg.Vector3(x=1.10693359375, y=0.71533203125, z=0.29052734375)",[0. 0. 0. 0. 0. 0. 0. 0. 0.],False,29.182266814,"[-0.47330628216370385, -0.7198771886680705, 0.05065689415807533, -0.5051651963209512]","[-56.4375, 32.875, -62.0625]","[1.10693359375, 0.71533203125, 0.29052734375]"
29199338996,"std_msgs.msg.Header(stamp=builtin_interfaces.msg.Time(sec=1730344263, nanosec=595244689), frame_id='RU_myo')","geometry_msgs.msg.Quaternion(x=-0.4905260166867705, y=-0.7044483370161385, z=0.03930555614610927, w=-0.511460497677633)",[0. 0. 0. 0. 0. 0. 0. 0. 0.],"geometry_msgs.msg.Vector3(x=-56.875, y=80.125, z=-88.6875)",[0. 0. 0. 0. 0. 0. 0. 0. 0.],"geometry_msgs.msg.Vector3(x=1.08447265625, y=0.68017578125, z=0.478515625)",[0. 0. 0. 0. 0. 0. 0. 0. 0.],False,29.199338996,"[-0.4905260166867705, -0.7044483370161385, 0.03930555614610927, -0.511460497677633]","[-56.875, 80.125, -88.6875]","[1.08447265625, 0.68017578125, 0.478515625]"
29219792981,"std_msgs.msg.Header(stamp=builtin_interfaces.msg.Time(sec=1730344263, nanosec=615669639), frame_id='RU_myo')","geometry_msgs.msg.Quaternion(x=-0.506745324628776, y=-0.6879481270884695, z=0.020872805133450724, w=-0.51913473820214)",[0. 0. 0. 0. 0. 0. 0. 0. 0.],"geometry_msgs.msg.Vector3(x=-51.3125, y=129.5625, z=-97.8125)",[0. 0. 0. 0. 0. 0. 0. 0. 0.],"geometry_msgs.msg.Vector3(x=0.84375, y=0.705078125, z=0.48681640625)",[0. 0. 0. 0. 0. 0. 0. 0. 0.],False,29.219792981,"[-0.506745324628776, -0.6879481270884695, 0.020872805133450724, -0.51913473820214]","[-51.3125, 129.5625, -97.8125]","[0.84375, 0.705078125, 0.48681640625]"
29242736629,"std_msgs.msg.Header(stamp=builtin_interfaces.msg.Time(sec=1730344263, nanosec=638522128), frame_id='RU_myo')","geometry_msgs.msg.Quaternion(x=-0.527552467532503, y=-0.6627362615612505, z=0.004577329368919219, w=-0.5314584552606474)",[0. 0. 0. 0. 0. 0. 0. 0. 0.],"geometry_msgs.msg.Vector3(x=-101.375, y=169.0625, z=-86.875)",[0. 0. 0. 0. 0. 0. 0. 0. 0.],"geometry_msgs.msg.Vector3(x=0.79931640625, y=0.8359375, z=0.4814453125)",[0. 0. 0. 0. 0. 0. 0. 0. 0.],False,29.242736629,"[-0.527552467532503, -0.6627362615612505, 0.004577329368919219, -0.5314584552606474]","[-101.375, 169.0625, -86.875]","[0.79931640625, 0.8359375, 0.4814453125]"
29258984180,"std_msgs.msg.Header(stamp=builtin_interfaces.msg.Time(sec=1730344263, nanosec=654758867), frame_id='RU_myo')","geometry_msgs.msg.Quaternion(x=-0.5552637644546267, y=-0.6256329797125058, z=-0.009703994124894002, w=-0.5478789638941727)",[0. 0. 0. 0. 0. 0. 0. 0. 0.],"geometry_msgs.msg.Vector3(x=-171.0, y=216.375, z=-85.25)",[0. 0. 0. 0. 0. 0. 0. 0. 0.],"geometry_msgs.msg.Vector3(x=0.7490234375, y=0.99169921875, z=0.51220703125)",[0. 0. 0. 0. 0. 0. 0. 0. 0.],False,29.25898418,"[-0.5552637644546267, -0.6256329797125058, -0.009703994124894002, -0.5478789638941727]","[-171.0, 216.375, -85.25]","[0.7490234375, 0.99169921875, 0.51220703125]"
29279780770,"std_msgs.msg.Header(stamp=builtin_interfaces.msg.Time(sec=1730344263, nanosec=675672534), frame_id='RU_myo')","geometry_msgs.msg.Quaternion(x=-0.5870102517057973, y=-0.576817829992877, z=-0.021422395336736833, w=-0.5676629601908527)",[0. 0. 0. 0. 0. 0. 0. 0. 0.],"geometry_msgs.msg.Vector3(x=-232.9375, y=258.75, z=-80.75)",[0. 0. 0. 0. 0. 0. 0. 0. 0.],"geometry_msgs.msg.Vector3(x=0.7158203125, y=0.91015625, z=0.5126953125)",[0. 0. 0. 0. 0. 0. 0. 0. 0.],False,29.27978077,"[-0.5870102517057973, -0.576817829992877, -0.021422395336736833, -0.5676629601908527]","[-232.9375, 258.75, -80.75]","[0.7158203125, 0.91015625, 0.5126953125]"
29302315459,"std_msgs.msg.Header(stamp=builtin_interfaces.msg.Time(sec=1730344263, nanosec=698227322), frame_id='RU_myo')","geometry_msgs.msg.Quaternion(x=-0.6177472195543137, y=-0.5196107318005757, z=-0.029904775497096792, w=-0.589490258217261)",[0. 0. 0. 0. 0. 0. 0. 0. 0.],"geometry_msgs.msg.Vector3(x=-268.6875, y=284.0625, z=-63.5)",[0. 0. 0. 0. 0. 0. 0. 0. 0.],"geometry_msgs.msg.Vector3(x=0.7900390625, y=0.7490234375, z=0.59912109375)",[0. 0. 0. 0. 0. 0. 0. 0. 0.],False,29.302315459,"[-0.6177472195543137, -0.5196107318005757, -0.029904775497096792, -0.589490258217261]","[-268.6875, 284.0625, -63.5]","[0.7900390625, 0.7490234375, 0.59912109375]"
29318862746,"std_msgs.msg.Header(stamp=builtin_interfaces.msg.Time(sec=1730344263, nanosec=714744626), frame_id='RU_myo')","geometry_msgs.msg.Quaternion(x=-0.6419805366919663, y=-0.46102490485513015, z=-0.038754410191025636, w=-0.6114042225097556)",[0. 0. 0. 0. 0. 0. 0. 0. 0.],"geometry_msgs.msg.Vector3(x=-253.25, y=293.4375, z=-45.25)",[0. 0. 0. 0. 0. 0. 0. 0. 0.],"geometry_msgs.msg.Vector3(x=0.84765625, y=0.59765625, z=0.625)",[0. 0. 0. 0. 0. 0. 0. 0. 0.],False,29.318862746,"[-0.6419805366919663, -0.46102490485513015, -0.038754410191025636, -0.6114042225097556]","[-253.25, 293.4375, -45.25]","[0.84765625, 0.59765625, 0.625]"
29347168543,"std_msgs.msg.Header(stamp=builtin_interfaces.msg.Time(sec=1730344263, nanosec=743178889), frame_id='RU_myo')","geometry_msgs.msg.Quaternion(x=-0.6574432473121936, y=-0.4044020568780723, z=-0.050718096780211004, w=-0.6337625956266077)",[0. 0. 0. 0. 0. 0. 0. 0. 0.],"geometry_msgs.msg.Vector3(x=-211.75, y=303.375, z=-21.6875)",[0. 0. 0. 0. 0. 0. 0. 0. 0.],"geometry_msgs.msg.Vector3(x=0.83544921875, y=0.4365234375, z=0.5908203125)",[0. 0. 0. 0. 0. 0. 0. 0. 0.],False,29.347168543,"[-0.6574432473121936, -0.4044020568780723, -0.050718096780211004, -0.6337625956266077]","[-211.75, 303.375, -21.6875]","[0.83544921875, 0.4365234375, 0.5908203125]"
29365273488,"std_msgs.msg.Header(stamp=builtin_interfaces.msg.Time(sec=1730344263, nanosec=761259729), frame_id='RU_myo')","geometry_msgs.msg.Quaternion(x=-0.6644051570460062, y=-0.3526486310317678, z=-0.06731939079751469, w=-0.6554943401317387)",[0. 0. 0. 0. 0. 0. 0. 0. 0.],"geometry_msgs.msg.Vector3(x=-155.9375, y=305.6875, z=-2.75)",[0. 0. 0. 0. 0. 0. 0. 0. 0.],"geometry_msgs.msg.Vector3(x=0.81103515625, y=0.31005859375, z=0.60546875)",[0. 0. 0. 0. 0. 0. 0. 0. 0.],False,29.365273488,"[-0.6644051570460062, -0.3526486310317678, -0.06731939079751469, -0.6554943401317387]","[-155.9375, 305.6875, -2.75]","[0.81103515625, 0.31005859375, 0.60546875]"
29378534302,"std_msgs.msg.Header(stamp=builtin_interfaces.msg.Time(sec=1730344263, nanosec=774664175), frame_id='RU_myo')","geometry_msgs.msg.Quaternion(x=-0.6629190917625905, y=-0.3091221874219776, z=-0.08916634073514497, w=-0.6760407640815885)",[0. 0. 0. 0. 0. 0. 0. 0. 0.],"geometry_msgs.msg.Vector3(x=-87.125, y=296.125, z=17.0625)",[0. 0. 0. 0. 0. 0. 0. 0. 0.],"geometry_msgs.msg.Vector3(x=0.751953125, y=0.26025390625, z=0.6171875)",[0. 0. 0. 0. 0. 0. 0. 0. 0.],False,29.378534302,"[-0.6629190917625905, -0.3091221874219776, -0.08916634073514497, -0.6760407640815885]","[-87.125, 296.125, 17.0625]","[0.751953125, 0.26025390625, 0.6171875]"
29399922804,"std_msgs.msg.Header(stamp=builtin_interfaces.msg.Time(sec=1730344263, nanosec=795714577), frame_id='RU_myo')","geometry_msgs.msg.Quaternion(x=-0.6532831806261131, y=-0.2753749729993481, z=-0.11681464945052135, w=-0.6955171082226443)",[0. 0. 0. 0. 0. 0. 0. 0. 0.],"geometry_msgs.msg.Vector3(x=-12.0625, y=283.0, z=39.75)",[0. 0. 0. 0. 0. 0. 0. 0. 0.],"geometry_msgs.msg.Vector3(x=0.6923828125, y=0.224609375, z=0.5908203125)",[0. 0. 0. 0. 0. 0. 0. 0. 0.],False,29.399922804,"[-0.6532831806261131, -0.2753749729993481, -0.11681464945052135, -0.6955171082226443]","[-12.0625, 283.0, 39.75]","[0.6923828125, 0.224609375, 0.5908203125]"
29422224207,"std_msgs.msg.Header(stamp=builtin_interfaces.msg.Time(sec=1730344263, nanosec=818167944), frame_id='RU_myo')","geometry_msgs.msg.Quaternion(x=-0.6372266974009518, y=-0.2515705820023679, z=-0.14739033370589968, w=-0.713393627614187)",[0. 0. 0. 0. 0. 0. 0. 0. 0.],"geometry_msgs.msg.Vector3(x=46.1875, y=256.25, z=61.4375)",[0. 0. 0. 0. 0. 0. 0. 0. 0.],"geometry_msgs.msg.Vector3(x=0.650390625, y=0.29736328125, z=0.52978515625)",[0. 0. 0. 0. 0. 0. 0. 0. 0.],False,29.422224207,"[-0.6372266974009518, -0.2515705820023679, -0.14739033370589968, -0.713393627614187]","[46.1875, 256.25, 61.4375]","[0.650390625, 0.29736328125, 0.52978515625]"
29438610392,"std_msgs.msg.Header(stamp=builtin_interfaces.msg.Time(sec=1730344263, nanosec=834560702), frame_id='RU_myo')","geometry_msgs.msg.Quaternion(x=-0.6180143262746486, y=-0.23692787029411275, z=-0.18242591558709506, w=-0.727079268112768)",[0. 0. 0. 0. 0. 0. 0. 0. 0.],"geometry_msgs.msg.Vector3(x=105.875, y=230.9375, z=61.375)",[0. 0. 0. 0. 0. 0. 0. 0. 0.],"geometry_msgs.msg.Vector3(x=0.5625, y=0.3466796875, z=0.52294921875)",[0. 0. 0. 0. 0. 0. 0. 0. 0.],False,29.438610392,"[-0.6180143262746486, -0.23692787029411275, -0.18242591558709506, -0.727079268112768]","[105.875, 230.9375, 61.375]","[0.5625, 0.3466796875, 0.52294921875]"
29459793307,"std_msgs.msg.Header(stamp=builtin_interfaces.msg.Time(sec=1730344263, nanosec=855688958), frame_id='RU_myo')","geometry_msgs.msg.Quaternion(x=-0.5953769910489897, y=-0.22783621810208904, z=-0.21880333294829607, w=-0.7387435263615553)",[0. 0. 0. 0. 0. 0. 0. 0. 0.],"geometry_msgs.msg.Vector3(x=137.0, y=212.0625, z=72.9375)",[0. 0. 0. 0. 0. 0. 0. 0. 0.],"geometry_msgs.msg.Vector3(x=0.4345703125, y=0.41845703125, z=0.4775390625)",[0. 0. 0. 0. 0. 0. 0. 0. 0.],False,29.459793307,"[-0.5953769910489897, -0.22783621810208904, -0.21880333294829607, -0.7387435263615553]","[137.0, 212.0625, 72.9375]","[0.4345703125, 0.41845703125, 0.4775390625]"
29482527814,"std_msgs.msg.Header(stamp=builtin_interfaces.msg.Time(sec=1730344263, nanosec=878405655), frame_id='RU_myo')","geometry_msgs.msg.Quaternion(x=-0.5706508779907913, y=-0.21941068517399945, z=-0.2550534779811248, w=-0.7491089707442751)",[0. 0. 0. 0. 0. 0. 0. 0. 0.],"geometry_msgs.msg.Vector3(x=140.75, y=209.375, z=78.125)",[0. 0. 0. 0. 0. 0. 0. 0. 0.],"geometry_msgs.msg.Vector3(x=0.423828125, y=0.60595703125, z=0.474609375)",[0. 0. 0. 0. 0. 0. 0. 0. 0.],False,29.482527814,"[-0.5706508779907913, -0.21941068517399945, -0.2550534779811248, -0.7491089707442751]","[140.75, 209.375, 78.125]","[0.423828125, 0.60595703125, 0.474609375]"
29498786652,"std_msgs.msg.Header(stamp=builtin_interfaces.msg.Time(sec=1730344263, nanosec=894716532), frame_id='RU_myo')","geometry_msgs.msg.Quaternion(x=-0.5482366164827308, y=-0.20768665322172244, z=-0.2908711693372698, w=-0.7561063610825506)",[0. 0. 0. 0. 0. 0. 0. 0. 0.],"geometry_msgs.msg.Vector3(x=128.9375, y=214.375, z=52.6875)",[0. 0. 0. 0. 0. 0. 0. 0. 0.],"geometry_msgs.msg.Vector3(x=0.3984375, y=0.791015625, z=0.50537109375)",[0. 0. 0. 0. 0. 0. 0. 0. 0.],False,29.498786652,"[-0.5482366164827308, -0.20768665322172244, -0.2908711693372698, -0.7561063610825506]","[128.9375, 214.375, 52.6875]","[0.3984375, 0.791015625, 0.50537109375]"
29519769589,"std_msgs.msg.Header(stamp=builtin_interfaces.msg.Time(sec=1730344263, nanosec=915701344), frame_id='RU_myo')","geometry_msgs.msg.Quaternion(x=-0.5296388405638708, y=-0.19286226505898038, z=-0.32389874704683824, w=-0.7598529113874385)",[0. 0. 0. 0. 0. 0. 0. 0. 0.],"geometry_msgs.msg.Vector3(x=108.25, y=206.0625, z=25.8125)",[0. 0. 0. 0. 0. 0. 0. 0. 0.],"geometry_msgs.msg.Vector3(x=0.1787109375, y=0.7822265625, z=0.453125)",[0. 0. 0. 0. 0. 0. 0. 0. 0.],False,29.519769589,"[-0.5296388405638708, -0.19286226505898038, -0.32389874704683824, -0.7598529113874385]","[108.25, 206.0625, 25.8125]","[0.1787109375, 0.7822265625, 0.453125]"
29542078785,"std_msgs.msg.Header(stamp=builtin_interfaces.msg.Time(sec=1730344263, nanosec=938143313), frame_id='RU_myo')","geometry_msgs.msg.Quaternion(x=-0.5137050636983066, y=-0.17790783660218173, z=-0.3496514565673754, w=-0.7630201623329249)",[0. 0. 0. 0. 0. 0. 0. 0. 0.],"geometry_msgs.msg.Vector3(x=73.75, y=177.0, z=21.625)",[0. 0. 0. 0. 0. 0. 0. 0. 0.],"geometry_msgs.msg.Vector3(x=0.0068359375, y=0.7470703125, z=0.34521484375)",[0. 0. 0. 0. 0. 0. 0. 0. 0.],False,29.542078785,"[-0.5137050636983066, -0.17790783660218173, -0.3496514565673754, -0.7630201623329249]","[73.75, 177.0, 21.625]","[0.0068359375, 0.7470703125, 0.34521484375]"
29559108953,"std_msgs.msg.Header(stamp=builtin_interfaces.msg.Time(sec=1730344263, nanosec=954830419), frame_id='RU_myo')","geometry_msgs.msg.Quaternion(x=-0.49887537736287973, y=-0.16350466551934853, z=-0.36600876413569733, w=-0.7683925863712572)",[0. 0. 0. 0. 0. 0. 0. 0. 0.],"geometry_msgs.msg.Vector3(x=29.5625, y=147.0, z=34.1875)",[0. 0. 0. 0. 0. 0. 0. 0. 0.],"geometry_msgs.msg.Vector3(x=-0.0244140625, y=0.70068359375, z=0.3466796875)",[0. 0. 0. 0. 0. 0. 0. 0. 0.],False,29.559108953,"[-0.49887537736287973, -0.16350466551934853, -0.36600876413569733, -0.7683925863712572]","[29.5625, 147.0, 34.1875]","[-0.0244140625, 0.70068359375, 0.3466796875]"
29579790888,"std_msgs.msg.Header(stamp=builtin_interfaces.msg.Time(sec=1730344263, nanosec=975746659), frame_id='RU_myo')","geometry_msgs.msg.Quaternion(x=-0.4833029601803289, y=-0.14989166185160852, z=-0.3781468798178202, w=-0.7752133097879199)",[0. 0. 0. 0. 0. 0. 0. 0. 0.],"geometry_msgs.msg.Vector3(x=13.5, y=134.75, z=46.25)",[0. 0. 0. 0. 0. 0. 0. 0. 0.],"geometry_msgs.msg.Vector3(x=0.03564453125, y=0.5166015625, z=0.3701171875)",[0. 0. 0. 0. 0. 0. 0. 0. 0.],False,29.579790888,"[-0.4833029601803289, -0.14989166185160852, -0.3781468798178202, -0.7752133097879199]","[13.5, 134.75, 46.25]","[0.03564453125, 0.5166015625, 0.3701171875]"
29602195371,"std_msgs.msg.Header(stamp=builtin_interfaces.msg.Time(sec=1730344263, nanosec=998111061), frame_id='RU_myo')","geometry_msgs.msg.Quaternion(x=-0.46610983755257707, y=-0.1403761459173664, z=-0.3926259768201818, w=-0.7803082719797955)",[0. 0. 0. 0. 0. 0. 0. 0. 0.],"geometry_msgs.msg.Vector3(x=40.3125, y=124.625, z=56.875)",[0. 0. 0. 0. 0. 0. 0. 0. 0.],"geometry_msgs.msg.Vector3(x=-0.02587890625, y=0.46484375, z=0.29150390625)",[0. 0. 0. 0. 0. 0. 0. 0. 0.],False,29.602195371,"[-0.46610983755257707, -0.1403761459173664, -0.3926259768201818, -0.7803082719797955]","[40.3125, 124.625, 56.875]","[-0.02587890625, 0.46484375, 0.29150390625]"
29627670565,"std_msgs.msg.Header(stamp=builtin_interfaces.msg.Time(sec=1730344264, nanosec=23581064), frame_id='RU_myo')","geometry_msgs.msg.Quaternion(x=-0.4483436286861736, y=-0.13823826830576955, z=-0.4121514462997182, w=-0.7810309578405885)",[0. 0. 0. 0. 0. 0. 0. 0. 0.],"geometry_msgs.msg.Vector3(x=89.9375, y=100.75, z=61.25)",[0. 0. 0. 0. 0. 0. 0. 0. 0.],"geometry_msgs.msg.Vector3(x=-0.1513671875, y=0.56787109375, z=0.12646484375)",[0. 0. 0. 0. 0. 0. 0. 0. 0.],False,29.627670565,"[-0.4483436286861736, -0.13823826830576955, -0.4121514462997182, -0.7810309578405885]","[89.9375, 100.75, 61.25]","[-0.1513671875, 0.56787109375, 0.12646484375]"
29641545187,"std_msgs.msg.Header(stamp=builtin_interfaces.msg.Time(sec=1730344264, nanosec=37325510), frame_id='RU_myo')","geometry_msgs.msg.Quaternion(x=-0.43192047379595105, y=-0.142447701828423, z=-0.43228666326080556, w=-0.7786408654357416)",[0. 0. 0. 0. 0. 0. 0. 0. 0.],"geometry_msgs.msg.Vector3(x=114.6875, y=67.6875, z=63.125)",[0. 0. 0. 0. 0. 0. 0. 0. 0.],"geometry_msgs.msg.Vector3(x=-0.2392578125, y=0.619140625, z=0.09912109375)",[0. 0. 0. 0. 0. 0. 0. 0. 0.],False,29.641545187,"[-0.43192047379595105, -0.142447701828423, -0.43228666326080556, -0.7786408654357416]","[114.6875, 67.6875, 63.125]","[-0.2392578125, 0.619140625, 0.09912109375]"
29662102481,"std_msgs.msg.Header(stamp=builtin_interfaces.msg.Time(sec=1730344264, nanosec=58147225), frame_id='RU_myo')","geometry_msgs.msg.Quaternion(x=-0.41487863821062765, y=-0.15538114340751075, z=-0.4566838555060498, w=-0.7714740902648638)",[0. 0. 0. 0. 0. 0. 0. 0. 0.],"geometry_msgs.msg.Vector3(x=168.4375, y=37.4375, z=71.5)",[0. 0. 0. 0. 0. 0. 0. 0. 0.],"geometry_msgs.msg.Vector3(x=-0.18115234375, y=0.63623046875, z=0.12939453125)",[0. 0. 0. 0. 0. 0. 0. 0. 0.],False,29.662102481,"[-0.41487863821062765, -0.15538114340751075, -0.4566838555060498, -0.7714740902648638]","[168.4375, 37.4375, 71.5]","[-0.18115234375, 0.63623046875, 0.12939453125]"
29680567245,"std_msgs.msg.Header(stamp=builtin_interfaces.msg.Time(sec=1730344264, nanosec=76533328), frame_id='RU_myo')","geometry_msgs.msg.Quaternion(x=-0.397871864295297, y=-0.17064729752564048, z=-0.4799607824540904, w=-0.7630302266328889)",[0. 0. 0. 0. 0. 0. 0. 0. 0.],"geometry_msgs.msg.Vector3(x=170.1875, y=24.75, z=72.8125)",[0. 0. 0. 0. 0. 0. 0. 0. 0.],"geometry_msgs.msg.Vector3(x=-0.0458984375, y=0.9736328125, z=0.13525390625)",[0. 0. 0. 0. 0. 0. 0. 0. 0.],False,29.680567245,"[-0.397871864295297, -0.17064729752564048, -0.4799607824540904, -0.7630302266328889]","[170.1875, 24.75, 72.8125]","[-0.0458984375, 0.9736328125, 0.13525390625]"
29707340061,"std_msgs.msg.Header(stamp=builtin_interfaces.msg.Time(sec=1730344264, nanosec=103270458), frame_id='RU_myo')","geometry_msgs.msg.Quaternion(x=-0.3852798719509335, y=-0.18009835294269044, z=-0.49641477561363745, w=-0.7567670540458697)",[0. 0. 0. 0. 0. 0. 0. 0. 0.],"geometry_msgs.msg.Vector3(x=118.625, y=25.5625, z=48.0625)",[0. 0. 0. 0. 0. 0. 0. 0. 0.],"geometry_msgs.msg.Vector3(x=0.021484375, y=1.23681640625, z=0.31494140625)",[0. 0. 0. 0. 0. 0. 0. 0. 0.],False,29.707340061,"[-0.3852798719509335, -0.18009835294269044, -0.49641477561363745, -0.7567670540458697]","[118.625, 25.5625, 48.0625]","[0.021484375, 1.23681640625, 0.31494140625]"
29722509270,"std_msgs.msg.Header(stamp=builtin_interfaces.msg.Time(sec=1730344264, nanosec=118336720), frame_id='RU_myo')","geometry_msgs.msg.Quaternion(x=-0.3760821705429735, y=-0.1857828833386581, z=-0.5089498896718364, w=-0.7516760812085787)",[0. 0. 0. 0. 0. 0. 0. 0. 0.],"geometry_msgs.msg.Vector3(x=80.875, y=25.9375, z=25.0625)",[0. 0. 0. 0. 0. 0. 0. 0. 0.],"geometry_msgs.msg.Vector3(x=-0.033203125, y=1.24853515625, z=0.41650390625)",[0. 0. 0. 0. 0. 0. 0. 0. 0.],False,29.72250927,"[-0.3760821705429735, -0.1857828833386581, -0.5089498896718364, -0.7516760812085787]","[80.875, 25.9375, 25.0625]","[-0.033203125, 1.24853515625, 0.41650390625]"
29740199100,"std_msgs.msg.Header(stamp=builtin_interfaces.msg.Time(sec=1730344264, nanosec=136164495), frame_id='RU_myo')","geometry_msgs.msg.Quaternion(x=-0.37034444515836484, y=-0.18877313264252185, z=-0.5128550383430686, w=-0.7511254262630185)",[0. 0. 0. 0. 0. 0. 0. 0. 0.],"geometry_msgs.msg.Vector3(x=24.8125, y=11.8125, z=26.4375)",[0. 0. 0. 0. 0. 0. 0. 0. 0.],"geometry_msgs.msg.Vector3(x=-0.09033203125, y=1.07373046875, z=0.38134765625)",[0. 0. 0. 0. 0. 0. 0. 0. 0.],False,29.7401991,"[-0.37034444515836484, -0.18877313264252185, -0.5128550383430686, -0.7511254262630185]","[24.8125, 11.8125, 26.4375]","[-0.09033203125, 1.07373046875, 0.38134765625]"
29759729591,"std_msgs.msg.Header(stamp=builtin_interfaces.msg.Time(sec=1730344264, nanosec=155648758), frame_id='RU_myo')","geometry_msgs.msg.Quaternion(x=-0.36784286595428006, y=-0.18987210154036258, z=-0.5085838065367538, w=-0.7549720013032096)",[0. 0. 0. 0. 0. 0. 0. 0. 0.],"geometry_msgs.msg.Vector3(x=-30.0, y=-3.875, z=28.1875)",[0. 0. 0. 0. 0. 0. 0. 0. 0.],"geometry_msgs.msg.Vector3(x=-0.1201171875, y=0.9853515625, z=0.35791015625)",[0. 0. 0. 0. 0. 0. 0. 0. 0.],False,29.759729591,"[-0.36784286595428006, -0.18987210154036258, -0.5085838065367538, -0.7549720013032096]","[-30.0, -3.875, 28.1875]","[-0.1201171875, 0.9853515625, 0.35791015625]"
29782313872,"std_msgs.msg.Header(stamp=builtin_interfaces.msg.Time(sec=1730344264, nanosec=178201563), frame_id='RU_myo')","geometry_msgs.msg.Quaternion(x=-0.3683283620340516, y=-0.18987067676684916, z=-0.501744401703718, w=-0.7592996109470814)",[0. 0. 0. 0. 0. 0. 0. 0. 0.],"geometry_msgs.msg.Vector3(x=-41.9375, y=-11.5625, z=15.875)",[0. 0. 0. 0. 0. 0. 0. 0. 0.],"geometry_msgs.msg.Vector3(x=-0.11083984375, y=0.95751953125, z=0.4638671875)",[0. 0. 0. 0. 0. 0. 0. 0. 0.],False,29.782313872,"[-0.3683283620340516, -0.18987067676684916, -0.501744401703718, -0.7592996109470814]","[-41.9375, -11.5625, 15.875]","[-0.11083984375, 0.95751953125, 0.4638671875]"
29800399138,"std_msgs.msg.Header(stamp=builtin_interfaces.msg.Time(sec=1730344264, nanosec=196233150), frame_id='RU_myo')","geometry_msgs.msg.Quaternion(x=-0.3694338097253966, y=-0.1911559048504778, z=-0.4963217810485585, w=-0.7619991928666077)",[0. 0. 0. 0. 0. 0. 0. 0. 0.],"geometry_msgs.msg.Vector3(x=-28.75, y=-15.3125, z=6.6875)",[0. 0. 0. 0. 0. 0. 0. 0. 0.],"geometry_msgs.msg.Vector3(x=-0.017578125, y=0.9462890625, z=0.47607421875)",[0. 0. 0. 0. 0. 0. 0. 0. 0.],False,29.800399138,"[-0.3694338097253966, -0.1911559048504778, -0.4963217810485585, -0.7619991928666077]","[-28.75, -15.3125, 6.6875]","[-0.017578125, 0.9462890625, 0.47607421875]"
29819805793,"std_msgs.msg.Header(stamp=builtin_interfaces.msg.Time(sec=1730344264, nanosec=215701370), frame_id='RU_myo')","geometry_msgs.msg.Quaternion(x=-0.3696607626318925, y=-0.19163526410172402, z=-0.4928199865036374, w=-0.7640388125125742)",[0. 0. 0. 0. 0. 0. 0. 0. 0.],"geometry_msgs.msg.Vector3(x=-22.25, y=-5.5625, z=3.625)",[0. 0. 0. 0. 0. 0. 0. 0. 0.],"geometry_msgs.msg.Vector3(x=0.00537109375, y=0.89697265625, z=0.4140625)",[0. 0. 0. 0. 0. 0. 0. 0. 0.],False,29.819805793,"[-0.3696607626318925, -0.19163526410172402, -0.4928199865036374, -0.7640388125125742]","[-22.25, -5.5625, 3.625]","[0.00537109375, 0.89697265625, 0.4140625]"
29842460625,"std_msgs.msg.Header(stamp=builtin_interfaces.msg.Time(sec=1730344264, nanosec=238301041), frame_id='RU_myo')","geometry_msgs.msg.Quaternion(x=-0.36826200972787737, y=-0.19273639819698984, z=-0.49294866631953355, w=-0.7643542276817925)",[0. 0. 0. 0. 0. 0. 0. 0. 0.],"geometry_msgs.msg.Vector3(x=1.6875, y=0.0625, z=8.4375)",[0. 0. 0. 0. 0. 0. 0. 0. 0.],"geometry_msgs.msg.Vector3(x=-0.04296875, y=0.83642578125, z=0.38330078125)",[0. 0. 0. 0. 0. 0. 0. 0. 0.],False,29.842460625,"[-0.36826200972787737, -0.19273639819698984, -0.49294866631953355, -0.7643542276817925]","[1.6875, 0.0625, 8.4375]","[-0.04296875, 0.83642578125, 0.38330078125]"
29860275219,"std_msgs.msg.Header(stamp=builtin_interfaces.msg.Time(sec=1730344264, nanosec=256157115), frame_id='RU_myo')","geometry_msgs.msg.Quaternion(x=-0.36534215163108225, y=-0.1962203503999214, z=-0.4976611935181832, w=-0.7618110151452002)",[0. 0. 0. 0. 0. 0. 0. 0. 0.],"geometry_msgs.msg.Vector3(x=37.5625, y=-0.25, z=12.5625)",[0. 0. 0. 0. 0. 0. 0. 0. 0.],"geometry_msgs.msg.Vector3(x=-0.0673828125, y=0.78857421875, z=0.3583984375)",[0. 0. 0. 0. 0. 0. 0. 0. 0.],False,29.860275219,"[-0.36534215163108225, -0.1962203503999214, -0.4976611935181832, -0.7618110151452002]","[37.5625, -0.25, 12.5625]","[-0.0673828125, 0.78857421875, 0.3583984375]"
29882640510,"std_msgs.msg.Header(stamp=builtin_interfaces.msg.Time(sec=1730344264, nanosec=278583329), frame_id='RU_myo')","geometry_msgs.msg.Quaternion(x=-0.36142567455093133, y=-0.20189059969849388, z=-0.5052147473712613, w=-0.7572118109006087)",[0. 0. 0. 0. 0. 0. 0. 0. 0.],"geometry_msgs.msg.Vector3(x=60.5, y=-2.75, z=14.375)",[0. 0. 0. 0. 0. 0. 0. 0. 0.],"geometry_msgs.msg.Vector3(x=-0.0439453125, y=0.83544921875, z=0.34716796875)",[0. 0. 0. 0. 0. 0. 0. 0. 0.],False,29.88264051,"[-0.36142567455093133, -0.20189059969849388, -0.5052147473712613, -0.7572118109006087]","[60.5, -2.75, 14.375]","[-0.0439453125, 0.83544921875, 0.34716796875]"
29897656670,"std_msgs.msg.Header(stamp=builtin_interfaces.msg.Time(sec=1730344264, nanosec=293557782), frame_id='RU_myo')","geometry_msgs.msg.Quaternion(x=-0.35739709502894207, y=-0.20689483472474618, z=-0.5140024478028945, w=-0.7518399613493062)",[0. 0. 0. 0. 0. 0. 0. 0. 0.],"geometry_msgs.msg.Vector3(x=68.4375, y=2.1875, z=9.625)",[0. 0. 0. 0. 0. 0. 0. 0. 0.],"geometry_msgs.msg.Vector3(x=-0.041015625, y=0.96875, z=0.4013671875)",[0. 0. 0. 0. 0. 0. 0. 0. 0.],False,29.89765667,"[-0.35739709502894207, -0.20689483472474618, -0.5140024478028945, -0.7518399613493062]","[68.4375, 2.1875, 9.625]","[-0.041015625, 0.96875, 0.4013671875]"
29920387764,"std_msgs.msg.Header(stamp=builtin_interfaces.msg.Time(sec=1730344264, nanosec=316148403), frame_id='RU_myo')","geometry_msgs.msg.Quaternion(x=-0.3528753821927615, y=-0.2109806634798299, z=-0.5223556548232179, w=-0.7470680652752669)",[0. 0. 0. 0. 0. 0. 0. 0. 0.],"geometry_msgs.msg.Vector3(x=72.1875, y=8.0625, z=10.9375)",[0. 0. 0. 0. 0. 0. 0. 0. 0.],"geometry_msgs.msg.Vector3(x=-0.03955078125, y=0.88720703125, z=0.4775390625)",[0. 0. 0. 0. 0. 0. 0. 0. 0.],False,29.920387764,"[-0.3528753821927615, -0.2109806634798299, -0.5223556548232179, -0.7470680652752669]","[72.1875, 8.0625, 10.9375]","[-0.03955078125, 0.88720703125, 0.4775390625]"
29939843979,"std_msgs.msg.Header(stamp=builtin_interfaces.msg.Time(sec=1730344264, nanosec=335713253), frame_id='RU_myo')","geometry_msgs.msg.Quaternion(x=-0.347452419191841, y=-0.21483093545675044, z=-0.5299976828143241, w=-0.7431197358299414)",[0. 0. 0. 0. 0. 0. 0. 0. 0.],"geometry_msgs.msg.Vector3(x=69.0625, y=11.3125, z=16.5625)",[0. 0. 0. 0. 0. 0. 0. 0. 0.],"geometry_msgs.msg.Vector3(x=-0.02880859375, y=0.83154296875, z=0.45947265625)",[0. 0. 0. 0. 0. 0. 0. 0. 0.],False,29.939843979,"[-0.347452419191841, -0.21483093545675044, -0.5299976828143241, -0.7431197358299414]","[69.0625, 11.3125, 16.5625]","[-0.02880859375, 0.83154296875, 0.45947265625]"
29957703771,"std_msgs.msg.Header(stamp=builtin_interfaces.msg.Time(sec=1730344264, nanosec=353627594), frame_id='RU_myo')","geometry_msgs.msg.Quaternion(x=-0.34329765098217857, y=-0.21751339166230835, z=-0.5349340285971191, w=-0.7407295271059025)",[0. 0. 0. 0. 0. 0. 0. 0. 0.],"geometry_msgs.msg.Vector3(x=39.875, y=7.1875, z=17.5)",[0. 0. 0. 0. 0. 0. 0. 0. 0.],"geometry_msgs.msg.Vector3(x=-0.0830078125, y=0.84619140625, z=0.322265625)",[0. 0. 0. 0. 0. 0. 0. 0. 0.],False,29.957703771,"[-0.34329765098217857, -0.21751339166230835, -0.5349340285971191, -0.7407295271059025]","[39.875, 7.1875, 17.5]","[-0.0830078125, 0.84619140625, 0.322265625]"
29986316825,"std_msgs.msg.Header(stamp=builtin_interfaces.msg.Time(sec=1730344264, nanosec=382219642), frame_id='RU_myo')","geometry_msgs.msg.Quaternion(x=-0.3422645057743784, y=-0.21953021171013534, z=-0.535856341066163, w=-0.739945589873139)",[0. 0. 0. 0. 0. 0. 0. 0. 0.],"geometry_msgs.msg.Vector3(x=1.375, y=-6.9375, z=13.125)",[0. 0. 0. 0. 0. 0. 0. 0. 0.],"geometry_msgs.msg.Vector3(x=-0.1328125, y=1.17724609375, z=0.2548828125)",[0. 0. 0. 0. 0. 0. 0. 0. 0.],False,29.986316825,"[-0.3422645057743784, -0.21953021171013534, -0.535856341066163, -0.739945589873139]","[1.375, -6.9375, 13.125]","[-0.1328125, 1.17724609375, 0.2548828125]"
30000053609,"std_msgs.msg.Header(stamp=builtin_interfaces.msg.Time(sec=1730344264, nanosec=395786669), frame_id='RU_myo')","geometry_msgs.msg.Quaternion(x=-0.3443490881185245, y=-0.22045177353493625, z=-0.5323312205901756, w=-0.7412477269052605)",[0. 0. 0. 0. 0. 0. 0. 0. 0.],"geometry_msgs.msg.Vector3(x=-28.5, y=-16.9375, z=4.1875)",[0. 0. 0. 0. 0. 0. 0. 0. 0.],"geometry_msgs.msg.Vector3(x=-0.09521484375, y=1.23828125, z=0.3125)",[0. 0. 0. 0. 0. 0. 0. 0. 0.],False,30.000053609,"[-0.3443490881185245, -0.22045177353493625, -0.5323312205901756, -0.7412477269052605]","[-28.5, -16.9375, 4.1875]","[-0.09521484375, 1.23828125, 0.3125]"
30017718812,"std_msgs.msg.Header(stamp=builtin_interfaces.msg.Time(sec=1730344264, nanosec=413661985), frame_id='RU_myo')","geometry_msgs.msg.Quaternion(x=-0.34775986955108834, y=-0.21910458611590158, z=-0.5237148895433291, w=-0.7461762311568281)",[0. 0. 0. 0. 0. 0. 0. 0. 0.],"geometry_msgs.msg.Vector3(x=-63.375, y=-14.625, z=-0.8125)",[0. 0. 0. 0. 0. 0. 0. 0. 0.],"geometry_msgs.msg.Vector3(x=-0.00146484375, y=1.03759765625, z=0.32470703125)",[0. 0. 0. 0. 0. 0. 0. 0. 0.],False,30.017718812,"[-0.34775986955108834, -0.21910458611590158, -0.5237148895433291, -0.7461762311568281]","[-63.375, -14.625, -0.8125]","[-0.00146484375, 1.03759765625, 0.32470703125]"
30040004387,"std_msgs.msg.Header(stamp=builtin_interfaces.msg.Time(sec=1730344264, nanosec=435981481), frame_id='RU_myo')","geometry_msgs.msg.Quaternion(x=-0.350932324070784, y=-0.21678462871294343, z=-0.5151686517359109, w=-0.751300332054148)",[0. 0. 0. 0. 0. 0. 0. 0. 0.],"geometry_msgs.msg.Vector3(x=-63.375, y=-9.1875, z=-3.0625)",[0. 0. 0. 0. 0. 0. 0. 0. 0.],"geometry_msgs.msg.Vector3(x=0.013671875, y=0.8896484375, z=0.3154296875)",[0. 0. 0. 0. 0. 0. 0. 0. 0.],False,30.040004387,"[-0.350932324070784, -0.21678462871294343, -0.5151686517359109, -0.751300332054148]","[-63.375, -9.1875, -3.0625]","[0.013671875, 0.8896484375, 0.3154296875]"
30059634950,"std_msgs.msg.Header(stamp=builtin_interfaces.msg.Time(sec=1730344264, nanosec=455568107), frame_id='RU_myo')","geometry_msgs.msg.Quaternion(x=-0.35325987880044724, y=-0.2157521892811992, z=-0.5108474750448762, w=-0.7534542508278371)",[0. 0. 0. 0. 0. 0. 0. 0. 0.],"geometry_msgs.msg.Vector3(x=-24.375, y=-6.75, z=-6.875)",[0. 0. 0. 0. 0. 0. 0. 0. 0.],"geometry_msgs.msg.Vector3(x=0.021484375, y=0.82470703125, z=0.43017578125)",[0. 0. 0. 0. 0. 0. 0. 0. 0.],False,30.05963495,"[-0.35325987880044724, -0.2157521892811992, -0.5108474750448762, -0.7534542508278371]","[-24.375, -6.75, -6.875]","[0.021484375, 0.82470703125, 0.43017578125]"
30077912089,"std_msgs.msg.Header(stamp=builtin_interfaces.msg.Time(sec=1730344264, nanosec=473729560), frame_id='RU_myo')","geometry_msgs.msg.Quaternion(x=-0.353612852367257, y=-0.2168426759511329, z=-0.5116217710380938, w=-0.7524495783286005)",[0. 0. 0. 0. 0. 0. 0. 0. 0.],"geometry_msgs.msg.Vector3(x=16.8125, y=-3.375, z=-5.8125)",[0. 0. 0. 0. 0. 0. 0. 0. 0.],"geometry_msgs.msg.Vector3(x=0.04052734375, y=0.76123046875, z=0.45263671875)",[0. 0. 0. 0. 0. 0. 0. 0. 0.],False,30.077912089,"[-0.353612852367257, -0.2168426759511329, -0.5116217710380938, -0.7524495783286005]","[16.8125, -3.375, -5.8125]","[0.04052734375, 0.76123046875, 0.45263671875]"
30100173577,"std_msgs.msg.Header(stamp=builtin_interfaces.msg.Time(sec=1730344264, nanosec=496119510), frame_id='RU_myo')","geometry_msgs.msg.Quaternion(x=-0.3517235627921411, y=-0.22014001231845448, z=-0.5171184708550776, w=-0.7486103108118)",[0. 0. 0. 0. 0. 0. 0. 0. 0.],"geometry_msgs.msg.Vector3(x=47.875, y=-1.25, z=1.1875)",[0. 0. 0. 0. 0. 0. 0. 0. 0.],"geometry_msgs.msg.Vector3(x=-0.00341796875, y=0.82958984375, z=0.39013671875)",[0. 0. 0. 0. 0. 0. 0. 0. 0.],False,30.100173577,"[-0.3517235627921411, -0.22014001231845448, -0.5171184708550776, -0.7486103108118]","[47.875, -1.25, 1.1875]","[-0.00341796875, 0.82958984375, 0.39013671875]"
30119836845,"std_msgs.msg.Header(stamp=builtin_interfaces.msg.Time(sec=1730344264, nanosec=515739363), frame_id='RU_myo')","geometry_msgs.msg.Quaternion(x=-0.34946476309764285, y=-0.22367941962152657, z=-0.5245633319637165, w=-0.7434212852414229)",[0. 0. 0. 0. 0. 0. 0. 0. 0.],"geometry_msgs.msg.Vector3(x=54.25, y=-1.1875, z=2.5)",[0. 0. 0. 0. 0. 0. 0. 0. 0.],"geometry_msgs.msg.Vector3(x=-0.068359375, y=0.97021484375, z=0.3154296875)",[0. 0. 0. 0. 0. 0. 0. 0. 0.],False,30.119836845,"[-0.34946476309764285, -0.22367941962152657, -0.5245633319637165, -0.7434212852414229]","[54.25, -1.1875, 2.5]","[-0.068359375, 0.97021484375, 0.3154296875]"
30142926511,"std_msgs.msg.Header(stamp=builtin_interfaces.msg.Time(sec=1730344264, nanosec=538860032), frame_id='RU_myo')","geometry_msgs.msg.Quaternion(x=-0.3486092469696276, y=-0.22459419272553036, z=-0.5293831597014268, w=-0.7401233084735073)",[0. 0. 0. 0. 0. 0. 0. 0. 0.],"geometry_msgs.msg.Vector3(x=32.375, y=2.6875, z=-2.5625)",[0. 0. 0. 0. 0. 0. 0. 0. 0.],"geometry_msgs.msg.Vector3(x=-0.09765625, y=0.99365234375, z=0.34423828125)",[0. 0. 0. 0. 0. 0. 0. 0. 0.],False,30.142926511,"[-0.3486092469696276, -0.22459419272553036, -0.5293831597014268, -0.7401233084735073]","[32.375, 2.6875, -2.5625]","[-0.09765625, 0.99365234375, 0.34423828125]"
30159598124,"std_msgs.msg.Header(stamp=builtin_interfaces.msg.Time(sec=1730344264, nanosec=555391053), frame_id='RU_myo')","geometry_msgs.msg.Quaternion(x=-0.3486886700141441, y=-0.2241788000983636, z=-0.5308148718909524, w=-0.7391858012500085)",[0. 0. 0. 0. 0. 0. 0. 0. 0.],"geometry_msgs.msg.Vector3(x=6.5625, y=2.5625, z=-3.6875)",[0. 0. 0. 0. 0. 0. 0. 0. 0.],"geometry_msgs.msg.Vector3(x=-0.0615234375, y=0.9287109375, z=0.30810546875)",[0. 0. 0. 0. 0. 0. 0. 0. 0.],False,30.159598124,"[-0.3486886700141441, -0.2241788000983636, -0.5308148718909524, -0.7391858012500085]","[6.5625, 2.5625, -3.6875]","[-0.0615234375, 0.9287109375, 0.30810546875]"
30180433680,"std_msgs.msg.Header(stamp=builtin_interfaces.msg.Time(sec=1730344264, nanosec=576342820), frame_id='RU_myo')","geometry_msgs.msg.Quaternion(x=-0.3486715475083527, y=-0.22361851042720188, z=-0.5297512747019958, w=-0.7401260032616478)",[0. 0. 0. 0. 0. 0. 0. 0. 0.],"geometry_msgs.msg.Vector3(x=-11.4375, y=1.4375, z=1.6875)",[0. 0. 0. 0. 0. 0. 0. 0. 0.],"geometry_msgs.msg.Vector3(x=-0.0380859375, y=0.908203125, z=0.283203125)",[0. 0. 0. 0. 0. 0. 0. 0. 0.],False,30.18043368,"[-0.3486715475083527, -0.22361851042720188, -0.5297512747019958, -0.7401260032616478]","[-11.4375, 1.4375, 1.6875]","[-0.0380859375, 0.908203125, 0.283203125]"
30196560579,"std_msgs.msg.Header(stamp=builtin_interfaces.msg.Time(sec=1730344264, nanosec=592515689), frame_id='RU_myo')","geometry_msgs.msg.Quaternion(x=-0.3485478881268489, y=-0.2238005788410357, z=-0.528650290133911, w=-0.7409160150341352)",[0. 0. 0. 0. 0. 0. 0. 0. 0.],"geometry_msgs.msg.Vector3(x=-10.3125, y=-1.875, z=4.375)",[0. 0. 0. 0. 0. 0. 0. 0. 0.],"geometry_msgs.msg.Vector3(x=-0.04443359375, y=0.91650390625, z=0.27734375)",[0. 0. 0. 0. 0. 0. 0. 0. 0.],False,30.196560579,"[-0.3485478881268489, -0.2238005788410357, -0.528650290133911, -0.7409160150341352]","[-10.3125, -1.875, 4.375]","[-0.04443359375, 0.91650390625, 0.27734375]"
30219373299,"std_msgs.msg.Header(stamp=builtin_interfaces.msg.Time(sec=1730344264, nanosec=615318315), frame_id='RU_myo')","geometry_msgs.msg.Quaternion(x=-0.3483772163274501, y=-0.22441889005536686, z=-0.527692609034186, w=-0.7414917311076018)",[0. 0. 0. 0. 0. 0. 0. 0. 0.],"geometry_msgs.msg.Vector3(x=-6.9375, y=-3.0625, z=3.4375)",[0. 0. 0. 0. 0. 0. 0. 0. 0.],"geometry_msgs.msg.Vector3(x=-0.0087890625, y=0.8837890625, z=0.28125)",[0. 0. 0. 0. 0. 0. 0. 0. 0.],False,30.219373299,"[-0.3483772163274501, -0.22441889005536686, -0.527692609034186, -0.7414917311076018]","[-6.9375, -3.0625, 3.4375]","[-0.0087890625, 0.8837890625, 0.28125]"
30240583595,"std_msgs.msg.Header(stamp=builtin_interfaces.msg.Time(sec=1730344264, nanosec=636392591), frame_id='RU_myo')","geometry_msgs.msg.Quaternion(x=-0.34763550596977316, y=-0.22563350870264245, z=-0.5274343473649543, w=-0.7416549628765245)",[0. 0. 0. 0. 0. 0. 0. 0. 0.],"geometry_msgs.msg.Vector3(x=-1.25, y=-2.0625, z=4.1875)",[0. 0. 0. 0. 0. 0. 0. 0. 0.],"geometry_msgs.msg.Vector3(x=0.017578125, y=0.9296875, z=0.29052734375)",[0. 0. 0. 0. 0. 0. 0. 0. 0.],False,30.240583595,"[-0.34763550596977316, -0.22563350870264245, -0.5274343473649543, -0.7416549628765245]","[-1.25, -2.0625, 4.1875]","[0.017578125, 0.9296875, 0.29052734375]"
30256957537,"std_msgs.msg.Header(stamp=builtin_interfaces.msg.Time(sec=1730344264, nanosec=652823155), frame_id='RU_myo')","geometry_msgs.msg.Quaternion(x=-0.3467329222836915, y=-0.22680153832180913, z=-0.528003258348216, w=-0.7413163305857625)",[0. 0. 0. 0. 0. 0. 0. 0. 0.],"geometry_msgs.msg.Vector3(x=4.0625, y=-0.8125, z=3.625)",[0. 0. 0. 0. 0. 0. 0. 0. 0.],"geometry_msgs.msg.Vector3(x=0.0, y=0.97705078125, z=0.31298828125)",[0. 0. 0. 0. 0. 0. 0. 0. 0.],False,30.256957537,"[-0.3467329222836915, -0.22680153832180913, -0.528003258348216, -0.7413163305857625]","[4.0625, -0.8125, 3.625]","[0.0, 0.97705078125, 0.31298828125]"
30286795163,"std_msgs.msg.Header(stamp=builtin_interfaces.msg.Time(sec=1730344264, nanosec=682766233), frame_id='RU_myo')","geometry_msgs.msg.Quaternion(x=-0.3461760054715518, y=-0.2280171996547457, z=-0.5291512636527423, w=-0.7403845420266917)",[0. 0. 0. 0. 0. 0. 0. 0. 0.],"geometry_msgs.msg.Vector3(x=7.9375, y=-1.875, z=0.625)",[0. 0. 0. 0. 0. 0. 0. 0. 0.],"geometry_msgs.msg.Vector3(x=0.00048828125, y=0.9833984375, z=0.3095703125)",[0. 0. 0. 0. 0. 0. 0. 0. 0.],False,30.286795163,"[-0.3461760054715518, -0.2280171996547457, -0.5291512636527423, -0.7403845420266917]","[7.9375, -1.875, 0.625]","[0.00048828125, 0.9833984375, 0.3095703125]"
30300347924,"std_msgs.msg.Header(stamp=builtin_interfaces.msg.Time(sec=1730344264, nanosec=696253843), frame_id='RU_myo')","geometry_msgs.msg.Quaternion(x=-0.34562172218510595, y=-0.22929556953018596, z=-0.5304252847449683, w=-0.7393363133587098)",[0. 0. 0. 0. 0. 0. 0. 0. 0.],"geometry_msgs.msg.Vector3(x=15.0, y=-1.375, z=-0.1875)",[0. 0. 0. 0. 0. 0. 0. 0. 0.],"geometry_msgs.msg.Vector3(x=0.015625, y=0.9326171875, z=0.37646484375)",[0. 0. 0. 0. 0. 0. 0. 0. 0.],False,30.300347924,"[-0.34562172218510595, -0.22929556953018596, -0.5304252847449683, -0.7393363133587098]","[15.0, -1.375, -0.1875]","[0.015625, 0.9326171875, 0.37646484375]"
30317074889,"std_msgs.msg.Header(stamp=builtin_interfaces.msg.Time(sec=1730344264, nanosec=712938434), frame_id='RU_myo')","geometry_msgs.msg.Quaternion(x=-0.344586383728718, y=-0.23021251141068444, z=-0.5321375628286737, w=-0.7383034863560577)",[0. 0. 0. 0. 0. 0. 0. 0. 0.],"geometry_msgs.msg.Vector3(x=18.9375, y=2.375, z=0.3125)",[0. 0. 0. 0. 0. 0. 0. 0. 0.],"geometry_msgs.msg.Vector3(x=0.01025390625, y=0.9111328125, z=0.39697265625)",[0. 0. 0. 0. 0. 0. 0. 0. 0.],False,30.317074889,"[-0.344586383728718, -0.23021251141068444, -0.5321375628286737, -0.7383034863560577]","[18.9375, 2.375, 0.3125]","[0.01025390625, 0.9111328125, 0.39697265625]"
30339532306,"std_msgs.msg.Header(stamp=builtin_interfaces.msg.Time(sec=1730344264, nanosec=735410388), frame_id='RU_myo')","geometry_msgs.msg.Quaternion(x=-0.3432481021562973, y=-0.2307037386470135, z=-0.5344636611989145, w=-0.7370923417036989)",[0. 0. 0. 0. 0. 0. 0. 0. 0.],"geometry_msgs.msg.Vector3(x=17.0, y=4.75, z=1.3125)",[0. 0. 0. 0. 0. 0. 0. 0. 0.],"geometry_msgs.msg.Vector3(x=-0.02099609375, y=0.93798828125, z=0.330078125)",[0. 0. 0. 0. 0. 0. 0. 0. 0.],False,30.339532306,"[-0.3432481021562973, -0.2307037386470135, -0.5344636611989145, -0.7370923417036989]","[17.0, 4.75, 1.3125]","[-0.02099609375, 0.93798828125, 0.330078125]"
30360523943,"std_msgs.msg.Header(stamp=builtin_interfaces.msg.Time(sec=1730344264, nanosec=756370496), frame_id='RU_myo')","geometry_msgs.msg.Quaternion(x=-0.34208460645085936, y=-0.23057906211799226, z=-0.5365326985387162, w=-0.7361685143640081)",[0. 0. 0. 0. 0. 0. 0. 0. 0.],"geometry_msgs.msg.Vector3(x=13.6875, y=6.5625, z=1.375)",[0. 0. 0. 0. 0. 0. 0. 0. 0.],"geometry_msgs.msg.Vector3(x=-0.05126953125, y=0.91357421875, z=0.318359375)",[0. 0. 0. 0. 0. 0. 0. 0. 0.],False,30.360523943,"[-0.34208460645085936, -0.23057906211799226, -0.5365326985387162, -0.7361685143640081]","[13.6875, 6.5625, 1.375]","[-0.05126953125, 0.91357421875, 0.318359375]"
30376765233,"std_msgs.msg.Header(stamp=builtin_interfaces.msg.Time(sec=1730344264, nanosec=772761424), frame_id='RU_myo')","geometry_msgs.msg.Quaternion(x=-0.3409793419213229, y=-0.23057453978499334, z=-0.537925885035715, w=-0.7356658291604843)",[0. 0. 0. 0. 0. 0. 0. 0. 0.],"geometry_msgs.msg.Vector3(x=11.5, y=5.4375, z=2.6875)",[0. 0. 0. 0. 0. 0. 0. 0. 0.],"geometry_msgs.msg.Vector3(x=-0.03662109375, y=0.85595703125, z=0.32177734375)",[0. 0. 0. 0. 0. 0. 0. 0. 0.],False,30.376765233,"[-0.3409793419213229, -0.23057453978499334, -0.537925885035715, -0.7356658291604843]","[11.5, 5.4375, 2.6875]","[-0.03662109375, 0.85595703125, 0.32177734375]"
30399499250,"std_msgs.msg.Header(stamp=builtin_interfaces.msg.Time(sec=1730344264, nanosec=795390673), frame_id='RU_myo')","geometry_msgs.msg.Quaternion(x=-0.339511292153623, y=-0.23099950400889147, z=-0.5383478533322145, w=-0.7359027792177578)",[0. 0. 0. 0. 0. 0. 0. 0. 0.],"geometry_msgs.msg.Vector3(x=1.3125, y=3.125, z=8.5625)",[0. 0. 0. 0. 0. 0. 0. 0. 0.],"geometry_msgs.msg.Vector3(x=-0.041015625, y=0.91943359375, z=0.26806640625)",[0. 0. 0. 0. 0. 0. 0. 0. 0.],False,30.39949925,"[-0.339511292153623, -0.23099950400889147, -0.5383478533322145, -0.7359027792177578]","[1.3125, 3.125, 8.5625]","[-0.041015625, 0.91943359375, 0.26806640625]"
30420196324,"std_msgs.msg.Header(stamp=builtin_interfaces.msg.Time(sec=1730344264, nanosec=816237798), frame_id='RU_myo')","geometry_msgs.msg.Quaternion(x=-0.3389125939374096, y=-0.2313736077105564, z=-0.5376949311342659, w=-0.7365383006729082)",[0. 0. 0. 0. 0. 0. 0. 0. 0.],"geometry_msgs.msg.Vector3(x=-9.375, y=-1.125, z=8.8125)",[0. 0. 0. 0. 0. 0. 0. 0. 0.],"geometry_msgs.msg.Vector3(x=-0.0703125, y=0.98291015625, z=0.2333984375)",[0. 0. 0. 0. 0. 0. 0. 0. 0.],False,30.420196324,"[-0.3389125939374096, -0.2313736077105564, -0.5376949311342659, -0.7365383006729082]","[-9.375, -1.125, 8.8125]","[-0.0703125, 0.98291015625, 0.2333984375]"
30436813780,"std_msgs.msg.Header(stamp=builtin_interfaces.msg.Time(sec=1730344264, nanosec=832806475), frame_id='RU_myo')","geometry_msgs.msg.Quaternion(x=-0.3389582033244358, y=-0.23179028740118965, z=-0.5373653187381451, w=-0.7366268480601261)",[0. 0. 0. 0. 0. 0. 0. 0. 0.],"geometry_msgs.msg.Vector3(x=-2.8125, y=-2.25, z=0.5625)",[0. 0. 0. 0. 0. 0. 0. 0. 0.],"geometry_msgs.msg.Vector3(x=-0.0107421875, y=1.02001953125, z=0.3125)",[0. 0. 0. 0. 0. 0. 0. 0. 0.],False,30.43681378,"[-0.3389582033244358, -0.23179028740118965, -0.5373653187381451, -0.7366268480601261]","[-2.8125, -2.25, 0.5625]","[-0.0107421875, 1.02001953125, 0.3125]"
30459577736,"std_msgs.msg.Header(stamp=builtin_interfaces.msg.Time(sec=1730344264, nanosec=855453128), frame_id='RU_myo')","geometry_msgs.msg.Quaternion(x=-0.3378636093719246, y=-0.2322202011669388, z=-0.5387752788178017, w=-0.7359641014118568)",[0. 0. 0. 0. 0. 0. 0. 0. 0.],"geometry_msgs.msg.Vector3(x=16.8125, y=4.625, z=-0.25)",[0. 0. 0. 0. 0. 0. 0. 0. 0.],"geometry_msgs.msg.Vector3(x=0.025390625, y=0.87060546875, z=0.3837890625)",[0. 0. 0. 0. 0. 0. 0. 0. 0.],False,30.459577736,"[-0.3378636093719246, -0.2322202011669388, -0.5387752788178017, -0.7359641014118568]","[16.8125, 4.625, -0.25]","[0.025390625, 0.87060546875, 0.3837890625]"
30482001048,"std_msgs.msg.Header(stamp=builtin_interfaces.msg.Time(sec=1730344264, nanosec=877853576), frame_id='RU_myo')","geometry_msgs.msg.Quaternion(x=-0.3361711856666855, y=-0.23204844733201496, z=-0.5409377666237898, w=-0.7352066271860738)",[0. 0. 0. 0. 0. 0. 0. 0. 0.],"geometry_msgs.msg.Vector3(x=10.3125, y=7.9375, z=5.375)",[0. 0. 0. 0. 0. 0. 0. 0. 0.],"geometry_msgs.msg.Vector3(x=-0.07080078125, y=0.92529296875, z=0.2509765625)",[0. 0. 0. 0. 0. 0. 0. 0. 0.],False,30.482001048,"[-0.3361711856666855, -0.23204844733201496, -0.5409377666237898, -0.7352066271860738]","[10.3125, 7.9375, 5.375]","[-0.07080078125, 0.92529296875, 0.2509765625]"
30503083772,"std_msgs.msg.Header(stamp=builtin_interfaces.msg.Time(sec=1730344264, nanosec=898974947), frame_id='RU_myo')","geometry_msgs.msg.Quaternion(x=-0.3358498141583204, y=-0.2320982815271838, z=-0.5432308187939687, w=-0.7336453963287606)",[0. 0. 0. 0. 0. 0. 0. 0. 0.],"geometry_msgs.msg.Vector3(x=4.5625, y=-0.25, z=4.875)",[0. 0. 0. 0. 0. 0. 0. 0. 0.],"geometry_msgs.msg.Vector3(x=-0.1689453125, y=1.06982421875, z=0.18505859375)",[0. 0. 0. 0. 0. 0. 0. 0. 0.],False,30.503083772,"[-0.3358498141583204, -0.2320982815271838, -0.5432308187939687, -0.7336453963287606]","[4.5625, -0.25, 4.875]","[-0.1689453125, 1.06982421875, 0.18505859375]"
30519469603,"std_msgs.msg.Header(stamp=builtin_interfaces.msg.Time(sec=1730344264, nanosec=915383187), frame_id='RU_myo')","geometry_msgs.msg.Quaternion(x=-0.33744490096152896, y=-0.23210398957437053, z=-0.5455023557233036, w=-0.7312221664713472)",[0. 0. 0. 0. 0. 0. 0. 0. 0.],"geometry_msgs.msg.Vector3(x=6.125, y=-6.375, z=-7.1875)",[0. 0. 0. 0. 0. 0. 0. 0. 0.],"geometry_msgs.msg.Vector3(x=-0.138671875, y=1.10498046875, z=0.2138671875)",[0. 0. 0. 0. 0. 0. 0. 0. 0.],False,30.519469603,"[-0.33744490096152896, -0.23210398957437053, -0.5455023557233036, -0.7312221664713472]","[6.125, -6.375, -7.1875]","[-0.138671875, 1.10498046875, 0.2138671875]"
30541558196,"std_msgs.msg.Header(stamp=builtin_interfaces.msg.Time(sec=1730344264, nanosec=937651311), frame_id='RU_myo')","geometry_msgs.msg.Quaternion(x=-0.3403662006005422, y=-0.23191528819832533, z=-0.5461605037070562, w=-0.7294346117227327)",[0. 0. 0. 0. 0. 0. 0. 0. 0.],"geometry_msgs.msg.Vector3(x=2.75, y=-9.9375, z=-16.25)",[0. 0. 0. 0. 0. 0. 0. 0. 0.],"geometry_msgs.msg.Vector3(x=-0.0517578125, y=1.01953125, z=0.29638671875)",[0. 0. 0. 0. 0. 0. 0. 0. 0.],False,30.541558196,"[-0.3403662006005422, -0.23191528819832533, -0.5461605037070562, -0.7294346117227327]","[2.75, -9.9375, -16.25]","[-0.0517578125, 1.01953125, 0.29638671875]"
30570335819,"std_msgs.msg.Header(stamp=builtin_interfaces.msg.Time(sec=1730344264, nanosec=966274666), frame_id='RU_myo')","geometry_msgs.msg.Quaternion(x=-0.34398622328630757, y=-0.23150101932664383, z=-0.545153468132239, w=-0.7286209250517991)",[0. 0. 0. 0. 0. 0. 0. 0. 0.],"geometry_msgs.msg.Vector3(x=-11.5, y=-12.25, z=-18.125)",[0. 0. 0. 0. 0. 0. 0. 0. 0.],"geometry_msgs.msg.Vector3(x=-0.02197265625, y=1.05126953125, z=0.26806640625)",[0. 0. 0. 0. 0. 0. 0. 0. 0.],False,30.570335819,"[-0.34398622328630757, -0.23150101932664383, -0.545153468132239, -0.7286209250517991]","[-11.5, -12.25, -18.125]","[-0.02197265625, 1.05126953125, 0.26806640625]"
30579234656,"std_msgs.msg.Header(stamp=builtin_interfaces.msg.Time(sec=1730344264, nanosec=975219054), frame_id='RU_myo')","geometry_msgs.msg.Quaternion(x=-0.3490310338499744, y=-0.23014443585386493, z=-0.5432287519319151, w=-0.7280888676045103)",[0. 0. 0. 0. 0. 0. 0. 0. 0.],"geometry_msgs.msg.Vector3(x=-19.25, y=-14.3125, z=-25.5625)",[0. 0. 0. 0. 0. 0. 0. 0. 0.],"geometry_msgs.msg.Vector3(x=-0.02587890625, y=1.1513671875, z=0.31396484375)",[0. 0. 0. 0. 0. 0. 0. 0. 0.],False,30.579234656,"[-0.3490310338499744, -0.23014443585386493, -0.5432287519319151, -0.7280888676045103]","[-19.25, -14.3125, -25.5625]","[-0.02587890625, 1.1513671875, 0.31396484375]"
30602173793,"std_msgs.msg.Header(stamp=builtin_interfaces.msg.Time(sec=1730344264, nanosec=997942521), frame_id='RU_myo')","geometry_msgs.msg.Quaternion(x=-0.35557479741562664, y=-0.2277119068241852, z=-0.5411133116867398, w=-0.7272621500179552)",[0. 0. 0. 0. 0. 0. 0. 0. 0.],"geometry_msgs.msg.Vector3(x=-17.4375, y=-14.3125, z=-37.1875)",[0. 0. 0. 0. 0. 0. 0. 0. 0.],"geometry_msgs.msg.Vector3(x=-0.015625, y=1.13037109375, z=0.40185546875)",[0. 0. 0. 0. 0. 0. 0. 0. 0.],False,30.602173793,"[-0.35557479741562664, -0.2277119068241852, -0.5411133116867398, -0.7272621500179552]","[-17.4375, -14.3125, -37.1875]","[-0.015625, 1.13037109375, 0.40185546875]"
30623006050,"std_msgs.msg.Header(stamp=builtin_interfaces.msg.Time(sec=1730344265, nanosec=18863767), frame_id='RU_myo')","geometry_msgs.msg.Quaternion(x=-0.36277298631135, y=-0.22410874928251637, z=-0.5389107451428703, w=-0.7264614495397038)",[0. 0. 0. 0. 0. 0. 0. 0. 0.],"geometry_msgs.msg.Vector3(x=-19.625, y=-11.6875, z=-42.625)",[0. 0. 0. 0. 0. 0. 0. 0. 0.],"geometry_msgs.msg.Vector3(x=-0.0302734375, y=1.02587890625, z=0.4072265625)",[0. 0. 0. 0. 0. 0. 0. 0. 0.],False,30.62300605,"[-0.36277298631135, -0.22410874928251637, -0.5389107451428703, -0.7264614495397038]","[-19.625, -11.6875, -42.625]","[-0.0302734375, 1.02587890625, 0.4072265625]"
30638524816,"std_msgs.msg.Header(stamp=builtin_interfaces.msg.Time(sec=1730344265, nanosec=34518210), frame_id='RU_myo')","geometry_msgs.msg.Quaternion(x=-0.37053836418746466, y=-0.21972296344504574, z=-0.5372836797796493, w=-0.7250857793686509)",[0. 0. 0. 0. 0. 0. 0. 0. 0.],"geometry_msgs.msg.Vector3(x=-20.9375, y=-10.6875, z=-47.0)",[0. 0. 0. 0. 0. 0. 0. 0. 0.],"geometry_msgs.msg.Vector3(x=-0.0830078125, y=1.04052734375, z=0.3681640625)",[0. 0. 0. 0. 0. 0. 0. 0. 0.],False,30.638524816,"[-0.37053836418746466, -0.21972296344504574, -0.5372836797796493, -0.7250857793686509]","[-20.9375, -10.6875, -47.0]","[-0.0830078125, 1.04052734375, 0.3681640625]"
30662120550,"std_msgs.msg.Header(stamp=builtin_interfaces.msg.Time(sec=1730344265, nanosec=57918921), frame_id='RU_myo')","geometry_msgs.msg.Quaternion(x=-0.378947963831727, y=-0.2146497002409702, z=-0.5374481832021563, w=-0.7221311496306964)",[0. 0. 0. 0. 0. 0. 0. 0. 0.],"geometry_msgs.msg.Vector3(x=-14.875, y=-9.0, z=-55.5625)",[0. 0. 0. 0. 0. 0. 0. 0. 0.],"geometry_msgs.msg.Vector3(x=-0.1435546875, y=1.12158203125, z=0.3447265625)",[0. 0. 0. 0. 0. 0. 0. 0. 0.],False,30.66212055,"[-0.378947963831727, -0.2146497002409702, -0.5374481832021563, -0.7221311496306964]","[-14.875, -9.0, -55.5625]","[-0.1435546875, 1.12158203125, 0.3447265625]"
30683561956,"std_msgs.msg.Header(stamp=builtin_interfaces.msg.Time(sec=1730344265, nanosec=79539418), frame_id='RU_myo')","geometry_msgs.msg.Quaternion(x=-0.38876208146225827, y=-0.20896724755522328, z=-0.5395675921833321, w=-0.7169822500814145)",[0. 0. 0. 0. 0. 0. 0. 0. 0.],"geometry_msgs.msg.Vector3(x=-0.75, y=-8.9375, z=-70.6875)",[0. 0. 0. 0. 0. 0. 0. 0. 0.],"geometry_msgs.msg.Vector3(x=-0.15625, y=1.07470703125, z=0.365234375)",[0. 0. 0. 0. 0. 0. 0. 0. 0.],False,30.683561956,"[-0.38876208146225827, -0.20896724755522328, -0.5395675921833321, -0.7169822500814145]","[-0.75, -8.9375, -70.6875]","[-0.15625, 1.07470703125, 0.365234375]"
30699316593,"std_msgs.msg.Header(stamp=builtin_interfaces.msg.Time(sec=1730344265, nanosec=95315764), frame_id='RU_myo')","geometry_msgs.msg.Quaternion(x=-0.399446118136165, y=-0.20341541814329075, z=-0.5427462686913546, w=-0.7102756184673321)",[0. 0. 0. 0. 0. 0. 0. 0. 0.],"geometry_msgs.msg.Vector3(x=9.6875, y=-11.1875, z=-79.75)",[0. 0. 0. 0. 0. 0. 0. 0. 0.],"geometry_msgs.msg.Vector3(x=-0.142578125, y=0.92041015625, z=0.34033203125)",[0. 0. 0. 0. 0. 0. 0. 0. 0.],False,30.699316593,"[-0.399446118136165, -0.20341541814329075, -0.5427462686913546, -0.7102756184673321]","[9.6875, -11.1875, -79.75]","[-0.142578125, 0.92041015625, 0.34033203125]"
30721969418,"std_msgs.msg.Header(stamp=builtin_interfaces.msg.Time(sec=1730344265, nanosec=117887720), frame_id='RU_myo')","geometry_msgs.msg.Quaternion(x=-0.4093505211213953, y=-0.19915174450858997, z=-0.5464313725361343, w=-0.702981855117971)",[0. 0. 0. 0. 0. 0. 0. 0. 0.],"geometry_msgs.msg.Vector3(x=15.8125, y=-13.4375, z=-75.8125)",[0. 0. 0. 0. 0. 0. 0. 0. 0.],"geometry_msgs.msg.Vector3(x=-0.13916015625, y=0.8671875, z=0.2919921875)",[0. 0. 0. 0. 0. 0. 0. 0. 0.],False,30.721969418,"[-0.4093505211213953, -0.19915174450858997, -0.5464313725361343, -0.702981855117971]","[15.8125, -13.4375, -75.8125]","[-0.13916015625, 0.8671875, 0.2919921875]"
30742912455,"std_msgs.msg.Header(stamp=builtin_interfaces.msg.Time(sec=1730344265, nanosec=138855494), frame_id='RU_myo')","geometry_msgs.msg.Quaternion(x=-0.4188476525599687, y=-0.19584469139806784, z=-0.5503058841808594, w=-0.6952517059541256)",[0. 0. 0. 0. 0. 0. 0. 0. 0.],"geometry_msgs.msg.Vector3(x=18.0625, y=-16.1875, z=-72.4375)",[0. 0. 0. 0. 0. 0. 0. 0. 0.],"geometry_msgs.msg.Vector3(x=-0.1640625, y=0.90185546875, z=0.26318359375)",[0. 0. 0. 0. 0. 0. 0. 0. 0.],False,30.742912455,"[-0.4188476525599687, -0.19584469139806784, -0.5503058841808594, -0.6952517059541256]","[18.0625, -16.1875, -72.4375]","[-0.1640625, 0.90185546875, 0.26318359375]"
30759669853,"std_msgs.msg.Header(stamp=builtin_interfaces.msg.Time(sec=1730344265, nanosec=155473213), frame_id='RU_myo')","geometry_msgs.msg.Quaternion(x=-0.42844941411944737, y=-0.19268017099360332, z=-0.5535664082711378, w=-0.6876552063937056)",[0. 0. 0. 0. 0. 0. 0. 0. 0.],"geometry_msgs.msg.Vector3(x=15.375, y=-18.5, z=-71.6875)",[0. 0. 0. 0. 0. 0. 0. 0. 0.],"geometry_msgs.msg.Vector3(x=-0.18603515625, y=0.92626953125, z=0.26416015625)",[0. 0. 0. 0. 0. 0. 0. 0. 0.],False,30.759669853,"[-0.42844941411944737, -0.19268017099360332, -0.5535664082711378, -0.6876552063937056]","[15.375, -18.5, -71.6875]","[-0.18603515625, 0.92626953125, 0.26416015625]"
30781984340,"std_msgs.msg.Header(stamp=builtin_interfaces.msg.Time(sec=1730344265, nanosec=177867547), frame_id='RU_myo')","geometry_msgs.msg.Quaternion(x=-0.4381446151156145, y=-0.18980773826571404, z=-0.5555080494194627, w=-0.6807445378185769)",[0. 0. 0. 0. 0. 0. 0. 0. 0.],"geometry_msgs.msg.Vector3(x=12.0, y=-22.0, z=-66.9375)",[0. 0. 0. 0. 0. 0. 0. 0. 0.],"geometry_msgs.msg.Vector3(x=-0.20654296875, y=0.880859375, z=0.3017578125)",[0. 0. 0. 0. 0. 0. 0. 0. 0.],False,30.78198434,"[-0.4381446151156145, -0.18980773826571404, -0.5555080494194627, -0.6807445378185769]","[12.0, -22.0, -66.9375]","[-0.20654296875, 0.880859375, 0.3017578125]"
30802951543,"std_msgs.msg.Header(stamp=builtin_interfaces.msg.Time(sec=1730344265, nanosec=198826334), frame_id='RU_myo')","geometry_msgs.msg.Quaternion(x=-0.44705497200791605, y=-0.18724432138160907, z=-0.5560570443637028, w=-0.6751903283718191)",[0. 0. 0. 0. 0. 0. 0. 0. 0.],"geometry_msgs.msg.Vector3(x=11.25, y=-21.8125, z=-56.3125)",[0. 0. 0. 0. 0. 0. 0. 0. 0.],"geometry_msgs.msg.Vector3(x=-0.22265625, y=0.7509765625, z=0.3671875)",[0. 0. 0. 0. 0. 0. 0. 0. 0.],False,30.802951543,"[-0.44705497200791605, -0.18724432138160907, -0.5560570443637028, -0.6751903283718191]","[11.25, -21.8125, -56.3125]","[-0.22265625, 0.7509765625, 0.3671875]"
30819227138,"std_msgs.msg.Header(stamp=builtin_interfaces.msg.Time(sec=1730344265, nanosec=215231823), frame_id='RU_myo')","geometry_msgs.msg.Quaternion(x=-0.45407571106570177, y=-0.18547528036675642, z=-0.5575244113689766, w=-0.6697616738219101)",[0. 0. 0. 0. 0. 0. 0. 0. 0.],"geometry_msgs.msg.Vector3(x=14.6875, y=-16.8125, z=-47.0625)",[0. 0. 0. 0. 0. 0. 0. 0. 0.],"geometry_msgs.msg.Vector3(x=-0.22705078125, y=0.7451171875, z=0.3154296875)",[0. 0. 0. 0. 0. 0. 0. 0. 0.],False,30.819227138,"[-0.45407571106570177, -0.18547528036675642, -0.5575244113689766, -0.6697616738219101]","[14.6875, -16.8125, -47.0625]","[-0.22705078125, 0.7451171875, 0.3154296875]"
30842189685,"std_msgs.msg.Header(stamp=builtin_interfaces.msg.Time(sec=1730344265, nanosec=237942754), frame_id='RU_myo')","geometry_msgs.msg.Quaternion(x=-0.4601885925071899, y=-0.18358717324424764, z=-0.5599774981768525, w=-0.6640387117345128)",[0. 0. 0. 0. 0. 0. 0. 0. 0.],"geometry_msgs.msg.Vector3(x=16.3125, y=-12.0, z=-47.25)",[0. 0. 0. 0. 0. 0. 0. 0. 0.],"geometry_msgs.msg.Vector3(x=-0.251953125, y=0.85498046875, z=0.287109375)",[0. 0. 0. 0. 0. 0. 0. 0. 0.],False,30.842189685,"[-0.4601885925071899, -0.18358717324424764, -0.5599774981768525, -0.6640387117345128]","[16.3125, -12.0, -47.25]","[-0.251953125, 0.85498046875, 0.287109375]"
30863776342,"std_msgs.msg.Header(stamp=builtin_interfaces.msg.Time(sec=1730344265, nanosec=259593179), frame_id='RU_myo')","geometry_msgs.msg.Quaternion(x=-0.46623146697879414, y=-0.18200055433050977, z=-0.5633350491182445, w=-0.6573869787705972)",[0. 0. 0. 0. 0. 0. 0. 0. 0.],"geometry_msgs.msg.Vector3(x=23.8125, y=-12.25, z=-46.875)",[0. 0. 0. 0. 0. 0. 0. 0. 0.],"geometry_msgs.msg.Vector3(x=-0.310546875, y=0.865234375, z=0.28515625)",[0. 0. 0. 0. 0. 0. 0. 0. 0.],False,30.863776342,"[-0.46623146697879414, -0.18200055433050977, -0.5633350491182445, -0.6573869787705972]","[23.8125, -12.25, -46.875]","[-0.310546875, 0.865234375, 0.28515625]"
30879346330,"std_msgs.msg.Header(stamp=builtin_interfaces.msg.Time(sec=1730344265, nanosec=275218132), frame_id='RU_myo')","geometry_msgs.msg.Quaternion(x=-0.47208950549123896, y=-0.18279354478943255, z=-0.5666905052987917, w=-0.6500614509356414)",[0. 0. 0. 0. 0. 0. 0. 0. 0.],"geometry_msgs.msg.Vector3(x=33.6875, y=-20.0625, z=-41.9375)",[0. 0. 0. 0. 0. 0. 0. 0. 0.],"geometry_msgs.msg.Vector3(x=-0.27197265625, y=0.80517578125, z=0.2822265625)",[0. 0. 0. 0. 0. 0. 0. 0. 0.],False,30.87934633,"[-0.47208950549123896, -0.18279354478943255, -0.5666905052987917, -0.6500614509356414]","[33.6875, -20.0625, -41.9375]","[-0.27197265625, 0.80517578125, 0.2822265625]"
30901707446,"std_msgs.msg.Header(stamp=builtin_interfaces.msg.Time(sec=1730344265, nanosec=297795152), frame_id='RU_myo')","geometry_msgs.msg.Quaternion(x=-0.4777379142602104, y=-0.1846748759007916, z=-0.568976823537039, w=-0.6433716264858378)",[0. 0. 0. 0. 0. 0. 0. 0. 0.],"geometry_msgs.msg.Vector3(x=33.9375, y=-23.6875, z=-38.875)",[0. 0. 0. 0. 0. 0. 0. 0. 0.],"geometry_msgs.msg.Vector3(x=-0.22705078125, y=0.82373046875, z=0.3291015625)",[0. 0. 0. 0. 0. 0. 0. 0. 0.],False,30.901707446,"[-0.4777379142602104, -0.1846748759007916, -0.568976823537039, -0.6433716264858378]","[33.9375, -23.6875, -38.875]","[-0.22705078125, 0.82373046875, 0.3291015625]"
30922828635,"std_msgs.msg.Header(stamp=builtin_interfaces.msg.Time(sec=1730344265, nanosec=318814236), frame_id='RU_myo')","geometry_msgs.msg.Quaternion(x=-0.48233112668929096, y=-0.1864509163654035, z=-0.5714979970034822, w=-0.6371677796578764)",[0. 0. 0. 0. 0. 0. 0. 0. 0.],"geometry_msgs.msg.Vector3(x=30.625, y=-20.0625, z=-33.4375)",[0. 0. 0. 0. 0. 0. 0. 0. 0.],"geometry_msgs.msg.Vector3(x=-0.26611328125, y=0.88330078125, z=0.28662109375)",[0. 0. 0. 0. 0. 0. 0. 0. 0.],False,30.922828635,"[-0.48233112668929096, -0.1864509163654035, -0.5714979970034822, -0.6371677796578764]","[30.625, -20.0625, -33.4375]","[-0.26611328125, 0.88330078125, 0.28662109375]"
30939348176,"std_msgs.msg.Header(stamp=builtin_interfaces.msg.Time(sec=1730344265, nanosec=335353666), frame_id='RU_myo')","geometry_msgs.msg.Quaternion(x=-0.48721049341254635, y=-0.1875482708576669, z=-0.572898021002577, w=-0.6318539694726409)",[0. 0. 0. 0. 0. 0. 0. 0. 0.],"geometry_msgs.msg.Vector3(x=19.625, y=-23.5, z=-26.3125)",[0. 0. 0. 0. 0. 0. 0. 0. 0.],"geometry_msgs.msg.Vector3(x=-0.34814453125, y=0.8037109375, z=0.232421875)",[0. 0. 0. 0. 0. 0. 0. 0. 0.],False,30.939348176,"[-0.48721049341254635, -0.1875482708576669, -0.572898021002577, -0.6318539694726409]","[19.625, -23.5, -26.3125]","[-0.34814453125, 0.8037109375, 0.232421875]"
30961870259,"std_msgs.msg.Header(stamp=builtin_interfaces.msg.Time(sec=1730344265, nanosec=357845302), frame_id='RU_myo')","geometry_msgs.msg.Quaternion(x=-0.49155231283753864, y=-0.19035903448476324, z=-0.5732132259957987, w=-0.6273486744048994)",[0. 0. 0. 0. 0. 0. 0. 0. 0.],"geometry_msgs.msg.Vector3(x=17.875, y=-29.6875, z=-15.5)",[0. 0. 0. 0. 0. 0. 0. 0. 0.],"geometry_msgs.msg.Vector3(x=-0.3330078125, y=0.75634765625, z=0.20849609375)",[0. 0. 0. 0. 0. 0. 0. 0. 0.],False,30.961870259,"[-0.49155231283753864, -0.19035903448476324, -0.5732132259957987, -0.6273486744048994]","[17.875, -29.6875, -15.5]","[-0.3330078125, 0.75634765625, 0.20849609375]"
30982843561,"std_msgs.msg.Header(stamp=builtin_interfaces.msg.Time(sec=1730344265, nanosec=378806067), frame_id='RU_myo')","geometry_msgs.msg.Quaternion(x=-0.4946106089658907, y=-0.19371841965174447, z=-0.573709245345431, w=-0.6234510575748486)",[0. 0. 0. 0. 0. 0. 0. 0. 0.],"geometry_msgs.msg.Vector3(x=22.3125, y=-24.5625, z=-12.0625)",[0. 0. 0. 0. 0. 0. 0. 0. 0.],"geometry_msgs.msg.Vector3(x=-0.265625, y=0.76025390625, z=0.248046875)",[0. 0. 0. 0. 0. 0. 0. 0. 0.],False,30.982843561,"[-0.4946106089658907, -0.19371841965174447, -0.573709245345431, -0.6234510575748486]","[22.3125, -24.5625, -12.0625]","[-0.265625, 0.76025390625, 0.248046875]"
30999481344,"std_msgs.msg.Header(stamp=builtin_interfaces.msg.Time(sec=1730344265, nanosec=395370583), frame_id='RU_myo')","geometry_msgs.msg.Quaternion(x=-0.49655509132080244, y=-0.19713285950911896, z=-0.5750420440541545, w=-0.6195952909401163)",[0. 0. 0. 0. 0. 0. 0. 0. 0.],"geometry_msgs.msg.Vector3(x=25.125, y=-18.5, z=-8.9375)",[0. 0. 0. 0. 0. 0. 0. 0. 0.],"geometry_msgs.msg.Vector3(x=-0.28466796875, y=0.83056640625, z=0.24462890625)",[0. 0. 0. 0. 0. 0. 0. 0. 0.],False,30.999481344,"[-0.49655509132080244, -0.19713285950911896, -0.5750420440541545, -0.6195952909401163]","[25.125, -18.5, -8.9375]","[-0.28466796875, 0.83056640625, 0.24462890625]"
31021885885,"std_msgs.msg.Header(stamp=builtin_interfaces.msg.Time(sec=1730344265, nanosec=417841605), frame_id='RU_myo')","geometry_msgs.msg.Quaternion(x=-0.49812916863505, y=-0.20152199397610085, z=-0.5763699912508469, w=-0.6156734934073003)",[0. 0. 0. 0. 0. 0. 0. 0. 0.],"geometry_msgs.msg.Vector3(x=28.0, y=-22.75, z=-0.9375)",[0. 0. 0. 0. 0. 0. 0. 0. 0.],"geometry_msgs.msg.Vector3(x=-0.32763671875, y=0.787109375, z=0.2119140625)",[0. 0. 0. 0. 0. 0. 0. 0. 0.],False,31.021885885,"[-0.49812916863505, -0.20152199397610085, -0.5763699912508469, -0.6156734934073003]","[28.0, -22.75, -0.9375]","[-0.32763671875, 0.787109375, 0.2119140625]"
31043031149,"std_msgs.msg.Header(stamp=builtin_interfaces.msg.Time(sec=1730344265, nanosec=438870543), frame_id='RU_myo')","geometry_msgs.msg.Quaternion(x=-0.4991117238899546, y=-0.20774960969936482, z=-0.576682156888748, w=-0.612507368667105)",[0. 0. 0. 0. 0. 0. 0. 0. 0.],"geometry_msgs.msg.Vector3(x=29.375, y=-27.8125, z=9.125)",[0. 0. 0. 0. 0. 0. 0. 0. 0.],"geometry_msgs.msg.Vector3(x=-0.28173828125, y=0.736328125, z=0.22021484375)",[0. 0. 0. 0. 0. 0. 0. 0. 0.],False,31.043031149,"[-0.4991117238899546, -0.20774960969936482, -0.576682156888748, -0.612507368667105]","[29.375, -27.8125, 9.125]","[-0.28173828125, 0.736328125, 0.22021484375]"
31059283657,"std_msgs.msg.Header(stamp=builtin_interfaces.msg.Time(sec=1730344265, nanosec=455228786), frame_id='RU_myo')","geometry_msgs.msg.Quaternion(x=-0.49846660150111616, y=-0.21459637209231353, z=-0.5768345599102546, w=-0.6105254579179216)",[0. 0. 0. 0. 0. 0. 0. 0. 0.],"geometry_msgs.msg.Vector3(x=31.125, y=-22.125, z=17.5625)",[0. 0. 0. 0. 0. 0. 0. 0. 0.],"geometry_msgs.msg.Vector3(x=-0.2412109375, y=0.76611328125, z=0.26025390625)",[0. 0. 0. 0. 0. 0. 0. 0. 0.],False,31.059283657,"[-0.49846660150111616, -0.21459637209231353, -0.5768345599102546, -0.6105254579179216]","[31.125, -22.125, 17.5625]","[-0.2412109375, 0.76611328125, 0.26025390625]"
31082173612,"std_msgs.msg.Header(stamp=builtin_interfaces.msg.Time(sec=1730344265, nanosec=477964956), frame_id='RU_myo')","geometry_msgs.msg.Quaternion(x=-0.49698886577141044, y=-0.22057199568928862, z=-0.5764533755631797, w=-0.6099603001988795)",[0. 0. 0. 0. 0. 0. 0. 0. 0.],"geometry_msgs.msg.Vector3(x=20.625, y=-17.1875, z=22.875)",[0. 0. 0. 0. 0. 0. 0. 0. 0.],"geometry_msgs.msg.Vector3(x=-0.28369140625, y=0.90771484375, z=0.25390625)",[0. 0. 0. 0. 0. 0. 0. 0. 0.],False,31.082173612,"[-0.49698886577141044, -0.22057199568928862, -0.5764533755631797, -0.6099603001988795]","[20.625, -17.1875, 22.875]","[-0.28369140625, 0.90771484375, 0.25390625]"
31102987791,"std_msgs.msg.Header(stamp=builtin_interfaces.msg.Time(sec=1730344265, nanosec=498865101), frame_id='RU_myo')","geometry_msgs.msg.Quaternion(x=-0.49654905337529315, y=-0.22532683198888673, z=-0.5744247407040634, w=-0.6104941225311035)",[0. 0. 0. 0. 0. 0. 0. 0. 0.],"geometry_msgs.msg.Vector3(x=6.5625, y=-19.625, z=19.8125)",[0. 0. 0. 0. 0. 0. 0. 0. 0.],"geometry_msgs.msg.Vector3(x=-0.287109375, y=0.9658203125, z=0.26611328125)",[0. 0. 0. 0. 0. 0. 0. 0. 0.],False,31.102987791,"[-0.49654905337529315, -0.22532683198888673, -0.5744247407040634, -0.6104941225311035]","[6.5625, -19.625, 19.8125]","[-0.287109375, 0.9658203125, 0.26611328125]"
31119288501,"std_msgs.msg.Header(stamp=builtin_interfaces.msg.Time(sec=1730344265, nanosec=515293898), frame_id='RU_myo')","geometry_msgs.msg.Quaternion(x=-0.49661518067581933, y=-0.22929620668539427, z=-0.5717452393475575, w=-0.611476895070792)",[0. 0. 0. 0. 0. 0. 0. 0. 0.],"geometry_msgs.msg.Vector3(x=2.1875, y=-19.25, z=18.4375)",[0. 0. 0. 0. 0. 0. 0. 0. 0.],"geometry_msgs.msg.Vector3(x=-0.2509765625, y=0.83984375, z=0.2783203125)",[0. 0. 0. 0. 0. 0. 0. 0. 0.],False,31.119288501,"[-0.49661518067581933, -0.22929620668539427, -0.5717452393475575, -0.611476895070792]","[2.1875, -19.25, 18.4375]","[-0.2509765625, 0.83984375, 0.2783203125]"
31142335165,"std_msgs.msg.Header(stamp=builtin_interfaces.msg.Time(sec=1730344265, nanosec=538356492), frame_id='RU_myo')","geometry_msgs.msg.Quaternion(x=-0.49563306160723813, y=-0.23374887648759046, z=-0.5685041212746489, w=-0.6136060585394868)",[0. 0. 0. 0. 0. 0. 0. 0. 0.],"geometry_msgs.msg.Vector3(x=-1.8125, y=-17.25, z=26.8125)",[0. 0. 0. 0. 0. 0. 0. 0. 0.],"geometry_msgs.msg.Vector3(x=-0.22412109375, y=0.83203125, z=0.25732421875)",[0. 0. 0. 0. 0. 0. 0. 0. 0.],False,31.142335165,"[-0.49563306160723813, -0.23374887648759046, -0.5685041212746489, -0.6136060585394868]","[-1.8125, -17.25, 26.8125]","[-0.22412109375, 0.83203125, 0.25732421875]"
31162975007,"std_msgs.msg.Header(stamp=builtin_interfaces.msg.Time(sec=1730344265, nanosec=558888891), frame_id='RU_myo')","geometry_msgs.msg.Quaternion(x=-0.4940555571743842, y=-0.23784243438030578, z=-0.5655852808319973, w=-0.6159978676418851)",[0. 0. 0. 0. 0. 0. 0. 0. 0.],"geometry_msgs.msg.Vector3(x=-5.5, y=-14.8125, z=29.1875)",[0. 0. 0. 0. 0. 0. 0. 0. 0.],"geometry_msgs.msg.Vector3(x=-0.28466796875, y=1.01171875, z=0.25244140625)",[0. 0. 0. 0. 0. 0. 0. 0. 0.],False,31.162975007,"[-0.4940555571743842, -0.23784243438030578, -0.5655852808319973, -0.6159978676418851]","[-5.5, -14.8125, 29.1875]","[-0.28466796875, 1.01171875, 0.25244140625]"
31179234261,"std_msgs.msg.Header(stamp=builtin_interfaces.msg.Time(sec=1730344265, nanosec=575296120), frame_id='RU_myo')","geometry_msgs.msg.Quaternion(x=-0.4938182353094267, y=-0.24138562855627024, z=-0.5632127889550599, w=-0.616982887250401)",[0. 0. 0. 0. 0. 0. 0. 0. 0.],"geometry_msgs.msg.Vector3(x=-1.875, y=-17.4375, z=18.6875)",[0. 0. 0. 0. 0. 0. 0. 0. 0.],"geometry_msgs.msg.Vector3(x=-0.2822265625, y=1.0029296875, z=0.2568359375)",[0. 0. 0. 0. 0. 0. 0. 0. 0.],False,31.179234261,"[-0.4938182353094267, -0.24138562855627024, -0.5632127889550599, -0.616982887250401]","[-1.875, -17.4375, 18.6875]","[-0.2822265625, 1.0029296875, 0.2568359375]"
31201952704,"std_msgs.msg.Header(stamp=builtin_interfaces.msg.Time(sec=1730344265, nanosec=597864738), frame_id='RU_myo')","geometry_msgs.msg.Quaternion(x=-0.493811840453496, y=-0.24638714620081117, z=-0.5611914315869355, w=-0.6168528329580378)",[0. 0. 0. 0. 0. 0. 0. 0. 0.],"geometry_msgs.msg.Vector3(x=10.0, y=-22.8125, z=18.375)",[0. 0. 0. 0. 0. 0. 0. 0. 0.],"geometry_msgs.msg.Vector3(x=-0.21142578125, y=0.80078125, z=0.25341796875)",[0. 0. 0. 0. 0. 0. 0. 0. 0.],False,31.201952704,"[-0.493811840453496, -0.24638714620081117, -0.5611914315869355, -0.6168528329580378]","[10.0, -22.8125, 18.375]","[-0.21142578125, 0.80078125, 0.25341796875]"
31223087139,"std_msgs.msg.Header(stamp=builtin_interfaces.msg.Time(sec=1730344265, nanosec=618992632), frame_id='RU_myo')","geometry_msgs.msg.Quaternion(x=-0.49197716142125225, y=-0.2525494968318002, z=-0.5589900535240354, w=-0.6178246873920527)",[0. 0. 0. 0. 0. 0. 0. 0. 0.],"geometry_msgs.msg.Vector3(x=12.875, y=-19.3125, z=30.0)",[0. 0. 0. 0. 0. 0. 0. 0. 0.],"geometry_msgs.msg.Vector3(x=-0.18798828125, y=0.85302734375, z=0.2802734375)",[0. 0. 0. 0. 0. 0. 0. 0. 0.],False,31.223087139,"[-0.49197716142125225, -0.2525494968318002, -0.5589900535240354, -0.6178246873920527]","[12.875, -19.3125, 30.0]","[-0.18798828125, 0.85302734375, 0.2802734375]"
31239749349,"std_msgs.msg.Header(stamp=builtin_interfaces.msg.Time(sec=1730344265, nanosec=635555285), frame_id='RU_myo')","geometry_msgs.msg.Quaternion(x=-0.48958335349212656, y=-0.2576690249867562, z=-0.5570826291044791, w=-0.6193333172822364)",[0. 0. 0. 0. 0. 0. 0. 0. 0.],"geometry_msgs.msg.Vector3(x=9.0625, y=-12.5625, z=30.25)",[0. 0. 0. 0. 0. 0. 0. 0. 0.],"geometry_msgs.msg.Vector3(x=-0.22216796875, y=1.0380859375, z=0.31103515625)",[0. 0. 0. 0. 0. 0. 0. 0. 0.],False,31.239749349,"[-0.48958335349212656, -0.2576690249867562, -0.5570826291044791, -0.6193333172822364]","[9.0625, -12.5625, 30.25]","[-0.22216796875, 1.0380859375, 0.31103515625]"
31261807486,"std_msgs.msg.Header(stamp=builtin_interfaces.msg.Time(sec=1730344265, nanosec=657706669), frame_id='RU_myo')","geometry_msgs.msg.Quaternion(x=-0.4885042775267607, y=-0.2612191788873733, z=-0.5553959177278264, w=-0.6202124523022167)",[0. 0. 0. 0. 0. 0. 0. 0. 0.],"geometry_msgs.msg.Vector3(x=2.9375, y=-12.4375, z=19.25)",[0. 0. 0. 0. 0. 0. 0. 0. 0.],"geometry_msgs.msg.Vector3(x=-0.23583984375, y=1.0625, z=0.28076171875)",[0. 0. 0. 0. 0. 0. 0. 0. 0.],False,31.261807486,"[-0.4885042775267607, -0.2612191788873733, -0.5553959177278264, -0.6202124523022167]","[2.9375, -12.4375, 19.25]","[-0.23583984375, 1.0625, 0.28076171875]"
31282915276,"std_msgs.msg.Header(stamp=builtin_interfaces.msg.Time(sec=1730344265, nanosec=678819325), frame_id='RU_myo')","geometry_msgs.msg.Quaternion(x=-0.48843774858613814, y=-0.26438989464890045, z=-0.5530704582890895, w=-0.6209988869004068)",[0. 0. 0. 0. 0. 0. 0. 0. 0.],"geometry_msgs.msg.Vector3(x=-0.5, y=-15.75, z=15.3125)",[0. 0. 0. 0. 0. 0. 0. 0. 0.],"geometry_msgs.msg.Vector3(x=-0.19775390625, y=0.94140625, z=0.26806640625)",[0. 0. 0. 0. 0. 0. 0. 0. 0.],False,31.282915276,"[-0.48843774858613814, -0.26438989464890045, -0.5530704582890895, -0.6209988869004068]","[-0.5, -15.75, 15.3125]","[-0.19775390625, 0.94140625, 0.26806640625]"
31305434783,"std_msgs.msg.Header(stamp=builtin_interfaces.msg.Time(sec=1730344265, nanosec=701350411), frame_id='RU_myo')","geometry_msgs.msg.Quaternion(x=-0.4879340081886876, y=-0.26749402850419235, z=-0.5501845007906215, w=-0.6226269858087543)",[0. 0. 0. 0. 0. 0. 0. 0. 0.],"geometry_msgs.msg.Vector3(x=-2.625, y=-13.9375, z=18.625)",[0. 0. 0. 0. 0. 0. 0. 0. 0.],"geometry_msgs.msg.Vector3(x=-0.16748046875, y=0.89599609375, z=0.2880859375)",[0. 0. 0. 0. 0. 0. 0. 0. 0.],False,31.305434783,"[-0.4879340081886876, -0.26749402850419235, -0.5501845007906215, -0.6226269858087543]","[-2.625, -13.9375, 18.625]","[-0.16748046875, 0.89599609375, 0.2880859375]"
31329375226,"std_msgs.msg.Header(stamp=builtin_interfaces.msg.Time(sec=1730344265, nanosec=725334787), frame_id='RU_myo')","geometry_msgs.msg.Quaternion(x=-0.4867912608508626, y=-0.27024971201700343, z=-0.5478842964716892, w=-0.6243573970040527)",[0. 0. 0. 0. 0. 0. 0. 0. 0.],"geometry_msgs.msg.Vector3(x=-0.5625, y=-8.875, z=19.8125)",[0. 0. 0. 0. 0. 0. 0. 0. 0.],"geometry_msgs.msg.Vector3(x=-0.17041015625, y=0.91943359375, z=0.30078125)",[0. 0. 0. 0. 0. 0. 0. 0. 0.],False,31.329375226,"[-0.4867912608508626, -0.27024971201700343, -0.5478842964716892, -0.6243573970040527]","[-0.5625, -8.875, 19.8125]","[-0.17041015625, 0.91943359375, 0.30078125]"
31342910778,"std_msgs.msg.Header(stamp=builtin_interfaces.msg.Time(sec=1730344265, nanosec=738809583), frame_id='RU_myo')","geometry_msgs.msg.Quaternion(x=-0.4850807322363646, y=-0.2733003924200353, z=-0.5463566576471988, w=-0.6256979953305498)",[0. 0. 0. 0. 0. 0. 0. 0. 0.],"geometry_msgs.msg.Vector3(x=2.75, y=-7.125, z=20.25)",[0. 0. 0. 0. 0. 0. 0. 0. 0.],"geometry_msgs.msg.Vector3(x=-0.16943359375, y=0.94140625, z=0.2724609375)",[0. 0. 0. 0. 0. 0. 0. 0. 0.],False,31.342910778,"[-0.4850807322363646, -0.2733003924200353, -0.5463566576471988, -0.6256979953305498]","[2.75, -7.125, 20.25]","[-0.16943359375, 0.94140625, 0.2724609375]"
31358768176,"std_msgs.msg.Header(stamp=builtin_interfaces.msg.Time(sec=1730344265, nanosec=754710716), frame_id='RU_myo')","geometry_msgs.msg.Quaternion(x=-0.483618746879817, y=-0.27623150534806307, z=-0.5447729599506873, w=-0.626922232199581)",[0. 0. 0. 0. 0. 0. 0. 0. 0.],"geometry_msgs.msg.Vector3(x=0.375, y=-8.3125, z=19.875)",[0. 0. 0. 0. 0. 0. 0. 0. 0.],"geometry_msgs.msg.Vector3(x=-0.17919921875, y=0.9951171875, z=0.2568359375)",[0. 0. 0. 0. 0. 0. 0. 0. 0.],False,31.358768176,"[-0.483618746879817, -0.27623150534806307, -0.5447729599506873, -0.626922232199581]","[0.375, -8.3125, 19.875]","[-0.17919921875, 0.9951171875, 0.2568359375]"
31381815567,"std_msgs.msg.Header(stamp=builtin_interfaces.msg.Time(sec=1730344265, nanosec=777777996), frame_id='RU_myo')","geometry_msgs.msg.Quaternion(x=-0.48293090678465483, y=-0.27866327819774217, z=-0.5426183106561817, w=-0.6282434922837403)",[0. 0. 0. 0. 0. 0. 0. 0. 0.],"geometry_msgs.msg.Vector3(x=-5.625, y=-10.625, z=16.625)",[0. 0. 0. 0. 0. 0. 0. 0. 0.],"geometry_msgs.msg.Vector3(x=-0.181640625, y=1.0322265625, z=0.2568359375)",[0. 0. 0. 0. 0. 0. 0. 0. 0.],False,31.381815567,"[-0.48293090678465483, -0.27866327819774217, -0.5426183106561817, -0.6282434922837403]","[-5.625, -10.625, 16.625]","[-0.181640625, 1.0322265625, 0.2568359375]"
31404274847,"std_msgs.msg.Header(stamp=builtin_interfaces.msg.Time(sec=1730344265, nanosec=800212484), frame_id='RU_myo')","geometry_msgs.msg.Quaternion(x=-0.4824496025970165, y=-0.28147470805533714, z=-0.5403069363429965, w=-0.6293510818444572)",[0. 0. 0. 0. 0. 0. 0. 0. 0.],"geometry_msgs.msg.Vector3(x=-1.1875, y=-12.5625, z=15.5625)",[0. 0. 0. 0. 0. 0. 0. 0. 0.],"geometry_msgs.msg.Vector3(x=-0.1435546875, y=0.9599609375, z=0.2919921875)",[0. 0. 0. 0. 0. 0. 0. 0. 0.],False,31.404274847,"[-0.4824496025970165, -0.28147470805533714, -0.5403069363429965, -0.6293510818444572]","[-1.1875, -12.5625, 15.5625]","[-0.1435546875, 0.9599609375, 0.2919921875]"
31419186158,"std_msgs.msg.Header(stamp=builtin_interfaces.msg.Time(sec=1730344265, nanosec=815233237), frame_id='RU_myo')","geometry_msgs.msg.Quaternion(x=-0.48142294971626864, y=-0.2843495845243529, z=-0.5384881700490161, w=-0.6304028457935268)",[0. 0. 0. 0. 0. 0. 0. 0. 0.],"geometry_msgs.msg.Vector3(x=1.8125, y=-9.25, z=15.3125)",[0. 0. 0. 0. 0. 0. 0. 0. 0.],"geometry_msgs.msg.Vector3(x=-0.1044921875, y=0.880859375, z=0.26806640625)",[0. 0. 0. 0. 0. 0. 0. 0. 0.],False,31.419186158,"[-0.48142294971626864, -0.2843495845243529, -0.5384881700490161, -0.6304028457935268]","[1.8125, -9.25, 15.3125]","[-0.1044921875, 0.880859375, 0.26806640625]"
31442114170,"std_msgs.msg.Header(stamp=builtin_interfaces.msg.Time(sec=1730344265, nanosec=837938617), frame_id='RU_myo')","geometry_msgs.msg.Quaternion(x=-0.47952488988789865, y=-0.2871534436709384, z=-0.5371997048228693, w=-0.6316765445258687)",[0. 0. 0. 0. 0. 0. 0. 0. 0.],"geometry_msgs.msg.Vector3(x=0.4375, y=-5.3125, z=18.5)",[0. 0. 0. 0. 0. 0. 0. 0. 0.],"geometry_msgs.msg.Vector3(x=-0.11572265625, y=0.97314453125, z=0.23779296875)",[0. 0. 0. 0. 0. 0. 0. 0. 0.],False,31.44211417,"[-0.47952488988789865, -0.2871534436709384, -0.5371997048228693, -0.6316765445258687]","[0.4375, -5.3125, 18.5]","[-0.11572265625, 0.97314453125, 0.23779296875]"
31462916499,"std_msgs.msg.Header(stamp=builtin_interfaces.msg.Time(sec=1730344265, nanosec=858888455), frame_id='RU_myo')","geometry_msgs.msg.Quaternion(x=-0.47763308618480516, y=-0.2905713165507101, z=-0.5360403010428244, w=-0.6325312171248813)",[0. 0. 0. 0. 0. 0. 0. 0. 0.],"geometry_msgs.msg.Vector3(x=2.1875, y=-8.3125, z=18.9375)",[0. 0. 0. 0. 0. 0. 0. 0. 0.],"geometry_msgs.msg.Vector3(x=-0.11572265625, y=1.03369140625, z=0.22607421875)",[0. 0. 0. 0. 0. 0. 0. 0. 0.],False,31.462916499,"[-0.47763308618480516, -0.2905713165507101, -0.5360403010428244, -0.6325312171248813]","[2.1875, -8.3125, 18.9375]","[-0.11572265625, 1.03369140625, 0.22607421875]"
31478311487,"std_msgs.msg.Header(stamp=builtin_interfaces.msg.Time(sec=1730344265, nanosec=874522825), frame_id='RU_myo')","geometry_msgs.msg.Quaternion(x=-0.47658909833145563, y=-0.29386304372723254, z=-0.5347513996132942, w=-0.6328888397614542)",[0. 0. 0. 0. 0. 0. 0. 0. 0.],"geometry_msgs.msg.Vector3(x=1.75, y=-11.5625, z=14.6875)",[0. 0. 0. 0. 0. 0. 0. 0. 0.],"geometry_msgs.msg.Vector3(x=-0.11083984375, y=0.9921875, z=0.216796875)",[0. 0. 0. 0. 0. 0. 0. 0. 0.],False,31.478311487,"[-0.47658909833145563, -0.29386304372723254, -0.5347513996132942, -0.6328888397614542]","[1.75, -11.5625, 14.6875]","[-0.11083984375, 0.9921875, 0.216796875]"
31501703720,"std_msgs.msg.Header(stamp=builtin_interfaces.msg.Time(sec=1730344265, nanosec=897674146), frame_id='RU_myo')","geometry_msgs.msg.Quaternion(x=-0.4762810281053777, y=-0.2964245199266811, z=-0.5326730924274393, w=-0.6336783591514783)",[0. 0. 0. 0. 0. 0. 0. 0. 0.],"geometry_msgs.msg.Vector3(x=-4.6875, y=-12.3125, z=11.625)",[0. 0. 0. 0. 0. 0. 0. 0. 0.],"geometry_msgs.msg.Vector3(x=-0.09130859375, y=0.9609375, z=0.2255859375)",[0. 0. 0. 0. 0. 0. 0. 0. 0.],False,31.50170372,"[-0.4762810281053777, -0.2964245199266811, -0.5326730924274393, -0.6336783591514783]","[-4.6875, -12.3125, 11.625]","[-0.09130859375, 0.9609375, 0.2255859375]"
31524616513,"std_msgs.msg.Header(stamp=builtin_interfaces.msg.Time(sec=1730344265, nanosec=920434590), frame_id='RU_myo')","geometry_msgs.msg.Quaternion(x=-0.47562400399557403, y=-0.29948504909614804, z=-0.5304309275921383, w=-0.6346129081927343)",[0. 0. 0. 0. 0. 0. 0. 0. 0.],"geometry_msgs.msg.Vector3(x=-2.125, y=-12.9375, z=14.9375)",[0. 0. 0. 0. 0. 0. 0. 0. 0.],"geometry_msgs.msg.Vector3(x=-0.07373046875, y=0.91552734375, z=0.23974609375)",[0. 0. 0. 0. 0. 0. 0. 0. 0.],False,31.524616513,"[-0.47562400399557403, -0.29948504909614804, -0.5304309275921383, -0.6346129081927343]","[-2.125, -12.9375, 14.9375]","[-0.07373046875, 0.91552734375, 0.23974609375]"
31538570509,"std_msgs.msg.Header(stamp=builtin_interfaces.msg.Time(sec=1730344265, nanosec=934546361), frame_id='RU_myo')","geometry_msgs.msg.Quaternion(x=-0.47386605612363203, y=-0.30297154850562974, z=-0.5286133323141134, w=-0.6357886020916892)",[0. 0. 0. 0. 0. 0. 0. 0. 0.],"geometry_msgs.msg.Vector3(x=6.9375, y=-8.9375, z=20.1875)",[0. 0. 0. 0. 0. 0. 0. 0. 0.],"geometry_msgs.msg.Vector3(x=-0.06689453125, y=0.939453125, z=0.318359375)",[0. 0. 0. 0. 0. 0. 0. 0. 0.],False,31.538570509,"[-0.47386605612363203, -0.30297154850562974, -0.5286133323141134, -0.6357886020916892]","[6.9375, -8.9375, 20.1875]","[-0.06689453125, 0.939453125, 0.318359375]"
31561892312,"std_msgs.msg.Header(stamp=builtin_interfaces.msg.Time(sec=1730344265, nanosec=957859592), frame_id='RU_myo')","geometry_msgs.msg.Quaternion(x=-0.4716646259850959, y=-0.3055322357248176, z=-0.5275710438684225, w=-0.6370646177578198)",[0. 0. 0. 0. 0. 0. 0. 0. 0.],"geometry_msgs.msg.Vector3(x=3.75, y=-2.4375, z=18.5625)",[0. 0. 0. 0. 0. 0. 0. 0. 0.],"geometry_msgs.msg.Vector3(x=-0.0849609375, y=1.0537109375, z=0.29345703125)",[0. 0. 0. 0. 0. 0. 0. 0. 0.],False,31.561892312,"[-0.4716646259850959, -0.3055322357248176, -0.5275710438684225, -0.6370646177578198]","[3.75, -2.4375, 18.5625]","[-0.0849609375, 1.0537109375, 0.29345703125]"
31584477300,"std_msgs.msg.Header(stamp=builtin_interfaces.msg.Time(sec=1730344265, nanosec=980364533), frame_id='RU_myo')","geometry_msgs.msg.Quaternion(x=-0.4711387737576342, y=-0.3060571179267533, z=-0.5262473634860206, w=-0.6382953930998829)",[0. 0. 0. 0. 0. 0. 0. 0. 0.],"geometry_msgs.msg.Vector3(x=-7.9375, y=-2.0, z=9.1875)",[0. 0. 0. 0. 0. 0. 0. 0. 0.],"geometry_msgs.msg.Vector3(x=-0.1201171875, y=1.099609375, z=0.27001953125)",[0. 0. 0. 0. 0. 0. 0. 0. 0.],False,31.5844773,"[-0.4711387737576342, -0.3060571179267533, -0.5262473634860206, -0.6382953930998829]","[-7.9375, -2.0, 9.1875]","[-0.1201171875, 1.099609375, 0.27001953125]"
31598648313,"std_msgs.msg.Header(stamp=builtin_interfaces.msg.Time(sec=1730344265, nanosec=994605607), frame_id='RU_myo')","geometry_msgs.msg.Quaternion(x=-0.4716344387743319, y=-0.3066722379452663, z=-0.5249130186203453, w=-0.6387326651413248)",[0. 0. 0. 0. 0. 0. 0. 0. 0.],"geometry_msgs.msg.Vector3(x=-5.5, y=-6.375, z=2.75)",[0. 0. 0. 0. 0. 0. 0. 0. 0.],"geometry_msgs.msg.Vector3(x=-0.09033203125, y=0.94970703125, z=0.25634765625)",[0. 0. 0. 0. 0. 0. 0. 0. 0.],False,31.598648313,"[-0.4716344387743319, -0.3066722379452663, -0.5249130186203453, -0.6387326651413248]","[-5.5, -6.375, 2.75]","[-0.09033203125, 0.94970703125, 0.25634765625]"
31627907490,"std_msgs.msg.Header(stamp=builtin_interfaces.msg.Time(sec=1730344266, nanosec=23848644), frame_id='RU_myo')","geometry_msgs.msg.Quaternion(x=-0.4713493510325983, y=-0.30857727810705904, z=-0.5233485284351328, w=-0.639309135318719)",[0. 0. 0. 0. 0. 0. 0. 0. 0.],"geometry_msgs.msg.Vector3(x=-1.3125, y=-8.3125, z=6.9375)",[0. 0. 0. 0. 0. 0. 0. 0. 0.],"geometry_msgs.msg.Vector3(x=-0.025390625, y=0.8095703125, z=0.23095703125)",[0. 0. 0. 0. 0. 0. 0. 0. 0.],False,31.62790749,"[-0.4713493510325983, -0.30857727810705904, -0.5233485284351328, -0.639309135318719]","[-1.3125, -8.3125, 6.9375]","[-0.025390625, 0.8095703125, 0.23095703125]"
31644290678,"std_msgs.msg.Header(stamp=builtin_interfaces.msg.Time(sec=1730344266, nanosec=40239180), frame_id='RU_myo')","geometry_msgs.msg.Quaternion(x=-0.46974649768986604, y=-0.3110689747596787, z=-0.5216218417247349, w=-0.640691013738887)",[0. 0. 0. 0. 0. 0. 0. 0. 0.],"geometry_msgs.msg.Vector3(x=-2.125, y=-6.0, z=17.625)",[0. 0. 0. 0. 0. 0. 0. 0. 0.],"geometry_msgs.msg.Vector3(x=-0.0478515625, y=0.90673828125, z=0.2275390625)",[0. 0. 0. 0. 0. 0. 0. 0. 0.],False,31.644290678,"[-0.46974649768986604, -0.3110689747596787, -0.5216218417247349, -0.640691013738887]","[-2.125, -6.0, 17.625]","[-0.0478515625, 0.90673828125, 0.2275390625]"
31658411424,"std_msgs.msg.Header(stamp=builtin_interfaces.msg.Time(sec=1730344266, nanosec=54524528), frame_id='RU_myo')","geometry_msgs.msg.Quaternion(x=-0.4681126002789401, y=-0.31345845046057835, z=-0.520660833504516, w=-0.6415034604344119)",[0. 0. 0. 0. 0. 0. 0. 0. 0.],"geometry_msgs.msg.Vector3(x=0.9375, y=-5.375, z=16.8125)",[0. 0. 0. 0. 0. 0. 0. 0. 0.],"geometry_msgs.msg.Vector3(x=-0.09326171875, y=1.06103515625, z=0.2509765625)",[0. 0. 0. 0. 0. 0. 0. 0. 0.],False,31.658411424,"[-0.4681126002789401, -0.31345845046057835, -0.520660833504516, -0.6415034604344119]","[0.9375, -5.375, 16.8125]","[-0.09326171875, 1.06103515625, 0.2509765625]"
31682219743,"std_msgs.msg.Header(stamp=builtin_interfaces.msg.Time(sec=1730344266, nanosec=77911928), frame_id='RU_myo')","geometry_msgs.msg.Quaternion(x=-0.46787050232766253, y=-0.31522973447983005, z=-0.5195034849743104, w=-0.6417503694202155)",[0. 0. 0. 0. 0. 0. 0. 0. 0.],"geometry_msgs.msg.Vector3(x=-0.875, y=-8.5, z=9.0)",[0. 0. 0. 0. 0. 0. 0. 0. 0.],"geometry_msgs.msg.Vector3(x=-0.08544921875, y=0.99755859375, z=0.25634765625)",[0. 0. 0. 0. 0. 0. 0. 0. 0.],False,31.682219743,"[-0.46787050232766253, -0.31522973447983005, -0.5195034849743104, -0.6417503694202155]","[-0.875, -8.5, 9.0]","[-0.08544921875, 0.99755859375, 0.25634765625]"
31704482304,"std_msgs.msg.Header(stamp=builtin_interfaces.msg.Time(sec=1730344266, nanosec=100340781), frame_id='RU_myo')","geometry_msgs.msg.Quaternion(x=-0.468294257842126, y=-0.31663112337872407, z=-0.5176686947760867, w=-0.6422338687961283)",[0. 0. 0. 0. 0. 0. 0. 0. 0.],"geometry_msgs.msg.Vector3(x=-5.6875, y=-10.375, z=6.625)",[0. 0. 0. 0. 0. 0. 0. 0. 0.],"geometry_msgs.msg.Vector3(x=-0.064453125, y=0.890625, z=0.24072265625)",[0. 0. 0. 0. 0. 0. 0. 0. 0.],False,31.704482304,"[-0.468294257842126, -0.31663112337872407, -0.5176686947760867, -0.6422338687961283]","[-5.6875, -10.375, 6.625]","[-0.064453125, 0.890625, 0.24072265625]"
31718334575,"std_msgs.msg.Header(stamp=builtin_interfaces.msg.Time(sec=1730344266, nanosec=114431860), frame_id='RU_myo')","geometry_msgs.msg.Quaternion(x=-0.46828458763290237, y=-0.3179672489987516, z=-0.5152778278879961, w=-0.6435022405840378)",[0. 0. 0. 0. 0. 0. 0. 0. 0.],"geometry_msgs.msg.Vector3(x=-9.9375, y=-9.0, z=12.0)",[0. 0. 0. 0. 0. 0. 0. 0. 0.],"geometry_msgs.msg.Vector3(x=-0.0771484375, y=0.94091796875, z=0.2431640625)",[0. 0. 0. 0. 0. 0. 0. 0. 0.],False,31.718334575,"[-0.46828458763290237, -0.3179672489987516, -0.5152778278879961, -0.6435022405840378]","[-9.9375, -9.0, 12.0]","[-0.0771484375, 0.94091796875, 0.2431640625]"
31741776044,"std_msgs.msg.Header(stamp=builtin_interfaces.msg.Time(sec=1730344266, nanosec=137784276), frame_id='RU_myo')","geometry_msgs.msg.Quaternion(x=-0.4679174749906401, y=-0.3194923674939352, z=-0.513445900234284, w=-0.6444774404462189)",[0. 0. 0. 0. 0. 0. 0. 0. 0.],"geometry_msgs.msg.Vector3(x=-4.1875, y=-7.1875, z=10.375)",[0. 0. 0. 0. 0. 0. 0. 0. 0.],"geometry_msgs.msg.Vector3(x=-0.05615234375, y=1.06494140625, z=0.306640625)",[0. 0. 0. 0. 0. 0. 0. 0. 0.],False,31.741776044,"[-0.4679174749906401, -0.3194923674939352, -0.513445900234284, -0.6444774404462189]","[-4.1875, -7.1875, 10.375]","[-0.05615234375, 1.06494140625, 0.306640625]"
31764428985,"std_msgs.msg.Header(stamp=builtin_interfaces.msg.Time(sec=1730344266, nanosec=160321140), frame_id='RU_myo')","geometry_msgs.msg.Quaternion(x=-0.46916232914916334, y=-0.31999714995824946, z=-0.5113362812035502, w=-0.6449990236045737)",[0. 0. 0. 0. 0. 0. 0. 0. 0.],"geometry_msgs.msg.Vector3(x=-5.0, y=-9.8125, z=1.375)",[0. 0. 0. 0. 0. 0. 0. 0. 0.],"geometry_msgs.msg.Vector3(x=-0.0546875, y=0.94921875, z=0.3505859375)",[0. 0. 0. 0. 0. 0. 0. 0. 0.],False,31.764428985,"[-0.46916232914916334, -0.31999714995824946, -0.5113362812035502, -0.6449990236045737]","[-5.0, -9.8125, 1.375]","[-0.0546875, 0.94921875, 0.3505859375]"
31785579665,"std_msgs.msg.Header(stamp=builtin_interfaces.msg.Time(sec=1730344266, nanosec=181428280), frame_id='RU_myo')","geometry_msgs.msg.Quaternion(x=-0.4722684551285821, y=-0.3208471528316046, z=-0.5077892926686228, w=-0.6451121182100171)",[0. 0. 0. 0. 0. 0. 0. 0. 0.],"geometry_msgs.msg.Vector3(x=-16.625, y=-21.8125, z=-1.875)",[0. 0. 0. 0. 0. 0. 0. 0. 0.],"geometry_msgs.msg.Vector3(x=-0.06689453125, y=0.93212890625, z=0.2734375)",[0. 0. 0. 0. 0. 0. 0. 0. 0.],False,31.785579665,"[-0.4722684551285821, -0.3208471528316046, -0.5077892926686228, -0.6451121182100171]","[-16.625, -21.8125, -1.875]","[-0.06689453125, 0.93212890625, 0.2734375]"
31802139987,"std_msgs.msg.Header(stamp=builtin_interfaces.msg.Time(sec=1730344266, nanosec=197989564), frame_id='RU_myo')","geometry_msgs.msg.Quaternion(x=-0.47520182686754436, y=-0.32219245363906585, z=-0.5017511197891192, w=-0.6470093201416437)",[0. 0. 0. 0. 0. 0. 0. 0. 0.],"geometry_msgs.msg.Vector3(x=-36.6875, y=-26.75, z=8.5)",[0. 0. 0. 0. 0. 0. 0. 0. 0.],"geometry_msgs.msg.Vector3(x=-0.05224609375, y=0.982421875, z=0.19287109375)",[0. 0. 0. 0. 0. 0. 0. 0. 0.],False,31.802139987,"[-0.47520182686754436, -0.32219245363906585, -0.5017511197891192, -0.6470093201416437]","[-36.6875, -26.75, 8.5]","[-0.05224609375, 0.982421875, 0.19287109375]"
31824561929,"std_msgs.msg.Header(stamp=builtin_interfaces.msg.Time(sec=1730344266, nanosec=220404834), frame_id='RU_myo')","geometry_msgs.msg.Quaternion(x=-0.4771392210086805, y=-0.32352456006229413, z=-0.49453301456041676, w=-0.650466847980368)",[0. 0. 0. 0. 0. 0. 0. 0. 0.],"geometry_msgs.msg.Vector3(x=-51.25, y=-21.625, z=10.625)",[0. 0. 0. 0. 0. 0. 0. 0. 0.],"geometry_msgs.msg.Vector3(x=0.06982421875, y=1.11181640625, z=0.13818359375)",[0. 0. 0. 0. 0. 0. 0. 0. 0.],False,31.824561929,"[-0.4771392210086805, -0.32352456006229413, -0.49453301456041676, -0.650466847980368]","[-51.25, -21.625, 10.625]","[0.06982421875, 1.11181640625, 0.13818359375]"
31845247146,"std_msgs.msg.Header(stamp=builtin_interfaces.msg.Time(sec=1730344266, nanosec=241373131), frame_id='RU_myo')","geometry_msgs.msg.Quaternion(x=-0.47921298400501067, y=-0.3231575076804039, z=-0.49025953903620106, w=-0.6523570537480334)",[0. 0. 0. 0. 0. 0. 0. 0. 0.],"geometry_msgs.msg.Vector3(x=-16.9375, y=-10.5, z=-1.375)",[0. 0. 0. 0. 0. 0. 0. 0. 0.],"geometry_msgs.msg.Vector3(x=0.025390625, y=1.13916015625, z=0.5087890625)",[0. 0. 0. 0. 0. 0. 0. 0. 0.],False,31.845247146,"[-0.47921298400501067, -0.3231575076804039, -0.49025953903620106, -0.6523570537480334]","[-16.9375, -10.5, -1.375]","[0.025390625, 1.13916015625, 0.5087890625]"
31861784944,"std_msgs.msg.Header(stamp=builtin_interfaces.msg.Time(sec=1730344266, nanosec=257794067), frame_id='RU_myo')","geometry_msgs.msg.Quaternion(x=-0.48203663961439164, y=-0.3202998587865697, z=-0.48606480094821664, w=-0.6548203477364912)",[0. 0. 0. 0. 0. 0. 0. 0. 0.],"geometry_msgs.msg.Vector3(x=-18.625, y=-2.5, z=-6.9375)",[0. 0. 0. 0. 0. 0. 0. 0. 0.],"geometry_msgs.msg.Vector3(x=0.00048828125, y=0.8447265625, z=0.54248046875)",[0. 0. 0. 0. 0. 0. 0. 0. 0.],False,31.861784944,"[-0.48203663961439164, -0.3202998587865697, -0.48606480094821664, -0.6548203477364912]","[-18.625, -2.5, -6.9375]","[0.00048828125, 0.8447265625, 0.54248046875]"
31885839304,"std_msgs.msg.Header(stamp=builtin_interfaces.msg.Time(sec=1730344266, nanosec=281775528), frame_id='RU_myo')","geometry_msgs.msg.Quaternion(x=-0.48263718793702604, y=-0.3190727388131983, z=-0.48373575513263384, w=-0.656699056929995)",[0. 0. 0. 0. 0. 0. 0. 0. 0.],"geometry_msgs.msg.Vector3(x=-16.5, y=2.1875, z=-1.8125)",[0. 0. 0. 0. 0. 0. 0. 0. 0.],"geometry_msgs.msg.Vector3(x=0.04052734375, y=0.81005859375, z=0.3115234375)",[0. 0. 0. 0. 0. 0. 0. 0. 0.],False,31.885839304,"[-0.48263718793702604, -0.3190727388131983, -0.48373575513263384, -0.656699056929995]","[-16.5, 2.1875, -1.8125]","[0.04052734375, 0.81005859375, 0.3115234375]"
31905420658,"std_msgs.msg.Header(stamp=builtin_interfaces.msg.Time(sec=1730344266, nanosec=301393085), frame_id='RU_myo')","geometry_msgs.msg.Quaternion(x=-0.48037520631807856, y=-0.3206570110526216, z=-0.48544078148316566, w=-0.6563276545222484)",[0. 0. 0. 0. 0. 0. 0. 0. 0.],"geometry_msgs.msg.Vector3(x=11.75, y=6.4375, z=1.75)",[0. 0. 0. 0. 0. 0. 0. 0. 0.],"geometry_msgs.msg.Vector3(x=0.05322265625, y=1.06689453125, z=0.3017578125)",[0. 0. 0. 0. 0. 0. 0. 0. 0.],False,31.905420658,"[-0.48037520631807856, -0.3206570110526216, -0.48544078148316566, -0.6563276545222484]","[11.75, 6.4375, 1.75]","[0.05322265625, 1.06689453125, 0.3017578125]"
31922236477,"std_msgs.msg.Header(stamp=builtin_interfaces.msg.Time(sec=1730344266, nanosec=318078792), frame_id='RU_myo')","geometry_msgs.msg.Quaternion(x=-0.4792208210038537, y=-0.3202332714986271, z=-0.48684978211254976, w=-0.6563347821033422)",[0. 0. 0. 0. 0. 0. 0. 0. 0.],"geometry_msgs.msg.Vector3(x=3.0625, y=9.375, z=-3.0)",[0. 0. 0. 0. 0. 0. 0. 0. 0.],"geometry_msgs.msg.Vector3(x=-0.0009765625, y=1.06884765625, z=0.31494140625)",[0. 0. 0. 0. 0. 0. 0. 0. 0.],False,31.922236477,"[-0.4792208210038537, -0.3202332714986271, -0.48684978211254976, -0.6563347821033422]","[3.0625, 9.375, -3.0]","[-0.0009765625, 1.06884765625, 0.31494140625]"
31944226063,"std_msgs.msg.Header(stamp=builtin_interfaces.msg.Time(sec=1730344266, nanosec=340288213), frame_id='RU_myo')","geometry_msgs.msg.Quaternion(x=-0.48082382512425814, y=-0.3182909682689777, z=-0.48552342331346454, w=-0.6570892740908559)",[0. 0. 0. 0. 0. 0. 0. 0. 0.],"geometry_msgs.msg.Vector3(x=-25.625, y=0.0, z=-6.3125)",[0. 0. 0. 0. 0. 0. 0. 0. 0.],"geometry_msgs.msg.Vector3(x=-0.056640625, y=0.88720703125, z=0.1533203125)",[0. 0. 0. 0. 0. 0. 0. 0. 0.],False,31.944226063,"[-0.48082382512425814, -0.3182909682689777, -0.48552342331346454, -0.6570892740908559]","[-25.625, 0.0, -6.3125]","[-0.056640625, 0.88720703125, 0.1533203125]"
31965300485,"std_msgs.msg.Header(stamp=builtin_interfaces.msg.Time(sec=1730344266, nanosec=361313561), frame_id='RU_myo')","geometry_msgs.msg.Quaternion(x=-0.48399595349466307, y=-0.3174354292718465, z=-0.4807611759996798, w=-0.6586739382237583)",[0. 0. 0. 0. 0. 0. 0. 0. 0.],"geometry_msgs.msg.Vector3(x=-45.6875, y=-16.0, z=-2.875)",[0. 0. 0. 0. 0. 0. 0. 0. 0.],"geometry_msgs.msg.Vector3(x=-0.01416015625, y=0.76708984375, z=0.04296875)",[0. 0. 0. 0. 0. 0. 0. 0. 0.],False,31.965300485,"[-0.48399595349466307, -0.3174354292718465, -0.4807611759996798, -0.6586739382237583]","[-45.6875, -16.0, -2.875]","[-0.01416015625, 0.76708984375, 0.04296875]"
31981896726,"std_msgs.msg.Header(stamp=builtin_interfaces.msg.Time(sec=1730344266, nanosec=377940099), frame_id='RU_myo')","geometry_msgs.msg.Quaternion(x=-0.48768691052933744, y=-0.3186351345105332, z=-0.473222913808595, w=-0.6608276645240477)",[0. 0. 0. 0. 0. 0. 0. 0. 0.],"geometry_msgs.msg.Vector3(x=-54.625, y=-30.8125, z=4.3125)",[0. 0. 0. 0. 0. 0. 0. 0. 0.],"geometry_msgs.msg.Vector3(x=0.0341796875, y=0.82421875, z=0.05224609375)",[0. 0. 0. 0. 0. 0. 0. 0. 0.],False,31.981896726,"[-0.48768691052933744, -0.3186351345105332, -0.473222913808595, -0.6608276645240477]","[-54.625, -30.8125, 4.3125]","[0.0341796875, 0.82421875, 0.05224609375]"
32004542707,"std_msgs.msg.Header(stamp=builtin_interfaces.msg.Time(sec=1730344266, nanosec=400457254), frame_id='RU_myo')","geometry_msgs.msg.Quaternion(x=-0.49472141787490814, y=-0.319988205516672, z=-0.46036067789667307, w=-0.6640228258671355)",[0. 0. 0. 0. 0. 0. 0. 0. 0.],"geometry_msgs.msg.Vector3(x=-83.0, y=-53.5625, z=5.5625)",[0. 0. 0. 0. 0. 0. 0. 0. 0.],"geometry_msgs.msg.Vector3(x=0.02587890625, y=0.91943359375, z=0.109375)",[0. 0. 0. 0. 0. 0. 0. 0. 0.],False,32.004542707,"[-0.49472141787490814, -0.319988205516672, -0.46036067789667307, -0.6640228258671355]","[-83.0, -53.5625, 5.5625]","[0.02587890625, 0.91943359375, 0.109375]"
32025664944,"std_msgs.msg.Header(stamp=builtin_interfaces.msg.Time(sec=1730344266, nanosec=421531813), frame_id='RU_myo')","geometry_msgs.msg.Quaternion(x=-0.5084618173007065, y=-0.31773523236916074, z=-0.434612483615212, w=-0.6720289365380001)",[0. 0. 0. 0. 0. 0. 0. 0. 0.],"geometry_msgs.msg.Vector3(x=-158.75, y=-86.1875, z=11.4375)",[0. 0. 0. 0. 0. 0. 0. 0. 0.],"geometry_msgs.msg.Vector3(x=-0.01171875, y=1.1083984375, z=0.00634765625)",[0. 0. 0. 0. 0. 0. 0. 0. 0.],False,32.025664944,"[-0.5084618173007065, -0.31773523236916074, -0.434612483615212, -0.6720289365380001]","[-158.75, -86.1875, 11.4375]","[-0.01171875, 1.1083984375, 0.00634765625]"
32043312347,"std_msgs.msg.Header(stamp=builtin_interfaces.msg.Time(sec=1730344266, nanosec=439264909), frame_id='RU_myo')","geometry_msgs.msg.Quaternion(x=-0.527189226695014, y=-0.3099784767751767, z=-0.39737544049678586, w=-0.6841619855581277)",[0. 0. 0. 0. 0. 0. 0. 0. 0.],"geometry_msgs.msg.Vector3(x=-241.375, y=-103.125, z=11.0625)",[0. 0. 0. 0. 0. 0. 0. 0. 0.],"geometry_msgs.msg.Vector3(x=0.0283203125, y=1.0634765625, z=-0.09765625)",[0. 0. 0. 0. 0. 0. 0. 0. 0.],False,32.043312347,"[-0.527189226695014, -0.3099784767751767, -0.39737544049678586, -0.6841619855581277]","[-241.375, -103.125, 11.0625]","[0.0283203125, 1.0634765625, -0.09765625]"
32064487526,"std_msgs.msg.Header(stamp=builtin_interfaces.msg.Time(sec=1730344266, nanosec=460460272), frame_id='RU_myo')","geometry_msgs.msg.Quaternion(x=-0.5507501172965393, y=-0.2964920290144712, z=-0.3508102475864925, w=-0.6969210537909112)",[0. 0. 0. 0. 0. 0. 0. 0. 0.],"geometry_msgs.msg.Vector3(x=-301.375, y=-117.9375, z=-3.1875)",[0. 0. 0. 0. 0. 0. 0. 0. 0.],"geometry_msgs.msg.Vector3(x=0.115234375, y=0.74365234375, z=0.033203125)",[0. 0. 0. 0. 0. 0. 0. 0. 0.],False,32.064487526,"[-0.5507501172965393, -0.2964920290144712, -0.3508102475864925, -0.6969210537909112]","[-301.375, -117.9375, -3.1875]","[0.115234375, 0.74365234375, 0.033203125]"
32086027737,"std_msgs.msg.Header(stamp=builtin_interfaces.msg.Time(sec=1730344266, nanosec=481944487), frame_id='RU_myo')","geometry_msgs.msg.Quaternion(x=-0.5758138695465563, y=-0.2825058189857985, z=-0.2986176220128564, w=-0.7067222691414013)",[0. 0. 0. 0. 0. 0. 0. 0. 0.],"geometry_msgs.msg.Vector3(x=-317.6875, y=-140.9375, z=-11.125)",[0. 0. 0. 0. 0. 0. 0. 0. 0.],"geometry_msgs.msg.Vector3(x=0.20263671875, y=0.4326171875, z=0.21435546875)",[0. 0. 0. 0. 0. 0. 0. 0. 0.],False,32.086027737,"[-0.5758138695465563, -0.2825058189857985, -0.2986176220128564, -0.7067222691414013]","[-317.6875, -140.9375, -11.125]","[0.20263671875, 0.4326171875, 0.21435546875]"
32101741377,"std_msgs.msg.Header(stamp=builtin_interfaces.msg.Time(sec=1730344266, nanosec=497807702), frame_id='RU_myo')","geometry_msgs.msg.Quaternion(x=-0.5978625192075008, y=-0.27262677350958614, z=-0.24583403709348844, w=-0.7126013448618598)",[0. 0. 0. 0. 0. 0. 0. 0. 0.],"geometry_msgs.msg.Vector3(x=-291.75, y=-158.75, z=-5.5)",[0. 0. 0. 0. 0. 0. 0. 0. 0.],"geometry_msgs.msg.Vector3(x=0.34716796875, y=0.1708984375, z=0.25634765625)",[0. 0. 0. 0. 0. 0. 0. 0. 0.],False,32.101741377,"[-0.5978625192075008, -0.27262677350958614, -0.24583403709348844, -0.7126013448618598]","[-291.75, -158.75, -5.5]","[0.34716796875, 0.1708984375, 0.25634765625]"
32124490436,"std_msgs.msg.Header(stamp=builtin_interfaces.msg.Time(sec=1730344266, nanosec=520370724), frame_id='RU_myo')","geometry_msgs.msg.Quaternion(x=-0.6139273183709475, y=-0.2701304613887875, z=-0.19701335954880392, w=-0.7150584016337629)",[0. 0. 0. 0. 0. 0. 0. 0. 0.],"geometry_msgs.msg.Vector3(x=-231.75, y=-170.75, z=10.1875)",[0. 0. 0. 0. 0. 0. 0. 0. 0.],"geometry_msgs.msg.Vector3(x=0.5, y=-0.00439453125, z=0.4267578125)",[0. 0. 0. 0. 0. 0. 0. 0. 0.],False,32.124490436,"[-0.6139273183709475, -0.2701304613887875, -0.19701335954880392, -0.7150584016337629]","[-231.75, -170.75, 10.1875]","[0.5, -0.00439453125, 0.4267578125]"
32145737413,"std_msgs.msg.Header(stamp=builtin_interfaces.msg.Time(sec=1730344266, nanosec=541736970), frame_id='RU_myo')","geometry_msgs.msg.Quaternion(x=-0.6224147769577252, y=-0.27666269699444673, z=-0.15477974841780653, w=-0.715612204337059)",[0. 0. 0. 0. 0. 0. 0. 0. 0.],"geometry_msgs.msg.Vector3(x=-157.125, y=-178.0, z=33.75)",[0. 0. 0. 0. 0. 0. 0. 0. 0.],"geometry_msgs.msg.Vector3(x=0.6181640625, y=-0.0986328125, z=0.57568359375)",[0. 0. 0. 0. 0. 0. 0. 0. 0.],False,32.145737413,"[-0.6224147769577252, -0.27666269699444673, -0.15477974841780653, -0.715612204337059]","[-157.125, -178.0, 33.75]","[0.6181640625, -0.0986328125, 0.57568359375]"
32161913134,"std_msgs.msg.Header(stamp=builtin_interfaces.msg.Time(sec=1730344266, nanosec=557749328), frame_id='RU_myo')","geometry_msgs.msg.Quaternion(x=-0.6231378223310506, y=-0.29179450818459873, z=-0.11956189950504684, w=-0.7157235301152037)",[0. 0. 0. 0. 0. 0. 0. 0. 0.],"geometry_msgs.msg.Vector3(x=-84.5, y=-182.25, z=60.4375)",[0. 0. 0. 0. 0. 0. 0. 0. 0.],"geometry_msgs.msg.Vector3(x=0.64892578125, y=-0.08984375, z=0.63330078125)",[0. 0. 0. 0. 0. 0. 0. 0. 0.],False,32.161913134,"[-0.6231378223310506, -0.29179450818459873, -0.11956189950504684, -0.7157235301152037]","[-84.5, -182.25, 60.4375]","[0.64892578125, -0.08984375, 0.63330078125]"
32184286954,"std_msgs.msg.Header(stamp=builtin_interfaces.msg.Time(sec=1730344266, nanosec=580313439), frame_id='RU_myo')","geometry_msgs.msg.Quaternion(x=-0.6172754761176777, y=-0.3141305987322214, z=-0.08916743826457654, w=-0.7157807775270045)",[0. 0. 0. 0. 0. 0. 0. 0. 0.],"geometry_msgs.msg.Vector3(x=-29.625, y=-190.875, z=84.6875)",[0. 0. 0. 0. 0. 0. 0. 0. 0.],"geometry_msgs.msg.Vector3(x=0.64501953125, y=0.00390625, z=0.6181640625)",[0. 0. 0. 0. 0. 0. 0. 0. 0.],False,32.184286954,"[-0.6172754761176777, -0.3141305987322214, -0.08916743826457654, -0.7157807775270045]","[-29.625, -190.875, 84.6875]","[0.64501953125, 0.00390625, 0.6181640625]"
32205412486,"std_msgs.msg.Header(stamp=builtin_interfaces.msg.Time(sec=1730344266, nanosec=601345192), frame_id='RU_myo')","geometry_msgs.msg.Quaternion(x=-0.6067272037874263, y=-0.34160065985295496, z=-0.06158210930706299, w=-0.7151214814180942)",[0. 0. 0. 0. 0. 0. 0. 0. 0.],"geometry_msgs.msg.Vector3(x=5.25, y=-202.6875, z=101.5625)",[0. 0. 0. 0. 0. 0. 0. 0. 0.],"geometry_msgs.msg.Vector3(x=0.59423828125, y=0.25830078125, z=0.60546875)",[0. 0. 0. 0. 0. 0. 0. 0. 0.],False,32.205412486,"[-0.6067272037874263, -0.34160065985295496, -0.06158210930706299, -0.7151214814180942]","[5.25, -202.6875, 101.5625]","[0.59423828125, 0.25830078125, 0.60546875]"
32220953747,"std_msgs.msg.Header(stamp=builtin_interfaces.msg.Time(sec=1730344266, nanosec=617069524), frame_id='RU_myo')","geometry_msgs.msg.Quaternion(x=-0.5944034088838964, y=-0.3710214932339261, z=-0.03454485362237246, w=-0.7126249309095775)",[0. 0. 0. 0. 0. 0. 0. 0. 0.],"geometry_msgs.msg.Vector3(x=14.0625, y=-213.5625, z=105.375)",[0. 0. 0. 0. 0. 0. 0. 0. 0.],"geometry_msgs.msg.Vector3(x=0.5234375, y=0.5791015625, z=0.5595703125)",[0. 0. 0. 0. 0. 0. 0. 0. 0.],False,32.220953747,"[-0.5944034088838964, -0.3710214932339261, -0.03454485362237246, -0.7126249309095775]","[14.0625, -213.5625, 105.375]","[0.5234375, 0.5791015625, 0.5595703125]"
32244597058,"std_msgs.msg.Header(stamp=builtin_interfaces.msg.Time(sec=1730344266, nanosec=640431299), frame_id='RU_myo')","geometry_msgs.msg.Quaternion(x=-0.5841447340472671, y=-0.40452526353205376, z=-0.0039060978977144595, w=-0.7036469166054689)",[0. 0. 0. 0. 0. 0. 0. 0. 0.],"geometry_msgs.msg.Vector3(x=7.375, y=-254.6875, z=84.75)",[0. 0. 0. 0. 0. 0. 0. 0. 0.],"geometry_msgs.msg.Vector3(x=0.666015625, y=0.7294921875, z=0.42041015625)",[0. 0. 0. 0. 0. 0. 0. 0. 0.],False,32.244597058,"[-0.5841447340472671, -0.40452526353205376, -0.0039060978977144595, -0.7036469166054689]","[7.375, -254.6875, 84.75]","[0.666015625, 0.7294921875, 0.42041015625]"
32265484120,"std_msgs.msg.Header(stamp=builtin_interfaces.msg.Time(sec=1730344266, nanosec=661457372), frame_id='RU_myo')","geometry_msgs.msg.Quaternion(x=-0.5749994877383299, y=-0.4412133846577207, z=0.03387376241320168, w=-0.6881561643402685)",[0. 0. 0. 0. 0. 0. 0. 0. 0.],"geometry_msgs.msg.Vector3(x=-12.1875, y=-306.875, z=74.4375)",[0. 0. 0. 0. 0. 0. 0. 0. 0.],"geometry_msgs.msg.Vector3(x=0.77734375, y=0.6552734375, z=0.37939453125)",[0. 0. 0. 0. 0. 0. 0. 0. 0.],False,32.26548412,"[-0.5749994877383299, -0.4412133846577207, 0.03387376241320168, -0.6881561643402685]","[-12.1875, -306.875, 74.4375]","[0.77734375, 0.6552734375, 0.37939453125]"
32280862945,"std_msgs.msg.Header(stamp=builtin_interfaces.msg.Time(sec=1730344266, nanosec=677011706), frame_id='RU_myo')","geometry_msgs.msg.Quaternion(x=-0.5643566078348669, y=-0.4772649154610856, z=0.07451924063657105, w=-0.669452539346886)",[0. 0. 0. 0. 0. 0. 0. 0. 0.],"geometry_msgs.msg.Vector3(x=-18.8125, y=-322.6875, z=74.3125)",[0. 0. 0. 0. 0. 0. 0. 0. 0.],"geometry_msgs.msg.Vector3(x=1.103515625, y=0.53955078125, z=0.5439453125)",[0. 0. 0. 0. 0. 0. 0. 0. 0.],False,32.280862945,"[-0.5643566078348669, -0.4772649154610856, 0.07451924063657105, -0.669452539346886]","[-18.8125, -322.6875, 74.3125]","[1.103515625, 0.53955078125, 0.5439453125]"
32304049984,"std_msgs.msg.Header(stamp=builtin_interfaces.msg.Time(sec=1730344266, nanosec=700210319), frame_id='RU_myo')","geometry_msgs.msg.Quaternion(x=-0.5516563738927412, y=-0.5129018880622411, z=0.10863462169809486, w=-0.6486951651848597)",[0. 0. 0. 0. 0. 0. 0. 0. 0.],"geometry_msgs.msg.Vector3(x=11.375, y=-308.9375, z=57.6875)",[0. 0. 0. 0. 0. 0. 0. 0. 0.],"geometry_msgs.msg.Vector3(x=1.138671875, y=0.443359375, z=0.61865234375)",[0. 0. 0. 0. 0. 0. 0. 0. 0.],False,32.304049984,"[-0.5516563738927412, -0.5129018880622411, 0.10863462169809486, -0.6486951651848597]","[11.375, -308.9375, 57.6875]","[1.138671875, 0.443359375, 0.61865234375]"
32326652814,"std_msgs.msg.Header(stamp=builtin_interfaces.msg.Time(sec=1730344266, nanosec=722733391), frame_id='RU_myo')","geometry_msgs.msg.Quaternion(x=-0.5334638604692257, y=-0.5520780324682091, z=0.13866032387439434, w=-0.6256192693822255)",[0. 0. 0. 0. 0. 0. 0. 0. 0.],"geometry_msgs.msg.Vector3(x=55.375, y=-325.6875, z=55.625)",[0. 0. 0. 0. 0. 0. 0. 0. 0.],"geometry_msgs.msg.Vector3(x=0.94580078125, y=0.2607421875, z=0.7607421875)",[0. 0. 0. 0. 0. 0. 0. 0. 0.],False,32.326652814,"[-0.5334638604692257, -0.5520780324682091, 0.13866032387439434, -0.6256192693822255]","[55.375, -325.6875, 55.625]","[0.94580078125, 0.2607421875, 0.7607421875]"
32341026584,"std_msgs.msg.Header(stamp=builtin_interfaces.msg.Time(sec=1730344266, nanosec=737047252), frame_id='RU_myo')","geometry_msgs.msg.Quaternion(x=-0.5165765141875289, y=-0.5899372148082059, z=0.17003570044027122, w=-0.5968338530529118)",[0. 0. 0. 0. 0. 0. 0. 0. 0.],"geometry_msgs.msg.Vector3(x=35.75, y=-340.0, z=40.875)",[0. 0. 0. 0. 0. 0. 0. 0. 0.],"geometry_msgs.msg.Vector3(x=1.27197265625, y=0.53662109375, z=0.56787109375)",[0. 0. 0. 0. 0. 0. 0. 0. 0.],False,32.341026584,"[-0.5165765141875289, -0.5899372148082059, 0.17003570044027122, -0.5968338530529118]","[35.75, -340.0, 40.875]","[1.27197265625, 0.53662109375, 0.56787109375]"
32364359555,"std_msgs.msg.Header(stamp=builtin_interfaces.msg.Time(sec=1730344266, nanosec=760275059), frame_id='RU_myo')","geometry_msgs.msg.Quaternion(x=-0.5066397847394105, y=-0.6207725877104618, z=0.20116669443453764, w=-0.5634620518870301)",[0. 0. 0. 0. 0. 0. 0. 0. 0.],"geometry_msgs.msg.Vector3(x=-12.125, y=-327.5, z=15.5625)",[0. 0. 0. 0. 0. 0. 0. 0. 0.],"geometry_msgs.msg.Vector3(x=1.13916015625, y=0.81591796875, z=0.6376953125)",[0. 0. 0. 0. 0. 0. 0. 0. 0.],False,32.364359555,"[-0.5066397847394105, -0.6207725877104618, 0.20116669443453764, -0.5634620518870301]","[-12.125, -327.5, 15.5625]","[1.13916015625, 0.81591796875, 0.6376953125]"
32385198773,"std_msgs.msg.Header(stamp=builtin_interfaces.msg.Time(sec=1730344266, nanosec=781233698), frame_id='RU_myo')","geometry_msgs.msg.Quaternion(x=-0.49770477629090315, y=-0.6398451103168398, z=0.23417452196544394, w=-0.5367033479708403)",[0. 0. 0. 0. 0. 0. 0. 0. 0.],"geometry_msgs.msg.Vector3(x=-47.0, y=-272.125, z=50.25)",[0. 0. 0. 0. 0. 0. 0. 0. 0.],"geometry_msgs.msg.Vector3(x=1.25732421875, y=0.7294921875, z=0.65771484375)",[0. 0. 0. 0. 0. 0. 0. 0. 0.],False,32.385198773,"[-0.49770477629090315, -0.6398451103168398, 0.23417452196544394, -0.5367033479708403]","[-47.0, -272.125, 50.25]","[1.25732421875, 0.7294921875, 0.65771484375]"
32401324157,"std_msgs.msg.Header(stamp=builtin_interfaces.msg.Time(sec=1730344266, nanosec=797190690), frame_id='RU_myo')","geometry_msgs.msg.Quaternion(x=-0.4916589770877072, y=-0.654121265693402, z=0.25730315881352706, w=-0.5139960160169651)",[0. 0. 0. 0. 0. 0. 0. 0. 0.],"geometry_msgs.msg.Vector3(x=-35.5625, y=-208.75, z=17.6875)",[0. 0. 0. 0. 0. 0. 0. 0. 0.],"geometry_msgs.msg.Vector3(x=1.30419921875, y=0.42431640625, z=0.47119140625)",[0. 0. 0. 0. 0. 0. 0. 0. 0.],False,32.401324157,"[-0.4916589770877072, -0.654121265693402, 0.25730315881352706, -0.5139960160169651]","[-35.5625, -208.75, 17.6875]","[1.30419921875, 0.42431640625, 0.47119140625]"
32424346732,"std_msgs.msg.Header(stamp=builtin_interfaces.msg.Time(sec=1730344266, nanosec=820321127), frame_id='RU_myo')","geometry_msgs.msg.Quaternion(x=-0.4885745235004298, y=-0.665694232082347, z=0.27044018908562206, w=-0.494983058786819)",[0. 0. 0. 0. 0. 0. 0. 0. 0.],"geometry_msgs.msg.Vector3(x=-19.875, y=-154.375, z=-18.8125)",[0. 0. 0. 0. 0. 0. 0. 0. 0.],"geometry_msgs.msg.Vector3(x=1.39208984375, y=0.173828125, z=0.4052734375)",[0. 0. 0. 0. 0. 0. 0. 0. 0.],False,32.424346732,"[-0.4885745235004298, -0.665694232082347, 0.27044018908562206, -0.494983058786819]","[-19.875, -154.375, -18.8125]","[1.39208984375, 0.173828125, 0.4052734375]"
32445372083,"std_msgs.msg.Header(stamp=builtin_interfaces.msg.Time(sec=1730344266, nanosec=841318278), frame_id='RU_myo')","geometry_msgs.msg.Quaternion(x=-0.4877248195089277, y=-0.6729027825160716, z=0.27825521863861863, w=-0.48156035864415464)",[0. 0. 0. 0. 0. 0. 0. 0. 0.],"geometry_msgs.msg.Vector3(x=-15.625, y=-104.6875, z=-21.75)",[0. 0. 0. 0. 0. 0. 0. 0. 0.],"geometry_msgs.msg.Vector3(x=1.38818359375, y=0.25732421875, z=0.52392578125)",[0. 0. 0. 0. 0. 0. 0. 0. 0.],False,32.445372083,"[-0.4877248195089277, -0.6729027825160716, 0.27825521863861863, -0.48156035864415464]","[-15.625, -104.6875, -21.75]","[1.38818359375, 0.25732421875, 0.52392578125]"
32469494761,"std_msgs.msg.Header(stamp=builtin_interfaces.msg.Time(sec=1730344266, nanosec=865374600), frame_id='RU_myo')","geometry_msgs.msg.Quaternion(x=-0.48929127201786515, y=-0.6762314199772914, z=0.27952526204837497, w=-0.47452159659958854)",[0. 0. 0. 0. 0. 0. 0. 0. 0.],"geometry_msgs.msg.Vector3(x=2.6875, y=-70.875, z=-26.625)",[0. 0. 0. 0. 0. 0. 0. 0. 0.],"geometry_msgs.msg.Vector3(x=1.1015625, y=0.43701171875, z=0.43017578125)",[0. 0. 0. 0. 0. 0. 0. 0. 0.],False,32.469494761,"[-0.48929127201786515, -0.6762314199772914, 0.27952526204837497, -0.47452159659958854]","[2.6875, -70.875, -26.625]","[1.1015625, 0.43701171875, 0.43017578125]"
32484318361,"std_msgs.msg.Header(stamp=builtin_interfaces.msg.Time(sec=1730344266, nanosec=880325617), frame_id='RU_myo')","geometry_msgs.msg.Quaternion(x=-0.4861850363932873, y=-0.6820383858517431, z=0.2808106141658944, w=-0.46860767128140346)",[0. 0. 0. 0. 0. 0. 0. 0. 0.],"geometry_msgs.msg.Vector3(x=24.125, y=-69.5625, z=-24.375)",[0. 0. 0. 0. 0. 0. 0. 0. 0.],"geometry_msgs.msg.Vector3(x=0.95849609375, y=0.2373046875, z=0.25439453125)",[0. 0. 0. 0. 0. 0. 0. 0. 0.],False,32.484318361,"[-0.4861850363932873, -0.6820383858517431, 0.2808106141658944, -0.46860767128140346]","[24.125, -69.5625, -24.375]","[0.95849609375, 0.2373046875, 0.25439453125]"
32506755609,"std_msgs.msg.Header(stamp=builtin_interfaces.msg.Time(sec=1730344266, nanosec=902719587), frame_id='RU_myo')","geometry_msgs.msg.Quaternion(x=-0.48288219262742427, y=-0.6913051814826636, z=0.27726665838048387, w=-0.460483587382952)",[0. 0. 0. 0. 0. 0. 0. 0. 0.],"geometry_msgs.msg.Vector3(x=43.4375, y=-70.5, z=-41.5625)",[0. 0. 0. 0. 0. 0. 0. 0. 0.],"geometry_msgs.msg.Vector3(x=0.8154296875, y=0.38818359375, z=0.1904296875)",[0. 0. 0. 0. 0. 0. 0. 0. 0.],False,32.506755609,"[-0.48288219262742427, -0.6913051814826636, 0.27726665838048387, -0.460483587382952]","[43.4375, -70.5, -41.5625]","[0.8154296875, 0.38818359375, 0.1904296875]"
32521403978,"std_msgs.msg.Header(stamp=builtin_interfaces.msg.Time(sec=1730344266, nanosec=917290292), frame_id='RU_myo')","geometry_msgs.msg.Quaternion(x=-0.4799108083960073, y=-0.6999385922275737, z=0.27367672196969306, w=-0.4526285838820794)",[0. 0. 0. 0. 0. 0. 0. 0. 0.],"geometry_msgs.msg.Vector3(x=42.0, y=-71.0, z=-47.875)",[0. 0. 0. 0. 0. 0. 0. 0. 0.],"geometry_msgs.msg.Vector3(x=0.974609375, y=0.365234375, z=0.208984375)",[0. 0. 0. 0. 0. 0. 0. 0. 0.],False,32.521403978,"[-0.4799108083960073, -0.6999385922275737, 0.27367672196969306, -0.4526285838820794]","[42.0, -71.0, -47.875]","[0.974609375, 0.365234375, 0.208984375]"
32544949698,"std_msgs.msg.Header(stamp=builtin_interfaces.msg.Time(sec=1730344266, nanosec=941024556), frame_id='RU_myo')","geometry_msgs.msg.Quaternion(x=-0.4770997289040936, y=-0.7054264636911236, z=0.2703178584260241, w=-0.44908530194145074)",[0. 0. 0. 0. 0. 0. 0. 0. 0.],"geometry_msgs.msg.Vector3(x=40.75, y=-51.4375, z=-39.8125)",[0. 0. 0. 0. 0. 0. 0. 0. 0.],"geometry_msgs.msg.Vector3(x=1.13525390625, y=0.3115234375, z=0.26416015625)",[0. 0. 0. 0. 0. 0. 0. 0. 0.],False,32.544949698,"[-0.4770997289040936, -0.7054264636911236, 0.2703178584260241, -0.44908530194145074]","[40.75, -51.4375, -39.8125]","[1.13525390625, 0.3115234375, 0.26416015625]"
